,  35 .  10 
1936 ,  35 .  53 
1940 ,  35 .  24 
1942 ,  35 .  39 
1942 ,  35 .  82 
1943 ,  34 .  81 
1944 ,  34 .  37 
1944 ,  35 .  82 
1943 ,  35 .  39 
1941 ,  34 .  81 
1938 ,  34 .  81 
1937 ,  34 .   8 
1940 ,  34 .  52 
1944 ,  35 .  10 
1944 ,  35 .  82 
1944 ,  35 .  24 
1942 ,  33 .  50 
1943 ,  33 .  94 
1942 ,  35 .  39 
1942 ,  35 .  82 
1942 ,  34 .  52 
1941 ,  36 .  98 
1942 ,  34 .  37 
1940 ,  35 .  68 
1940 ,  36 .  40 
1939 ,  34 .  23 
1939 ,  34 .   8 
1939 ,  34 .  52 
1938 ,  35 .  39 
1938 ,  34 .  95 
1939 ,  35 .  82 
1937 ,  34 .   8 
1940 ,  33 .  50 
1939 ,  33 .  94 
1938 ,  34 .   8 
1937 ,  34 .  23 
1939 ,  32 .  92 
1939 ,  33 .  94 
1939 ,  35 .  24 
1938 ,  32 .  78 
1937 ,  34 .  23 
1937 ,  34 .  23 
1937 ,  35 .  82 
1939 ,  33 .  36 
1939 ,  33 .  50 
1939 ,  33 .  50 
1940 ,  33 .  94 
1938 ,  33 .  94 
1940 ,  34 .  81 
1939 ,  34 .  52 
1938 ,  34 .  23 
1936 ,  33 .  50 
1938 ,  34 .  81 
1938 ,  34 .  81 
1939 ,  33 .  94 
1937 ,  34 .  81 
1936 ,  35 .  10 
1938 ,  34 .  81 
1937 ,  35 .  39 
1936 ,  34 .  37 
1939 ,  33 .  94 
1937 ,  34 .  52 
1940 ,  35 .  10 
1937 ,  32 .  34 
1938 ,  35 .  10 
1939 ,  35 .  10 
1936 ,  35 .  10 
1938 ,  35 .  39 
1939 ,  34 .  52 
1938 ,  35 .  39 
1938 ,  35 .  68 
1939 ,  34 .  23 
1938 ,  35 .  39 
1938 ,  35 .  68 
1938 ,  35 .  10 
1938 ,  34 .  81 
1937 ,  35 .  10 
1937 ,  34 .   8 
1937 ,  34 .  52 
1936 ,  35 .  10 
1937 ,  34 .  66 
1937 ,  34 .  52 
1935 ,  35 .  39 
1938 ,  34 .  81 
1938 ,  35 .  10 
1938 ,  34 .  81 
1938 ,  34 .   8 
1938 ,  35 .  97 
1939 ,  34 .  52 
1938 ,  35 .  10 
1938 ,  35 .  24 
1933 ,  35 .  10 
1937 ,  34 .  52 
1937 ,  34 .  81 
1938 ,  35 .  39 
1939 ,  35 .  10 
1939 ,  34 .  81 
1937 ,  33 .  94 
1937 ,  35 .  39 
1937 ,  35 .  39 
1936 ,  35 .  39 
1940 ,  35 .  10 
1936 ,  35 .  39 
1937 ,  34 .  81 
1938 ,  34 .  23 
1940 ,  35 .  10 
1936 ,  35 .  10 
1939 ,  35 .  68 
1938 ,  35 .  10 
1938 ,  35 .  10 
1938 ,  35 .  39 
1938 ,  36 .  26 
1936 ,  35 .  10 
1938 ,  34 .  52 
1939 ,  35 .  68 
1938 ,  35 .  68 
1941 ,  35 .  24 
1935 ,  35 .  39 
1935 ,  35 .  39 
1933 ,  33 .  94 
1937 ,  35 .  39 
1939 ,  34 .  23 
1940 ,  35 .  39 
1936 ,  34 .  66 
1937 ,  34 .  52 
1939 ,  34 .  52 
1936 ,  35 .  39 
1936 ,  34 .  81 
1938 ,  35 .  68 
1938 ,  35 .  24 
1937 ,  34 .   8 
1938 ,  36 .  26 
1938 ,  35 .  24 
1937 ,  35 .  10 
1939 ,  34 .  95 
1939 ,  35 .  39 
1940 ,  34 .  52 
1939 ,  34 .  23 
1940 ,  33 .  36 
1938 ,  33 .  94 
1936 ,  33 .  50 
1939 ,  34 .  23 
1939 ,  34 .  37 
1941 ,  34 .  52 
1940 ,  34 .   8 
1941 ,  34 .  52 
1942 ,  35 .  10 
1942 ,  34 .  95 
1942 ,  34 .  52 
1944 ,  35 .  10 
1944 ,  35 .  10 
1941 ,  34 .   8 
1942 ,  34 .  66 
1943 ,  34 .  66 
1945 ,  34 .  81 
1946 ,  35 .  10 
1947 ,  33 .  94 
1947 ,  35 .  24 
1947 ,  34 .  37 
1947 ,  33 .  21 
1948 ,  33 .   7 
1952 ,  33 .  50 
1950 ,  35 .  10 
1948 ,  33 .  50 
1946 ,  32 .  78 
1945 ,  33 .  36 
1946 ,  34 .  81 
1945 ,  33 .  36 
1943 ,  34 .  23 
1941 ,  34 .  52 
1940 ,  34 .  66 
1939 ,  34 .  23 
1937 ,  34 .  23 
1938 ,  33 .   7 
1939 ,  34 .  81 
1937 ,  34 .   8 
1933 ,  34 .   8 
1935 ,  33 .  50 
1937 ,  34 .  52 
1933 ,  33 .  50 
1933 ,  33 .  50 
1935 ,  33 .  50 
1934 ,  34 .  81 
1932 ,  33 .  94 
1933 ,  34 .  23 
1933 ,  33 .  50 
1933 ,  34 .  52 
1934 ,  33 .   7 
1931 ,  35 .  39 
1934 ,  34 .  23 
1931 ,  34 .  23 
1932 ,  34 .  81 
1931 ,  33 .  50 
1933 ,  33 .  94 
1933 ,  34 .  52 
1932 ,  33 .  50 
1934 ,  33 .  94 
1934 ,  33 .  36 
1936 ,  34 .  52 
1933 ,  33 .  94 
1933 ,  33 .  50 
1934 ,  34 .  23 
1934 ,  34 .  81 
1933 ,  34 .  52 
1933 ,  33 .  50 
1933 ,  33 .  65 
1933 ,  34 .  81 
1933 ,  34 .  52 
1934 ,  33 .  50 
1935 ,  33 .  50 
1932 ,  35 .  53 
1933 ,  34 .  81 
1932 ,  34 .  52 
1932 ,  34 .   8 
1931 ,  34 .  66 
1934 ,  34 .  66 
1933 ,  33 .  50 
1932 ,  34 .  23 
1934 ,  34 .  23 
1934 ,  34 .  52 
1934 ,  34 .   8 
1932 ,  35 .  10 
1950 ,  34 .  81 
1934 ,  32 .  34 
1933 ,  34 .  81 
1934 ,  35 .  10 
1934 ,  33 .  94 
1932 ,  34 .  66 
1933 ,  34 .   8 
1932 ,  34 .  52 
1931 ,  34 .  52 
1933 ,  33 .  94 
1934 ,  34 .  81 
1933 ,  34 .  23 
1929 ,  34 .   8 
1932 ,  35 .  82 
1934 ,  34 .  52 
1934 ,  35 .  10 
1934 ,  34 .  23 
1932 ,  34 .  81 
1932 ,  34 .  23 
1932 ,  34 .   8 
1932 ,  33 .  94 
1932 ,  34 .  81 
1931 ,  33 .  94 
1931 ,  33 .  50 
1932 ,  34 .  23 
1932 ,  34 .  52 
1931 ,  34 .  52 
1932 ,  34 .   8 
1933 ,  33 .  94 
1932 ,  34 .  37 
1930 ,  33 .  21 
1932 ,  34 .  81 
1934 ,  33 .  36 
1933 ,  34 .  52 
1932 ,  34 .  37 
1932 ,  34 .  52 
1933 ,  33 .   7 
1932 ,  34 .  95 
1931 ,  34 .  52 
1935 ,  34 .  81 
1932 ,  34 .  52 
1931 ,  33 .  36 
1932 ,  34 .  37 
1933 ,  34 .  23 
1932 ,  35 .  82 
1932 ,  34 .  52 
1933 ,  34 .  23 
1931 ,  33 .  50 
1930 ,  34 .  52 
1932 ,  36 .  55 
1931 ,  34 .  81 
1932 ,  31 .  62 
1932 ,  33 .  94 
1934 ,  34 .  52 
1931 ,  34 .   8 
1932 ,  33 .  50 
1931 ,  32 .  20 
1934 ,  33 .  36 
1929 ,  34 .  66 
1933 ,  33 .  36 
1932 ,  32 .  78 
1934 ,  34 .  23 
1931 ,  35 .  10 
1934 ,  33 .  50 
1932 ,  33 .  50 
1932 ,  33 .  50 
1930 ,  34 .  52 
1932 ,  33 .  50 
1933 ,  33 .   7 
1934 ,  34 .  23 
1931 ,  33 .  94 
1934 ,  33 .  50 
1933 ,  33 .  50 
1934 ,  33 .  36 
1934 ,  34 .  81 
1933 ,  33 .  50 
1933 ,  33 .  94 
1933 ,  34 .  52 
1932 ,  34 .  23 
1933 ,  33 .  50 
1934 ,  34 .  52 
1934 ,  34 .  81 
1929 ,  33 .  50 
1933 ,  35 .  10 
1932 ,  34 .  37 
1929 ,  33 .  50 
1930 ,  34 .  52 
1932 ,  34 .  52 
1933 ,  33 .  50 
1935 ,  33 .  94 
1932 ,  34 .  52 
1934 ,  34 .   8 
1933 ,  33 .  50 
1933 ,  34 .  52 
1929 ,  34 .   8 
1932 ,  33 .  94 
1933 ,  33 .  50 
1933 ,  34 .  23 
1933 ,  33 .   7 
1932 ,  34 .  81 
1934 ,  34 .  52 
1930 ,  33 .  50 
1931 ,  34 .  66 
1933 ,  34 .   8 
1933 ,  33 .  94 
1934 ,  35 .  68 
1931 ,  34 .  81 
1933 ,  33 .  94 
1935 ,  34 .   8 
1934 ,  34 .  81 
1931 ,  34 .  52 
1931 ,  34 .   8 
1934 ,  33 .  50 
1934 ,  34 .  81 
1931 ,  34 .  52 
1933 ,  34 .  23 
1936 ,  34 .  23 
1930 ,  34 .  66 
1929 ,  34 .  52 
1932 ,  34 .  52 
1932 ,  34 .  23 
1932 ,  33 .  50 
1932 ,  34 .  37 
1934 ,  34 .  81 
1923 ,  34 .  81 
1928 ,  34 .  23 
1925 ,  34 .  81 
1934 ,  34 .  52 
1933 ,  34 .  52 
1930 ,  33 .  94 
1931 ,  34 .  81 
1932 ,  33 .  94 
1932 ,  34 .  66 
1933 ,  34 .  81 
1930 ,  34 .  23 
1934 ,  35 .  39 
1934 ,  34 .  23 
1930 ,  35 .  10 
1930 ,  33 .  94 
1930 ,  33 .  94 
1929 ,  34 .  66 
1932 ,  34 .  66 
1931 ,  33 .  94 
1932 ,  34 .  23 
1930 ,  34 .   8 
1934 ,  35 .  68 
1930 ,  34 .  81 
1932 ,  34 .  52 
1932 ,  34 .  52 
1931 ,  35 .  10 
1929 ,  34 .  66 
1929 ,  34 .   8 
1932 ,  34 .  52 
1931 ,  34 .  66 
1930 ,  34 .  81 
1934 ,  34 .  81 
1932 ,  34 .  52 
1932 ,  35 .  68 
1929 ,  34 .   8 
1932 ,  34 .  81 
1931 ,  34 .   8 
1932 ,  34 .  95 
1930 ,  34 .  66 
1931 ,  35 .  10 
1931 ,  35 .  39 
1934 ,  34 .  81 
1929 ,  34 .  52 
1933 ,  35 .  24 
1932 ,  34 .  52 
1929 ,  34 .  23 
1930 ,  34 .  52 
1933 ,  34 .  23 
1933 ,  34 .   8 
1934 ,  34 .   8 
1932 ,  33 .  94 
1932 ,  34 .  52 
1931 ,  35 .  10 
1932 ,  34 .  81 
1930 ,  33 .  94 
1932 ,  33 .  50 
1929 ,  33 .  50 
1930 ,  33 .   7 
1934 ,  33 .  36 
1930 ,  33 .  50 
1932 ,  32 .  92 
1930 ,  35 .  68 
1931 ,  33 .  50 
1932 ,  33 .  50 
1932 ,  33 .  36 
1932 ,  33 .  50 
1931 ,  34 .  23 
1934 ,  33 .  36 
1932 ,  34 .  52 
1931 ,  33 .  94 
1929 ,  33 .  50 
1932 ,  33 .  50 
1934 ,  34 .  52 
1930 ,  34 .  52 
1931 ,  33 .  50 
1931 ,  33 .  94 
1930 ,  34 .   8 
1932 ,  34 .  52 
1929 ,  35 .  10 
1931 ,  34 .  81 
1932 ,  34 .   8 
1930 ,  34 .  37 
1929 ,  34 .   8 
1934 ,  34 .  81 
1930 ,  34 .   8 
1932 ,  33 .  94 
1931 ,  35 .  24 
1932 ,  34 .   8 
1930 ,  34 .  66 
1933 ,  33 .  94 
1930 ,  35 .  10 
1930 ,  34 .  81 
1930 ,  34 .   8 
1932 ,  34 .  81 
1933 ,  35 .  10 
1932 ,  33 .  94 
1929 ,  33 .  50 
1932 ,  34 .  23 
1931 ,  32 .  92 
1932 ,  34 .  52 
1935 ,  34 .  81 
1929 ,  35 .  10 
1928 ,  33 .  50 
1932 ,  34 .  52 
1932 ,  34 .  52 
1931 ,  33 .  94 
1929 ,  33 .  36 
1934 ,  34 .  81 
1930 ,  34 .  81 
1930 ,  35 .  10 
1930 ,  34 .  52 
1930 ,  35 .  10 
1930 ,  34 .  81 
1936 ,  34 .  66 
1929 ,  34 .  66 
1929 ,  34 .  52 
1931 ,  34 .  52 
1929 ,  34 .  95 
1930 ,  34 .  23 
1932 ,  34 .  95 
1924 ,  35 .  10 
1916 ,  34 .  81 
1929 ,  35 .  10 
1932 ,  35 .  10 
1930 ,  35 .  68 
1933 ,  35 .  10 
1930 ,  34 .  52 
1934 ,  35 .  10 
1934 ,  35 .  10 
1931 ,  34 .   8 
1929 ,  33 .  36 
1930 ,  35 .  10 
1931 ,  33 .  50 
1931 ,  34 .  81 
1929 ,  34 .  23 
1932 ,  34 .  81 
1932 ,  34 .  81 
1931 ,  34 .  52 
1927 ,  34 .  81 
1931 ,  34 .  81 
1933 ,  35 .  10 
1931 ,  34 .  52 
1930 ,  34 .  81 
1931 ,  34 .  52 
1930 ,  34 .  23 
1929 ,  34 .  66 
1929 ,  34 .  66 
1931 ,  34 .  37 
1932 ,  34 .  52 
1931 ,  34 .  23 
1931 ,  34 .   8 
1932 ,  35 .  39 
1934 ,  34 .  52 
1934 ,  35 .  10 
1931 ,  34 .  23 
1934 ,  34 .  81 
1929 ,  34 .  81 
1931 ,  34 .  81 
1931 ,  35 .  24 
1932 ,  34 .   8 
1931 ,  35 .  10 
1932 ,  35 .  39 
1934 ,  35 .  10 
1930 ,  35 .  10 
1934 ,  36 .  98 
1929 ,  34 .  66 
1931 ,  35 .  24 
1930 ,  34 .  66 
1930 ,  34 .   8 
1931 ,  33 .  94 
1929 ,  34 .  66 
1929 ,  34 .  66 
1932 ,  35 .  82 
1931 ,  33 .  36 
1933 ,  34 .  52 
1930 ,  33 .  65 
1931 ,  33 .  94 
1930 ,  33 .  36 
1931 ,  33 .   7 
1932 ,  34 .  81 
1932 ,  33 .  36 
1929 ,  33 .  36 
1930 ,  33 .  50 
1932 ,  34 .   8 
1931 ,  33 .  50 
1931 ,  34 .  52 
1930 ,  35 .  68 
1931 ,  34 .  23 
1932 ,  34 .  52 
1931 ,  34 .  23 
1934 ,  34 .  52 
1932 ,  34 .  23 
1930 ,  34 .  52 
1931 ,  34 .  52 
1931 ,  34 .  23 
1931 ,  34 .  23 
1932 ,  34 .  23 
1930 ,  34 .  23 
1932 ,  34 .  52 
1934 ,  34 .  81 
1929 ,  34 .  66 
1929 ,  33 .  50 
1925 ,  34 .   8 
1932 ,  34 .  52 
1930 ,  34 .  81 
1929 ,  33 .  36 
1930 ,  34 .  81 
1932 ,  34 .  66 
1929 ,  34 .   8 
1929 ,  33 .  94 
1930 ,  33 .  94 
1932 ,  35 .  10 
1930 ,  34 .  81 
1929 ,  34 .  66 
1930 ,  33 .  50 
1930 ,  34 .  81 
1934 ,  34 .  81 
1933 ,  34 .  23 
1935 ,  34 .   8 
1933 ,  34 .  52 
1933 ,  34 .  81 
1935 ,  34 .  81 
1929 ,  35 .  39 
1935 ,  33 .  50 
1935 ,  34 .  81 
1936 ,  34 .  81 
1935 ,  33 .   7 
1937 ,  35 .  10 
1937 ,  34 .  66 
1937 ,  35 .  39 
1938 ,  34 .  81 
1939 ,  35 .  10 
1938 ,  35 .  24 
1936 ,  34 .  66 
1937 ,  34 .  66 
1936 ,  35 .  10 
1938 ,  34 .  66 
1941 ,  35 .  53 
1940 ,  35 .  10 
1941 ,  35 .  10 
1943 ,  34 .  52 
1948 ,  34 .  52 
1936 ,  34 .  23 
1945 ,  33 .  94 
1944 ,  34 .  66 
1944 ,  34 .  81 
1941 ,  34 .  52 
1943 ,  34 .  52 
1949 ,  34 .  52 
1949 ,  34 .  23 
1947 ,  35 .  24 
1948 ,  33 .  50 
1950 ,  34 .  23 
1950 ,  34 .  95 
1950 ,  34 .   8 
1950 ,  34 .  52 
1949 ,  34 .  37 
1950 ,  34 .  52 
1948 ,  34 .  52 
1949 ,  35 .  53 
1952 ,  34 .  52 
1952 ,  34 .  81 
1953 ,  35 .  10 
1954 ,  34 .  52 
1956 ,  35 .  24 
1959 ,  35 .  10 
1968 ,  35 .  10 
1972 ,  35 .  39 
1970 ,  35 .  39 
1979 ,  35 .  68 
1986 ,  35 .  39 
2001 ,  34 .  81 
2014 ,  35 .  39 
2008 ,  36 .  26 
1998 ,  36 .  26 
1998 ,  35 .  68 
1999 ,  35 .  82 
2000 ,  36 .  40 
1997 ,  35 .  68 
1997 ,  35 .  39 
1998 ,  35 .  68 
1996 ,  35 .  39 
1999 ,  36 .  55 
1999 ,  35 .  68 
2000 ,  36 .  69 
2000 ,  36 .  84 
1999 ,  35 .  68 
2000 ,  36 .  98 
2002 ,  36 .  40 
2002 ,  34 .  52 
1998 ,  36 .  26 
2000 ,  36 .  84 
1999 ,  36 .  11 
1998 ,  35 .  82 
1996 ,  33 .  94 
1998 ,  34 .  81 
1997 ,  34 .  81 
1996 ,  34 .  81 
1998 ,  35 .  10 
1996 ,  35 .  10 
1996 ,  35 .  24 
1996 ,  34 .  81 
1995 ,  35 .  68 
1996 ,  35 .  39 
1995 ,  35 .  39 
1995 ,  35 .  10 
1994 ,  35 .  39 
1996 ,  35 .  68 
1998 ,  35 .  68 
1998 ,  35 .  68 
1998 ,  35 .  39 
1998 ,  35 .  82 
1999 ,  35 .  24 
1998 ,  35 .  10 
1995 ,  35 .  68 
1996 ,  35 .  68 
1995 ,  35 .  53 
1997 ,  35 .  82 
1994 ,  35 .  68 
1994 ,  35 .  82 
1994 ,  35 .  24 
1993 ,  35 .  82 
1991 ,  35 .  10 
1993 ,  35 .  53 
1992 ,  35 .  68 
1992 ,  36 .  55 
1990 ,  35 .  68 
1990 ,  36 .  26 
1992 ,  35 .  68 
1987 ,  35 .  24 
1988 ,  36 .  55 
1991 ,  35 .  68 
1989 ,  35 .  24 
1990 ,  35 .  97 
1988 ,  35 .  82 
1988 ,  35 .  82 
1991 ,  34 .  81 
1990 ,  35 .  68 
1990 ,  35 .  82 
1989 ,  35 .  82 
1989 ,  35 .  68 
1989 ,  35 .  68 
1989 ,  35 .  39 
1989 ,  35 .  39 
1989 ,  34 .  52 
1992 ,  36 .  84 
1989 ,  36 .  40 
1990 ,  35 .  68 
1993 ,  35 .  82 
1989 ,  35 .  68 
1988 ,  35 .  68 
1991 ,  35 .  82 
1983 ,  35 .  82 
1986 ,  36 .  26 
1988 ,  35 .  68 
1989 ,  35 .  24 
1989 ,  35 .  82 
1994 ,  36 .  55 
1990 ,  35 .  82 
1990 ,  35 .  24 
1990 ,  35 .  24 
2004 ,  36 .  26 
1990 ,  35 .  82 
1999 ,  35 .  53 
1990 ,  35 .  53 
1991 ,  36 .  26 
1990 ,  35 .  97 
1991 ,  36 .  26 
1989 ,  36 .  84 
1989 ,  35 .  82 
1989 ,  36 .  26 
1992 ,  36 .  84 
1992 ,  35 .  82 
1988 ,  35 .  82 
1989 ,  35 .  10 
1990 ,  35 .  82 
1989 ,  35 .  82 
1992 ,  35 .  39 
1990 ,  35 .  82 
1990 ,  36 .  26 
1989 ,  35 .  10 
1989 ,  35 .  82 
1987 ,  34 .  66 
1988 ,  34 .  81 
1992 ,  35 .  82 
1992 ,  35 .  24 
1989 ,  35 .  68 
1989 ,  35 .  82 
1989 ,  36 .  55 
1990 ,  35 .  68 
1989 ,  35 .  82 
1992 ,  36 .  55 
1990 ,  35 .  68 
1992 ,  36 .  55 
1990 ,  36 .  55 
1992 ,  36 .  84 
1991 ,  35 .  10 
1992 ,  34 .  81 
1989 ,  35 .  53 
1991 ,  35 .  10 
1989 ,  35 .  68 
1991 ,  35 .  82 
1993 ,  35 .  39 
1992 ,  36 .  55 
1990 ,  36 .  69 
1992 ,  34 .  23 
1990 ,  35 .  82 
1990 ,  36 .  84 
1989 ,  35 .  53 
1989 ,  36 .  11 
1988 ,  35 .  24 
1990 ,  35 .  68 
1992 ,  36 .  55 
1990 ,  36 .  55 
1990 ,  35 .  68 
1992 ,  35 .  68 
1991 ,  34 .  81 
1989 ,  35 .  10 
1989 ,  36 .  40 
1988 ,  34 .  81 
1988 ,  34 .  52 
1989 ,  33 .  36 
1989 ,  36 .  26 
1988 ,  35 .  10 
1990 ,  33 .  36 
1992 ,  35 .  82 
1990 ,  36 .  26 
1991 ,  35 .  10 
1992 ,  35 .  24 
1993 ,  34 .  95 
1991 ,  35 .  39 
1991 ,  36 .  26 
1991 ,  34 .  95 
1991 ,  35 .  10 
1988 ,  35 .  82 
1988 ,  34 .  95 
1990 ,  34 .  95 
1990 ,  35 .  10 
1988 ,  35 .  39 
1991 ,  35 .  82 
1992 ,  35 .  39 
1990 ,  35 .  82 
1990 ,  36 .  26 
1990 ,  35 .  10 
1991 ,  35 .  39 
1989 ,  35 .  10 
1988 ,  35 .  82 
1991 ,  35 .  39 
1989 ,  35 .  39 
1989 ,  35 .  39 
1989 ,  35 .  10 
1990 ,  34 .  81 
1992 ,  35 .  82 
1988 ,  35 .  82 
1986 ,  35 .  82 
1990 ,  35 .  39 
1990 ,  35 .  24 
1994 ,  36 .  26 
1990 ,  34 .  81 
1991 ,  34 .  95 
1989 ,  35 .  10 
1989 ,  35 .  10 
1989 ,  35 .  39 
1991 ,  36 .  26 
1990 ,  35 .  82 
1992 ,  35 .  68 
1991 ,  35 .  10 
1992 ,  35 .  68 
1992 ,  35 .  68 
1993 ,  35 .  68 
1992 ,  35 .  82 
1991 ,  35 .  82 
1991 ,  35 .  68 
1981 ,  36 .  26 
1988 ,  33 .  94 
1992 ,  35 .  68 
1990 ,  35 .  68 
1992 ,  36 .  55 
1990 ,  35 .  82 
1990 ,  35 .  82 
1989 ,  36 .  55 
1989 ,  35 .  82 
1969 ,  35 .  10 
1987 ,  36 .  55 
1989 ,  35 .  24 
1990 ,  35 .  68 
1987 ,  36 .  26 
1990 ,  35 .  82 
1988 ,  35 .  82 
1987 ,  35 .  53 
1984 ,  36 .  55 
1990 ,  35 .  10 
1984 ,  35 .  82 
1987 ,  35 .  39 
1984 ,  35 .  82 
1986 ,  35 .  24 
1985 ,  35 .  24 
1986 ,  35 .  97 
1984 ,  35 .  82 
1985 ,  35 .  68 
1984 ,  35 .  53 
1983 ,  35 .  53 
1982 ,  36 .  26 
1986 ,  36 .  26 
1986 ,  35 .  82 
1984 ,  35 .  68 
1985 ,  35 .  82 
1984 ,  35 .  68 
1985 ,  35 .  68 
1984 ,  35 .  68 
1983 ,  35 .  10 
1985 ,  35 .  24 
1986 ,  35 .  68 
1986 ,  36 .  55 
1984 ,  35 .  82 
1986 ,  35 .  10 
1987 ,  36 .  40 
1984 ,  36 .  26 
1983 ,  35 .  82 
1985 ,  35 .  82 
1981 ,  35 .  68 
1985 ,  35 .  10 
1983 ,  35 .  82 
1986 ,  36 .  26 
1986 ,  35 .  82 
1984 ,  36 .  69 
1984 ,  35 .  10 
1985 ,  37 .  56 
1984 ,  36 .  69 
1984 ,  35 .  82 
1982 ,  33 .  21 
1983 ,  35 .  82 
1986 ,  35 .  68 
1984 ,  36 .  26 
1986 ,  35 .  24 
1985 ,  34 .  95 
1989 ,  35 .  10 
1985 ,  35 .  82 
1986 ,  34 .  95 
1984 ,  34 .  81 
1985 ,  34 .  37 
1984 ,  35 .  68 
1982 ,  33 .  21 
1984 ,  34 .  52 
1985 ,  34 .  52 
1986 ,  34 .  23 
1981 ,  35 .  82 
1986 ,  33 .  94 
1983 ,  35 .  10 
1985 ,  35 .  24 
1983 ,  35 .  68 
1984 ,  34 .  81 
1984 ,  35 .  10 
1986 ,  34 .  52 
1984 ,  35 .  68 
1986 ,  35 .  39 
1983 ,  35 .  82 
1984 ,  36 .  26 
1979 ,  35 .  97 
1984 ,  35 .  68 
1983 ,  35 .  24 
1984 ,  36 .  40 
1982 ,  36 .  26 
1984 ,  35 .  82 
1984 ,  35 .  68 
1984 ,  35 .  68 
1982 ,  34 .  81 
1985 ,  35 .  53 
1984 ,  36 .  26 
1984 ,  35 .  82 
1980 ,  35 .  53 
1985 ,  35 .  24 
1984 ,  35 .  10 
1986 ,  35 .  39 
1983 ,  35 .  68 
1983 ,  36 .  84 
1984 ,  35 .  68 
1984 ,  35 .  10 
1982 ,  35 .  68 
1984 ,  35 .  24 
1983 ,  34 .  81 
1983 ,  35 .  82 
1982 ,  36 .  26 
1982 ,  35 .  82 
1983 ,  35 .  82 
1983 ,  35 .  39 
1980 ,  35 .  82 
1983 ,  36 .  26 
1983 ,  35 .  68 
1983 ,  35 .  68 
1981 ,  35 .  68 
1982 ,  35 .  68 
1984 ,  35 .  68 
1985 ,  34 .  52 
1981 ,  35 .  68 
1987 ,  35 .  24 
1981 ,  35 .  82 
1980 ,  35 .  82 
1982 ,  36 .  55 
1986 ,  36 .  26 
1982 ,  36 .  26 
1983 ,  35 .  39 
1983 ,  35 .  10 
1983 ,  35 .  82 
1982 ,  35 .  39 
1986 ,  35 .  24 
1982 ,  36 .  26 
1985 ,  36 .  26 
1981 ,  35 .  53 
1980 ,  35 .  53 
1983 ,  35 .  39 
1983 ,  35 .  82 
1984 ,  36 .  84 
1983 ,  35 .  68 
1982 ,  35 .  24 
1980 ,  34 .  81 
1982 ,  36 .  26 
1980 ,  35 .  68 
1978 ,  36 .  40 
1981 ,  36 .  26 
1977 ,  35 .  82 
1977 ,  35 .  39 
1977 ,  35 .  53 
1979 ,  35 .  68 
1978 ,  35 .  39 
1977 ,  35 .  82 
1978 ,  35 .  39 
1978 ,  35 .  68 
1978 ,  35 .  97 
1978 ,  35 .  68 
1978 ,  34 .  81 
1979 ,  35 .  39 
1978 ,  35 .  24 
1978 ,  36 .  11 
1978 ,  35 .  97 
1978 ,  35 .  24 
1979 ,  35 .  24 
1979 ,  35 .  82 
1979 ,  35 .  68 
1979 ,  35 .  82 
1977 ,  35 .  10 
1977 ,  35 .  24 
1977 ,  34 .  81 
1978 ,  36 .  26 
1978 ,  35 .  24 
1979 ,  35 .  82 
1976 ,  35 .  68 
1980 ,  36 .  55 
1978 ,  38 .  14 
1976 ,  36 .  84 
1977 ,  35 .  68 
1978 ,  36 .  26 
1978 ,  35 .  39 
1977 ,  35 .  82 
1976 ,  35 .  10 
1976 ,  35 .  10 
1977 ,  35 .  24 
1978 ,  35 .  68 
1976 ,  35 .  82 
1976 ,  35 .  10 
1978 ,  34 .  52 
1978 ,  34 .  52 
1976 ,  36 .  40 
1978 ,  35 .  10 
1976 ,  34 .  81 
1976 ,  34 .  52 
1977 ,  33 .  50 
1977 ,  34 .  81 
1978 ,  34 .   8 
1978 ,  34 .  52 
1978 ,  33 .  94 
1979 ,  34 .  23 
1979 ,  34 .  81 
1978 ,  35 .  10 
1978 ,  34 .  81 
1975 ,  36 .  40 
1976 ,  34 .  23 
1977 ,  35 .  39 
1975 ,  35 .  68 
1976 ,  34 .  52 
1976 ,  34 .  66 
1977 ,  34 .  37 
1974 ,  35 .  39 
1977 ,  35 .  53 
1976 ,  35 .  39 
1975 ,  35 .  53 
1979 ,  35 .  53 
1978 ,  35 .  24 
1976 ,  35 .  39 
1976 ,  35 .  24 
1978 ,  34 .  81 
1976 ,  35 .  82 
1977 ,  34 .  95 
1975 ,  35 .  39 
1973 ,  35 .  68 
1975 ,  35 .  68 
1978 ,  35 .  39 
1976 ,  35 .  39 
1977 ,  35 .  68 
1977 ,  35 .  10 
1977 ,  34 .  52 
1976 ,  34 .  81 
1978 ,  36 .  40 
1976 ,  35 .  82 
1977 ,  35 .  10 
1975 ,  35 .  68 
1975 ,  34 .  66 
1977 ,  35 .  10 
1977 ,  35 .  82 
1978 ,  35 .  39 
1979 ,  35 .  10 
1976 ,  35 .  24 
1978 ,  36 .  26 
1978 ,  36 .  26 
1977 ,  34 .   8 
1972 ,  35 .  82 
1976 ,  35 .  82 
1978 ,  35 .  82 
1974 ,  35 .  39 
1973 ,  35 .  68 
1975 ,  35 .  10 
1977 ,  35 .  82 
1975 ,  35 .  24 
1978 ,  36 .  26 
1968 ,  35 .  82 
1974 ,  35 .  10 
1973 ,  36 .  69 
1979 ,  35 .  82 
1977 ,  35 .  82 
1975 ,  35 .  68 
1977 ,  35 .  39 
1978 ,  35 .  68 
1978 ,  36 .  26 
1979 ,  35 .  82 
1976 ,  36 .  40 
1976 ,  35 .  68 
1976 ,  34 .  81 
1977 ,  35 .  10 
1976 ,  35 .  82 
1977 ,  35 .  68 
1973 ,  35 .  82 
1976 ,  36 .  55 
1976 ,  35 .  82 
1976 ,  36 .  26 
1976 ,  35 .  68 
1977 ,  35 .  39 
1975 ,  35 .  82 
1976 ,  35 .  82 
1975 ,  34 .  81 
1976 ,  36 .  26 
1975 ,  35 .  82 
1976 ,  34 .  81 
1978 ,  35 .  10 
1978 ,  36 .  84 
1977 ,  35 .  10 
1976 ,  34 .  52 
1978 ,  35 .  82 
1976 ,  35 .  82 
1976 ,  35 .  82 
1977 ,  35 .  39 
1976 ,  36 .  26 
1978 ,  36 .  26 
1976 ,  35 .  68 
1979 ,  35 .  68 
1978 ,  35 .  68 
1977 ,  35 .  68 
1976 ,  35 .  82 
1976 ,  36 .  40 
1975 ,  37 .  56 
1975 ,  35 .  68 
1977 ,  35 .  68 
1977 ,  35 .  10 
1975 ,  33 .  50 
1976 ,  34 .  23 
1975 ,  35 .  68 
1975 ,  36 .  26 
1977 ,  35 .  68 
1979 ,  35 .  82 
1978 ,  34 .  23 
1978 ,  34 .  81 
1976 ,  35 .  82 
1976 ,  35 .  68 
1975 ,  34 .  52 
1976 ,  34 .  81 
1978 ,  35 .  39 
1978 ,  36 .  55 
1976 ,  35 .  82 
1978 ,  34 .  81 
1977 ,  34 .  81 
1978 ,  36 .  26 
1974 ,  36 .  26 
1977 ,  35 .  24 
1976 ,  35 .  39 
1977 ,  35 .  39 
1975 ,  35 .  82 
1979 ,  36 .  26 
1979 ,  35 .  10 
1978 ,  35 .  24 
1976 ,  35 .  39 
1976 ,  35 .  39 
1979 ,  35 .  10 
1975 ,  35 .  82 
1979 ,  35 .  82 
1978 ,  35 .  68 
1978 ,  35 .  39 
1976 ,  36 .  84 
1976 ,  36 .  26 
1975 ,  35 .  10 
1978 ,  34 .  81 
1977 ,  35 .  68 
1977 ,  35 .  68 
1977 ,  35 .  24 
1976 ,  35 .  82 
1976 ,  36 .  26 
1976 ,  35 .  39 
1976 ,  34 .  81 
1978 ,  36 .  26 
1978 ,  35 .  82 
1976 ,  35 .  10 
1977 ,  35 .  10 
1976 ,  35 .  10 
1976 ,  35 .  82 
1975 ,  35 .  53 
1981 ,  35 .  10 
1979 ,  35 .  10 
1978 ,  35 .  68 
1977 ,  35 .  82 
1981 ,  35 .  82 
1980 ,  35 .  24 
1979 ,  35 .  68 
1977 ,  35 .  10 
1980 ,  34 .  66 
1980 ,  35 .  82 
1981 ,  35 .  82 
1979 ,  35 .  10 
1986 ,  36 .  26 
1976 ,  35 .  82 
1981 ,  35 .  82 
1979 ,  37 .  56 
1978 ,  36 .  26 
1980 ,  35 .  68 
1981 ,  35 .  39 
1981 ,  35 .  39 
1980 ,  35 .  82 
1978 ,  35 .  82 
1984 ,  35 .  24 
1980 ,  35 .  82 
1983 ,  35 .  82 
1986 ,  36 .  26 
1983 ,  35 .  82 
1981 ,  35 .  68 
1981 ,  34 .  52 
1985 ,  35 .  82 
1982 ,  35 .  82 
1982 ,  35 .  10 
1984 ,  35 .  10 
1984 ,  35 .  68 
1981 ,  35 .  53 
1982 ,  38 .  58 
1986 ,  36 .  26 
1984 ,  35 .  82 
1983 ,  33 .  50 
1981 ,  35 .  82 
1983 ,  35 .  68 
1984 ,  35 .  39 
1984 ,  36 .  26 
1984 ,  34 .  81 
1983 ,  35 .  68 
1984 ,  35 .  39 
1984 ,  35 .  82 
1976 ,  35 .  82 
1984 ,  35 .  82 
1984 ,  35 .  68 
1984 ,  36 .  55 
1983 ,  37 .  27 
1984 ,  35 .  82 
1984 ,  36 .  40 
1985 ,  35 .  68 
1983 ,  36 .  84 
1981 ,  35 .  82 
1981 ,  35 .  82 
1985 ,  36 .  84 
1982 ,  36 .  55 
1984 ,  36 .  55 
1982 ,  36 .  84 
1984 ,  36 .  26 
1984 ,  35 .  82 
1981 ,  35 .  68 
1985 ,  35 .  82 
1984 ,  36 .  40 
1983 ,  34 .  66 
1985 ,  36 .  84 
1986 ,  34 .  52 
1986 ,  36 .  55 
1984 ,  35 .  97 
1986 ,  36 .  26 
1982 ,  33 .  50 
1986 ,  34 .  95 
1985 ,  35 .  10 
1986 ,  35 .  10 
1985 ,  34 .  81 
1988 ,  35 .  68 
1986 ,  36 .  98 
1987 ,  34 .  81 
1990 ,  35 .  68 
1986 ,  35 .  68 
1990 ,  36 .  98 
1988 ,  34 .   8 
1989 ,  34 .  52 
1989 ,  35 .  68 
1988 ,  35 .  68 
1989 ,  35 .  10 
1991 ,  35 .  39 
1991 ,  36 .  55 
1991 ,  36 .  55 
1991 ,  35 .  68 
1992 ,  35 .  68 
1993 ,  36 .  55 
1993 ,  35 .  10 
1991 ,  35 .  53 
1994 ,  35 .  97 
1994 ,  36 .  40 
1992 ,  36 .  40 
1994 ,  36 .  40 
1995 ,  36 .  40 
1996 ,  36 .  84 
1993 ,  36 .  98 
1993 ,  35 .  68 
1995 ,  35 .  68 
1995 ,  35 .  82 
1994 ,  35 .  68 
1994 ,  36 .  55 
1994 ,  36 .  40 
1994 ,  35 .  39 
1992 ,  35 .  97 
1992 ,  35 .  97 
1992 ,  35 .  24 
1992 ,  35 .  82 
1994 ,  35 .  68 
1994 ,  36 .  26 
1994 ,  37 .  56 
1992 ,  36 .  26 
1991 ,  35 .  53 
1993 ,  35 .  53 
1991 ,  35 .  68 
1991 ,  36 .  98 
1992 ,  36 .  40 
1990 ,  35 .  82 
1989 ,  35 .  82 
1990 ,  36 .  84 
1989 ,  35 .  82 
1990 ,  36 .  40 
1990 ,  35 .  82 
1990 ,  36 .  98 
1988 ,  35 .  82 
1988 ,  36 .  55 
1991 ,  34 .  23 
1989 ,  35 .  82 
1987 ,  36 .  84 
1986 ,  35 .  68 
1987 ,  35 .  82 
1989 ,  36 .  98 
1989 ,  36 .  55 
1988 ,  36 .  84 
1987 ,  35 .  82 
1988 ,  35 .  68 
1987 ,  35 .  82 
1997 ,  35 .  82 
1985 ,  35 .  82 
1985 ,  35 .  82 
1987 ,  35 .  39 
1990 ,  35 .  68 
1990 ,  35 .  39 
1987 ,  36 .  55 
1987 ,  36 .  55 
1990 ,  36 .  84 
1986 ,  36 .  26 
1986 ,  35 .  82 
1985 ,  35 .  82 
1989 ,  36 .  26 
1986 ,  36 .  26 
1987 ,  35 .  68 
1988 ,  36 .  26 
1988 ,  35 .  39 
1985 ,  36 .  26 
1987 ,  36 .  40 
1985 ,  35 .  82 
1986 ,  36 .  26 
1986 ,  36 .  26 
1987 ,  36 .  40 
1986 ,  36 .  84 
1985 ,  35 .  82 
1985 ,  35 .  39 
1986 ,  35 .  82 
1985 ,  36 .  84 
1990 ,  36 .  55 
1987 ,  36 .  84 
1987 ,  36 .  98 
1985 ,  35 .  82 
1986 ,  36 .  55 
1987 ,  36 .  26 
1986 ,  36 .  84 
1987 ,  35 .  68 
1988 ,  36 .  26 
1988 ,  35 .  82 
1988 ,  36 .  55 
1986 ,  36 .  40 
1987 ,  36 .  84 
1986 ,  36 .  84 
1990 ,  36 .  55 
1986 ,  36 .  26 
1988 ,  36 .  98 
1987 ,  35 .  82 
1987 ,  36 .  40 
1987 ,  35 .  82 
1988 ,  36 .  84 
1992 ,  35 .  82 
1987 ,  36 .  69 
1987 ,  35 .  10 
1987 ,  35 .  68 
1989 ,  34 .  81 
1989 ,  36 .  84 
1987 ,  36 .  55 
1986 ,  35 .  68 
1987 ,  35 .  39 
1987 ,  36 .  84 
1990 ,  35 .  82 
1989 ,  34 .  66 
1986 ,  34 .  81 
1988 ,  34 .  95 
1990 ,  36 .  40 
1988 ,  35 .  10 
1990 ,  35 .  68 
1990 ,  36 .  84 
1988 ,  35 .  68 
1988 ,  35 .  10 
1988 ,  35 .  68 
1991 ,  35 .  82 
1988 ,  35 .  82 
1987 ,  35 .  82 
1988 ,  36 .  26 
1990 ,  36 .  84 
1986 ,  36 .  26 
1987 ,  34 .  37 
1988 ,  35 .  10 
1986 ,  36 .  55 
1984 ,  35 .  82 
1988 ,  35 .  39 
1986 ,  35 .  53 
1985 ,  35 .  68 
1986 ,  35 .  39 
1985 ,  36 .  40 
1987 ,  35 .  82 
1992 ,  37 .  71 
1987 ,  35 .  82 
1985 ,  36 .  26 
1987 ,  35 .  82 
1995 ,  36 .  26 
1987 ,  36 .  26 
1988 ,  35 .  68 
1988 ,  36 .  40 
1986 ,  35 .  82 
1987 ,  35 .  68 
1987 ,  36 .  84 
1986 ,  35 .  10 
1987 ,  35 .  24 
1986 ,  36 .  55 
1986 ,  35 .  39 
1987 ,  35 .  97 
1988 ,  35 .  82 
1984 ,  36 .  40 
1986 ,  36 .  40 
1984 ,  35 .  82 
1984 ,  35 .  68 
1986 ,  35 .  82 
1988 ,  36 .  26 
1987 ,  36 .  55 
1986 ,  36 .  84 
1986 ,  35 .  82 
1988 ,  35 .  68 
1987 ,  34 .  81 
1985 ,  35 .  82 
1986 ,  35 .  82 
1986 ,  36 .  40 
1988 ,  36 .  26 
1988 ,  35 .  10 
1985 ,  36 .  26 
1985 ,  38 .   0 
1989 ,  35 .  10 
1987 ,  36 .  26 
1986 ,  36 .  98 
1985 ,  36 .  26 
1985 ,  36 .  69 
1986 ,  35 .  82 
1988 ,  35 .  68 
1987 ,  36 .  55 
1987 ,  35 .  82 
1986 ,  36 .  26 
1986 ,  35 .  82 
1985 ,  36 .  26 
1984 ,  36 .  84 
1985 ,  36 .  26 
1986 ,  36 .  55 
1986 ,  35 .  39 
1986 ,  36 .  84 
1986 ,  34 .   8 
1984 ,  35 .  82 
1988 ,  35 .  82 
1986 ,  36 .  98 
1985 ,  36 .  26 
1985 ,  36 .  55 
1978 ,  35 .  53 
1985 ,  36 .  55 
1985 ,  34 .  81 
1987 ,  36 .  40 
1987 ,  36 .  84 
1987 ,  35 .  82 
1987 ,  34 .  81 
1992 ,  36 .  55 
1983 ,  36 .  84 
1987 ,  35 .  82 
1987 ,  35 .  82 
1985 ,  36 .  40 
1986 ,  36 .  26 
1988 ,  36 .  55 
1988 ,  35 .  10 
1986 ,  36 .  26 
1986 ,  36 .  98 
1985 ,  36 .  40 
1985 ,  33 .  21 
1984 ,  35 .  82 
1987 ,  36 .  98 
1986 ,  38 .  72 
1982 ,  35 .  24 
1988 ,  35 .  82 
1985 ,  35 .  39 
1986 ,  35 .  82 
1986 ,  35 .  39 
1986 ,  36 .  55 
1986 ,  36 .  98 
1985 ,  34 .  81 
1988 ,  35 .  39 
1985 ,  36 .  55 
1985 ,  34 .  81 
1984 ,  35 .  10 
1987 ,  35 .  10 
1987 ,  36 .  26 
1985 ,  35 .  68 
1985 ,  34 .  81 
1986 ,  35 .  68 
1985 ,  35 .  68 
1987 ,  35 .  39 
1987 ,  35 .  39 
1985 ,  35 .  68 
1985 ,  36 .  55 
1987 ,  36 .  84 
1988 ,  35 .  82 
1988 ,  34 .   8 
1986 ,  35 .  24 
1987 ,  35 .  68 
1987 ,  35 .  39 
1986 ,  36 .  55 
1986 ,  36 .  26 
1987 ,  35 .  82 
1985 ,  35 .  24 
1985 ,  35 .  82 
1986 ,  35 .  68 
1986 ,  36 .  84 
1986 ,  35 .  82 
1985 ,  35 .  68 
1985 ,  35 .  82 
1987 ,  35 .  68 
1985 ,  35 .  68 
1985 ,  35 .  53 
1984 ,  35 .  39 
1985 ,  35 .  10 
1985 ,  35 .  68 
1985 ,  34 .  52 
1985 ,  36 .  84 
1988 ,  35 .  82 
1986 ,  36 .  40 
1986 ,  35 .  68 
1986 ,  35 .  82 
1985 ,  35 .  82 
1985 ,  35 .  10 
1988 ,  35 .  68 
1986 ,  35 .  82 
1984 ,  36 .  26 
1986 ,  36 .  26 
1985 ,  35 .  24 
1984 ,  38 .  14 
1985 ,  36 .  26 
1985 ,  35 .  82 
1983 ,  36 .  26 
1987 ,  36 .  84 
1987 ,  35 .  82 
1984 ,  35 .  82 
1985 ,  35 .  82 
1984 ,  36 .  84 
1986 ,  36 .  26 
1985 ,  35 .  82 
1985 ,  36 .  84 
1984 ,  35 .  82 
1986 ,  36 .  98 
1985 ,  35 .  10 
1986 ,  36 .  26 
1986 ,  36 .  55 
1980 ,  35 .  24 
1990 ,  35 .  39 
1986 ,  36 .  26 
1985 ,  36 .  84 
1985 ,  35 .  82 
1986 ,  35 .  39 
1987 ,  35 .  53 
1982 ,  36 .  26 
1990 ,  35 .  82 
1985 ,  36 .  40 
1986 ,  36 .  84 
1985 ,  35 .  82 
1985 ,  35 .  82 
1984 ,  36 .  55 
1985 ,  36 .  84 
1984 ,  36 .  55 
1986 ,  36 .  55 
1982 ,  35 .  82 
1986 ,  36 .  26 
1983 ,  35 .  82 
1984 ,  35 .  39 
1984 ,  35 .  82 
1984 ,  37 .  71 
1984 ,  36 .  98 
1984 ,  36 .  55 
1985 ,  35 .  68 
1984 ,  35 .  82 
1986 ,  36 .  40 
1984 ,  35 .  82 
1986 ,  35 .  10 
1987 ,  35 .  68 
1984 ,  35 .  53 
1986 ,  35 .  97 
1986 ,  36 .  40 
1984 ,  35 .  68 
1984 ,  36 .  84 
1984 ,  36 .  26 
1985 ,  35 .  82 
1989 ,  35 .  68 
1995 ,  36 .  55 
1985 ,  36 .  26 
1986 ,  36 .  55 
1987 ,  36 .  55 
1984 ,  36 .  55 
1986 ,  35 .  82 
1986 ,  36 .  84 
1984 ,  37 .  71 
1985 ,  35 .  82 
1987 ,  35 .  10 
1984 ,  36 .  26 
1986 ,  35 .  82 
1984 ,  36 .  98 
1985 ,  38 .  14 
1985 ,  34 .  81 
1987 ,  35 .  82 
1984 ,  35 .  68 
1986 ,  35 .  10 
1984 ,  35 .  10 
1987 ,  35 .  24 
1983 ,  36 .  26 
1985 ,  35 .  68 
1984 ,  34 .  81 
1985 ,  35 .  10 
1986 ,  35 .  82 
1984 ,  35 .  24 
1985 ,  35 .  39 
1985 ,  34 .  81 
1984 ,  36 .  40 
1986 ,  35 .  24 
1986 ,  35 .  68 
1987 ,  35 .  10 
1985 ,  35 .  53 
1985 ,  35 .  68 
1985 ,  35 .  39 
1986 ,  35 .  10 
1985 ,  36 .  26 
1986 ,  35 .  82 
1986 ,  36 .  26 
1985 ,  35 .  82 
1986 ,  36 .  26 
1983 ,  36 .  26 
1986 ,  34 .  81 
1984 ,  35 .  82 
1984 ,  36 .  40 
1985 ,  36 .  26 
1985 ,  34 .  81 
1986 ,  35 .  82 
1984 ,  35 .  82 
1984 ,  35 .  82 
1985 ,  36 .  55 
1986 ,  36 .  26 
1987 ,  36 .  84 
1986 ,  36 .  26 
1984 ,  35 .  68 
1985 ,  35 .  82 
1983 ,  36 .  40 
1985 ,  36 .  26 
1986 ,  36 .  55 
1985 ,  35 .  68 
1983 ,  35 .  82 
1984 ,  36 .  55 
1986 ,  36 .  55 
1986 ,  36 .  84 
1986 ,  36 .  84 
1983 ,  36 .  26 
1985 ,  35 .  82 
1986 ,  36 .  55 
1984 ,  35 .  68 
1983 ,  35 .  82 
1984 ,  35 .  82 
1986 ,  35 .  82 
1985 ,  35 .  68 
1985 ,  36 .  98 
1985 ,  36 .  26 
1982 ,  36 .  98 
1982 ,  36 .  40 
1985 ,  36 .  84 
1985 ,  35 .  82 
1987 ,  36 .  26 
1986 ,  36 .  98 
1985 ,  35 .  68 
1983 ,  35 .  82 
1983 ,  35 .  82 
1988 ,  36 .  55 
1985 ,  36 .  55 
1987 ,  36 .  11 
1985 ,  36 .  26 
1986 ,  36 .  26 
1986 ,  36 .  26 
1987 ,  36 .  84 
1984 ,  36 .  40 
1985 ,  35 .  68 
1984 ,  36 .  69 
1986 ,  36 .  26 
1985 ,  36 .  26 
1984 ,  36 .  98 
1985 ,  36 .  26 
1988 ,  36 .  40 
1984 ,  36 .  26 
1981 ,  36 .  55 
1984 ,  36 .  26 
1986 ,  36 .  26 
1984 ,  36 .  26 
1982 ,  36 .  84 
1986 ,  36 .  84 
1984 ,  36 .  84 
1986 ,  36 .  55 
1983 ,  36 .  98 
1984 ,  36 .  98 
1985 ,  36 .  84 
1986 ,  36 .  98 
1983 ,  36 .  98 
1985 ,  35 .  82 
1987 ,  35 .  68 
1986 ,  36 .  98 
1984 ,  35 .  82 
1983 ,  36 .  55 
1984 ,  35 .  82 
1986 ,  36 .  26 
1986 ,  36 .  84 
1987 ,  35 .  24 
1984 ,  35 .  82 
1984 ,  35 .  82 
1987 ,  36 .  26 
1984 ,  35 .  68 
1984 ,  35 .  68 
1986 ,  38 .  14 
1982 ,  36 .  84 
1984 ,  35 .  82 
1984 ,  35 .  10 
1984 ,  36 .  40 
1983 ,  36 .  40 
1984 ,  35 .  82 
1984 ,  34 .  23 
1984 ,  33 .  50 
1983 ,  36 .  26 
1984 ,  34 .  81 
1983 ,  35 .  10 
1983 ,  34 .  81 
1984 ,  36 .  55 
1985 ,  35 .  68 
1983 ,  34 .  52 
1983 ,  35 .  68 
1986 ,  36 .  84 
1986 ,  35 .  10 
1983 ,  35 .  68 
1982 ,  34 .  52 
1982 ,  36 .  84 
1984 ,  34 .  95 
1984 ,  35 .  82 
1985 ,  35 .  39 
1983 ,  35 .  82 
1986 ,  35 .  24 
1984 ,  35 .  82 
1982 ,  35 .  82 
1981 ,  36 .  84 
1986 ,  35 .  82 
1986 ,  35 .  82 
1985 ,  35 .  82 
1983 ,  35 .  68 
1984 ,  35 .  82 
1984 ,  35 .  39 
1984 ,  35 .  82 
1984 ,  36 .  55 
1986 ,  36 .  98 
1981 ,  35 .  82 
1984 ,  35 .  53 
1984 ,  35 .  82 
1984 ,  35 .  68 
1986 ,  36 .  26 
1984 ,  36 .  40 
1982 ,  36 .  40 
1986 ,  35 .  82 
1984 ,  35 .  82 
1984 ,  35 .  82 
1981 ,  34 .  81 
1984 ,  36 .  40 
1984 ,  36 .  26 
1984 ,  34 .   8 
1984 ,  35 .  39 
1984 ,  36 .  40 
1986 ,  36 .  40 
1984 ,  36 .  55 
1984 ,  35 .  68 
1985 ,  35 .  82 
1987 ,  35 .  82 
1984 ,  36 .  26 
1985 ,  36 .  11 
1984 ,  35 .  39 
1984 ,  36 .  55 
1985 ,  35 .  82 
1984 ,  35 .  82 
1984 ,  36 .  84 
1978 ,  35 .  68 
1986 ,  36 .  55 
1986 ,  36 .  98 
1980 ,  35 .  82 
1983 ,  34 .  66 
1984 ,  34 .  95 
1984 ,  36 .  84 
1986 ,  36 .  98 
1984 ,  36 .  26 
1974 ,  36 .  69 
1983 ,  35 .  39 
1987 ,  36 .  26 
1986 ,  36 .  40 
1985 ,  35 .  53 
1982 ,  35 .  82 
1985 ,  36 .  26 
1984 ,  35 .  82 
1984 ,  36 .  55 
1981 ,  35 .  82 
1985 ,  35 .  82 
1984 ,  36 .  26 
1982 ,  36 .  40 
1980 ,  36 .  84 
1984 ,  36 .  40 
1982 ,  35 .  82 
1984 ,  35 .  82 
1983 ,  36 .  98 
1984 ,  36 .  84 
1984 ,  36 .  40 
1983 ,  36 .  40 
1984 ,  36 .  84 
1981 ,  35 .  82 
1984 ,  36 .  98 
1982 ,  36 .  40 
1984 ,  36 .  40 
1984 ,  36 .  98 
1984 ,  35 .  82 
1984 ,  36 .  98 
1984 ,  36 .  98 
1984 ,  35 .  82 
1983 ,  36 .  84 
1986 ,  36 .  69 
1984 ,  36 .  98 
1984 ,  36 .  26 
1984 ,  36 .  26 
1983 ,  35 .  82 
1980 ,  36 .  84 
1985 ,  35 .  24 
1984 ,  35 .  53 
1985 ,  36 .  26 
1982 ,  36 .  55 
1984 ,  36 .  55 
1986 ,  36 .  55 
1984 ,  36 .  98 
1983 ,  36 .  55 
1984 ,  38 .  14 
1982 ,  35 .  82 
1984 ,  35 .  10 
1984 ,  36 .  55 
1984 ,  36 .  26 
1984 ,  35 .  68 
1984 ,  37 .  42 
1981 ,  36 .  98 
1984 ,  35 .  10 
1984 ,  35 .  10 
1984 ,  36 .  26 
1984 ,  36 .  40 
1983 ,  34 .  66 
1984 ,  35 .  68 
1982 ,  35 .  68 
1982 ,  35 .  82 
1984 ,  35 .  39 
1984 ,  35 .  53 
1984 ,  35 .  10 
1985 ,  35 .  82 
1984 ,  35 .  97 
1985 ,  35 .  82 
1983 ,  35 .  68 
1985 ,  36 .  98 
1984 ,  35 .  39 
1984 ,  35 .  82 
1982 ,  36 .  55 
1986 ,  36 .  84 
1984 ,  35 .  82 
1985 ,  35 .  82 
1985 ,  35 .  53 
1979 ,  36 .  26 
1986 ,  36 .  84 
1984 ,  36 .  26 
1983 ,  35 .  82 
1985 ,  35 .  53 
1982 ,  35 .  82 
1984 ,  35 .  68 
1984 ,  36 .  26 
1986 ,  36 .  84 
1984 ,  35 .  82 
1984 ,  35 .  68 
1984 ,  35 .  82 
1981 ,  36 .  84 
1983 ,  36 .  26 
1984 ,  36 .  40 
1984 ,  35 .  68 
1983 ,  35 .  68 
1985 ,  36 .  26 
1982 ,  35 .  82 
1984 ,  36 .  40 
1982 ,  35 .  53 
1985 ,  35 .  82 
1986 ,  37 .  71 
1982 ,  36 .  40 
1986 ,  36 .  40 
1983 ,  36 .  40 
1984 ,  36 .  40 
1985 ,  36 .  26 
1983 ,  36 .  55 
1985 ,  35 .  82 
1982 ,  35 .  82 
1980 ,  36 .  55 
1983 ,  35 .  82 
1984 ,  36 .  55 
1984 ,  36 .  55 
1976 ,  36 .  98 
1977 ,  35 .  82 
1984 ,  35 .  82 
1982 ,  36 .  26 
1986 ,  36 .  84 
1983 ,  36 .  40 
1986 ,  36 .  40 
1984 ,  35 .  68 
1984 ,  36 .  84 
1981 ,  35 .  53 
1977 ,  36 .  26 
1981 ,  35 .  82 
1986 ,  36 .  98 
1983 ,  36 .  69 
1985 ,  36 .  40 
1985 ,  36 .  84 
1984 ,  36 .  26 
1982 ,  36 .  55 
1983 ,  36 .  84 
1984 ,  36 .  84 
1984 ,  36 .  40 
1983 ,  36 .  98 
1982 ,  35 .  82 
1982 ,  35 .  68 
1981 ,  35 .  82 
1983 ,  36 .  84 
1984 ,  37 .  56 
1983 ,  36 .  40 
1984 ,  36 .  26 
1981 ,  35 .  68 
1984 ,  35 .  24 
1981 ,  36 .  55 
1984 ,  36 .  98 
1982 ,  35 .  82 
1983 ,  36 .  84 
1983 ,  36 .  40 
1983 ,  36 .  84 
1982 ,  36 .  98 
1986 ,  36 .  84 
1981 ,  36 .  40 
1983 ,  36 .  84 
1986 ,  35 .  39 
1982 ,  36 .  84 
1983 ,  36 .  84 
1984 ,  36 .  84 
1982 ,  35 .  82 
1984 ,  36 .  26 
1981 ,  35 .  39 
1981 ,  35 .  82 
1985 ,  36 .  98 
1986 ,  36 .  40 
1986 ,  36 .  40 
1983 ,  36 .  40 
1982 ,  36 .  98 
1982 ,  35 .  82 
1983 ,  37 .  42 
1981 ,  37 .  56 
1985 ,  34 .  81 
1984 ,  36 .  40 
1984 ,  35 .  82 
1983 ,  36 .  69 
1981 ,  35 .  82 
1983 ,  36 .  26 
1981 ,  35 .  39 
1983 ,  34 .  81 
1984 ,  35 .  24 
1981 ,  34 .  95 
1983 ,  35 .  39 
1983 ,  35 .  10 
1984 ,  36 .  26 
1982 ,  36 .  26 
1984 ,  35 .  68 
1983 ,  35 .  24 
1983 ,  35 .  82 
1984 ,  35 .  68 
1983 ,  36 .  55 
1983 ,  35 .  39 
1984 ,  35 .  68 
1982 ,  35 .  68 
1985 ,  36 .  40 
1983 ,  35 .  82 
1982 ,  35 .  10 
1986 ,  36 .  55 
1984 ,  36 .  55 
1984 ,  36 .  55 
1983 ,  35 .  39 
1984 ,  36 .  26 
1983 ,  36 .  26 
1982 ,  35 .  82 
1981 ,  35 .  24 
1982 ,  36 .  98 
1983 ,  35 .  82 
1980 ,  36 .  84 
1983 ,  35 .  82 
1984 ,  36 .  55 
1984 ,  36 .  26 
1984 ,  36 .  26 
1984 ,  35 .  68 
1981 ,  36 .  26 
1984 ,  35 .  82 
1984 ,  36 .  55 
1983 ,  35 .  10 
1982 ,  36 .  26 
1982 ,  36 .  98 
1981 ,  36 .  40 
1982 ,  35 .  68 
1981 ,  35 .  82 
1983 ,  35 .  68 
1982 ,  36 .  40 
1982 ,  35 .  82 
1985 ,  35 .  82 
1983 ,  36 .  55 
1983 ,  36 .  55 
1984 ,  36 .  26 
1986 ,  36 .  26 
1981 ,  36 .  69 
1982 ,  35 .  82 
1982 ,  34 .  81 
1983 ,  37 .  71 
1983 ,  36 .  84 
1981 ,  36 .  26 
1983 ,  36 .  40 
1981 ,  36 .  55 
1981 ,  35 .  39 
1981 ,  35 .  53 
1981 ,  34 .  95 
1986 ,  36 .  98 
1983 ,  36 .  84 
1983 ,  36 .  26 
1985 ,  36 .  55 
2007 ,  36 .  26 
1992 ,  35 .  97 
1980 ,  36 .  40 
1983 ,  36 .  84 
1981 ,  36 .  69 
1983 ,  36 .  26 
1985 ,  36 .  69 
1983 ,  35 .  24 
1983 ,  36 .  98 
1981 ,  36 .  40 
1984 ,  35 .  82 
1984 ,  35 .  97 
1983 ,  36 .  55 
1982 ,  36 .  11 
1981 ,  36 .  26 
1983 ,  36 .  84 
1982 ,  36 .  40 
1982 ,  36 .  84 
1982 ,  35 .  68 
1980 ,  35 .  82 
1981 ,  36 .  69 
1980 ,  35 .  82 
1981 ,  35 .  68 
1983 ,  35 .  10 
1982 ,  36 .  84 
1983 ,  36 .  98 
1983 ,  36 .  98 
1983 ,  36 .  26 
1983 ,  36 .  98 
1981 ,  36 .  98 
1983 ,  36 .  84 
1986 ,  36 .  26 
1983 ,  36 .  40 
1983 ,  36 .  98 
1983 ,  35 .  82 
1984 ,  36 .  55 
1984 ,  35 .  82 
1983 ,  36 .  98 
1983 ,  36 .  84 
1992 ,  36 .  98 
1983 ,  36 .  98 
1983 ,  36 .  40 
1982 ,  36 .  40 
1982 ,  35 .  82 
1983 ,  36 .  26 
1981 ,  36 .  55 
1983 ,  38 .  58 
1981 ,  36 .  26 
1983 ,  35 .  39 
1982 ,  35 .  82 
1984 ,  36 .  98 
1982 ,  35 .  53 
1982 ,  36 .  69 
1983 ,  36 .  84 
1983 ,  37 .  71 
1982 ,  36 .  40 
1984 ,  35 .  24 
1983 ,  35 .  10 
1981 ,  35 .  39 
1981 ,  35 .  39 
1985 ,  34 .  81 
1985 ,  35 .  68 
1984 ,  35 .  82 
1980 ,  35 .  68 
1982 ,  34 .  81 
1983 ,  35 .  39 
1983 ,  35 .  68 
1982 ,  35 .  82 
1983 ,  36 .  55 
1984 ,  35 .  82 
1984 ,  35 .  97 
1982 ,  36 .  84 
1982 ,  35 .  68 
1983 ,  35 .  82 
1983 ,  35 .  82 
1984 ,  36 .  26 
1983 ,  36 .  55 
1982 ,  36 .  55 
1982 ,  36 .  55 
1983 ,  36 .  26 
1983 ,  36 .  40 
1983 ,  36 .  26 
1981 ,  35 .  24 
1982 ,  36 .  98 
1982 ,  35 .  82 
1981 ,  35 .  39 
1983 ,  35 .  82 
1983 ,  35 .  10 
1983 ,  35 .  82 
1985 ,  36 .  26 
1982 ,  36 .  84 
1983 ,  35 .  68 
1984 ,  36 .  40 
1983 ,  35 .  68 
1983 ,  36 .  40 
1983 ,  36 .  84 
1982 ,  35 .  82 
1984 ,  36 .  26 
1985 ,  36 .  55 
1983 ,  35 .  82 
1982 ,  36 .  98 
1981 ,  35 .  82 
1981 ,  35 .  82 
1983 ,  35 .  82 
1983 ,  36 .  98 
1982 ,  36 .  40 
1984 ,  35 .  82 
1981 ,  35 .  82 
1989 ,  35 .  97 
1986 ,  35 .  97 
1983 ,  36 .  40 
1984 ,  35 .  10 
1984 ,  36 .  98 
1986 ,  36 .  98 
1982 ,  37 .  71 
1984 ,  36 .  84 
1981 ,  36 .  84 
1983 ,  36 .  84 
1983 ,  35 .  68 
1983 ,  36 .  55 
1984 ,  36 .  55 
1975 ,  36 .  84 
1987 ,  36 .  98 
1979 ,  36 .  84 
1983 ,  36 .  55 
1985 ,  36 .  40 
1983 ,  36 .  84 
1983 ,  35 .  97 
1986 ,  38 .  14 
1984 ,  36 .  55 
1985 ,  36 .  98 
1981 ,  35 .  82 
1982 ,  36 .  69 
1982 ,  36 .  55 
1982 ,  35 .  82 
1982 ,  35 .  68 
1982 ,  36 .  98 
1982 ,  36 .  98 
1982 ,  36 .  98 
1983 ,  36 .  55 
1984 ,  37 .  42 
1982 ,  36 .  98 
1983 ,  36 .  40 
1983 ,  36 .  98 
1984 ,  35 .  97 
1982 ,  36 .  98 
1983 ,  36 .  84 
1987 ,  35 .  82 
1984 ,  36 .  55 
1983 ,  36 .  98 
1982 ,  36 .  26 
1981 ,  35 .  10 
1981 ,  36 .  98 
1983 ,  36 .  26 
1986 ,  36 .  98 
1983 ,  36 .  40 
1981 ,  36 .  84 
1983 ,  36 .  84 
1983 ,  36 .  84 
1983 ,  35 .  10 
1986 ,  36 .  84 
1984 ,  36 .  40 
1984 ,  36 .  26 
1984 ,  36 .  26 
1982 ,  35 .  53 
1983 ,  36 .  26 
1986 ,  38 .  58 
1986 ,  36 .  26 
1982 ,  36 .  26 
1982 ,  35 .  82 
1981 ,  36 .  98 
1983 ,  36 .  55 
1982 ,  36 .  84 
1984 ,  35 .  10 
1984 ,  36 .  84 
1989 ,  36 .  40 
1982 ,  34 .  52 
1981 ,  35 .  82 
1983 ,  35 .  68 
1984 ,  36 .  84 
1984 ,  35 .  82 
1983 ,  35 .  53 
1982 ,  35 .  10 
1984 ,  36 .  84 
1983 ,  35 .  53 
1983 ,  34 .  52 
1982 ,  35 .  39 
1981 ,  35 .  82 
1985 ,  35 .  97 
1986 ,  35 .  39 
1982 ,  36 .  55 
1982 ,  36 .  98 
1985 ,  36 .  98 
1983 ,  36 .  55 
1983 ,  36 .  26 
1986 ,  36 .  84 
1983 ,  35 .  82 
1981 ,  35 .  82 
1983 ,  36 .  26 
1981 ,  36 .  84 
1984 ,  36 .  55 
1984 ,  36 .  98 
1984 ,  35 .  68 
1983 ,  35 .  68 
1982 ,  35 .  82 
1982 ,  35 .  82 
1984 ,  36 .  40 
1984 ,  34 .  81 
1984 ,  36 .  98 
1984 ,  35 .  39 
1984 ,  35 .  68 
1984 ,  36 .  55 
1985 ,  35 .  82 
1981 ,  35 .  10 
1985 ,  36 .  55 
1985 ,  35 .  10 
1984 ,  36 .  55 
1984 ,  36 .  55 
1983 ,  35 .  39 
1984 ,  36 .  55 
1984 ,  36 .  11 
1987 ,  36 .  55 
1985 ,  36 .  84 
1984 ,  36 .  55 
1986 ,  38 .   0 
1986 ,  35 .  82 
1984 ,  33 .  50 
1985 ,  36 .  26 
1984 ,  36 .  84 
1984 ,  36 .  55 
1986 ,  36 .  98 
1985 ,  36 .  40 
1984 ,  36 .  55 
1983 ,  35 .  82 
1981 ,  36 .  98 
1986 ,  36 .  84 
1986 ,  36 .  40 
1984 ,  36 .  40 
1986 ,  35 .  82 
1983 ,  36 .  55 
1984 ,  36 .  84 
1985 ,  36 .  84 
1977 ,  37 .  71 
1986 ,  36 .  55 
1986 ,  37 .  71 
1986 ,  36 .  26 
1983 ,  36 .  98 
1984 ,  36 .  26 
1986 ,  36 .  84 
1987 ,  36 .  84 
1985 ,  36 .  98 
1984 ,  36 .  26 
1984 ,  36 .  26 
1984 ,  36 .  40 
1984 ,  36 .  26 
1985 ,  35 .  39 
1981 ,  36 .  98 
1982 ,  36 .  55 
1984 ,  36 .  84 
1983 ,  35 .  39 
1984 ,  36 .  98 
1984 ,  36 .  40 
1984 ,  36 .  55 
1983 ,  36 .  98 
1985 ,  36 .  98 
1984 ,  36 .  84 
1984 ,  36 .  40 
1984 ,  35 .  82 
1984 ,  36 .  69 
1984 ,  36 .  98 
1984 ,  38 .   0 
1984 ,  36 .  84 
1985 ,  36 .  98 
1984 ,  36 .  98 
1984 ,  36 .  98 
1985 ,  35 .  68 
1984 ,  36 .  84 
1985 ,  36 .  69 
1984 ,  36 .  84 
1986 ,  36 .  55 
1986 ,  36 .  26 
1985 ,  36 .  98 
1984 ,  35 .  82 
1985 ,  36 .  84 
1986 ,  38 .   0 
1986 ,  38 .  58 
1983 ,  36 .  40 
1984 ,  36 .  84 
1984 ,  36 .  26 
1984 ,  36 .  55 
1984 ,  35 .  82 
1984 ,  36 .  69 
1984 ,  35 .  82 
1984 ,  35 .  10 
1986 ,  38 .  58 
1984 ,  36 .  98 
1984 ,  35 .  82 
1984 ,  35 .  68 
1984 ,  34 .  66 
1982 ,  36 .  84 
1981 ,  35 .  39 
1984 ,  35 .  68 
1984 ,  35 .  82 
1982 ,  36 .  98 
1985 ,  36 .  26 
1984 ,  35 .  82 
1984 ,  36 .  26 
1984 ,  36 .  98 
1985 ,  35 .  24 
1987 ,  35 .  82 
1987 ,  36 .  55 
1986 ,  36 .  84 
1986 ,  35 .  82 
1984 ,  35 .  82 
1985 ,  35 .  68 
1983 ,  36 .  84 
1977 ,  35 .  82 
1986 ,  36 .  55 
1986 ,  36 .  26 
1987 ,  36 .  26 
1987 ,  36 .  98 
1984 ,  36 .  69 
1984 ,  36 .  26 
1987 ,  36 .  98 
1985 ,  36 .  55 
1984 ,  36 .  26 
1985 ,  35 .  39 
1986 ,  36 .  69 
1986 ,  35 .  82 
1986 ,  35 .  82 
1986 ,  36 .  84 
1986 ,  36 .  98 
1985 ,  35 .  82 
1986 ,  36 .  26 
1987 ,  36 .  55 
1986 ,  36 .  55 
1986 ,  35 .  82 
1986 ,  36 .  84 
1986 ,  36 .  55 
1985 ,  36 .  98 
1987 ,  36 .  98 
1986 ,  36 .  26 
1985 ,  36 .  84 
1986 ,  36 .  84 
1988 ,  35 .  82 
1986 ,  36 .  26 
1987 ,  36 .  40 
1988 ,  36 .  84 
1985 ,  36 .  40 
1985 ,  36 .  55 
1984 ,  35 .  68 
1987 ,  36 .  40 
1983 ,  35 .  68 
1987 ,  36 .  40 
1984 ,  36 .  26 
1985 ,  36 .  55 
1985 ,  36 .  40 
1983 ,  35 .  68 
1986 ,  35 .  82 
1985 ,  36 .  84 
1986 ,  36 .  84 
1984 ,  37 .  56 
1986 ,  36 .  98 
1984 ,  36 .  55 
1981 ,  36 .  84 
1985 ,  36 .  69 
1987 ,  36 .  98 
1984 ,  36 .  98 
1983 ,  35 .  82 
1985 ,  36 .  26 
1982 ,  36 .  55 
1986 ,  36 .  84 
1986 ,  36 .  98 
1984 ,  36 .  69 
1983 ,  36 .  26 
1984 ,  36 .  98 
1985 ,  35 .  82 
1983 ,  36 .  84 
1982 ,  36 .  40 
1984 ,  36 .  40 
1982 ,  36 .  98 
1986 ,  36 .  55 
1982 ,  36 .  98 
1982 ,  36 .  40 
1981 ,  35 .  39 
1982 ,  36 .  69 
1982 ,  36 .  84 
1984 ,  36 .  98 
1986 ,  37 .  71 
1983 ,  36 .  84 
1984 ,  36 .  98 
1984 ,  36 .  69 
1981 ,  36 .  98 
1983 ,  36 .  84 
1983 ,  36 .  84 
1981 ,  37 .  71 
1985 ,  36 .  55 
1984 ,  35 .  68 
1983 ,  36 .  26 
1983 ,  36 .  84 
1983 ,  36 .  26 
1983 ,  35 .  82 
1985 ,  36 .  69 
1983 ,  36 .  98 
1984 ,  36 .  84 
1982 ,  36 .  26 
1984 ,  35 .  39 
1985 ,  36 .  84 
1984 ,  39 .  30 
1983 ,  36 .  98 
1982 ,  35 .  82 
1983 ,  35 .  68 
1983 ,  36 .  98 
1982 ,  35 .  68 
1984 ,  36 .  69 
1981 ,  38 .   0 
1981 ,  35 .  68 
1982 ,  36 .  55 
1982 ,  35 .  39 
1984 ,  36 .  98 
1983 ,  35 .  68 
1983 ,  35 .  24 
1984 ,  35 .  53 
1984 ,  36 .  55 
1983 ,  35 .  82 
1984 ,  36 .  55 
1986 ,  36 .  26 
1983 ,  36 .  98 
1984 ,  35 .  82 
1984 ,  36 .  55 
1985 ,  35 .  68 
1985 ,  36 .  84 
1984 ,  36 .  55 
1986 ,  35 .  68 
1984 ,  36 .  55 
1984 ,  37 .  42 
1986 ,  35 .  82 
1984 ,  36 .  26 
1984 ,  36 .  40 
1985 ,  36 .  84 
1986 ,  36 .  98 
1986 ,  36 .  98 
1983 ,  35 .  82 
1985 ,  36 .  69 
1984 ,  36 .  40 
1985 ,  35 .  68 
1984 ,  36 .  40 
1986 ,  36 .  98 
1986 ,  36 .  98 
1984 ,  36 .  98 
1985 ,  36 .  98 
1986 ,  36 .  98 
1984 ,  36 .  40 
1984 ,  35 .  39 
1984 ,  36 .  55 
1984 ,  36 .  40 
1985 ,  35 .  53 
1985 ,  36 .  84 
1986 ,  36 .  84 
1986 ,  36 .  98 
1987 ,  36 .  55 
1986 ,  36 .  26 
1985 ,  36 .  98 
1986 ,  36 .  40 
1984 ,  36 .  84 
1985 ,  36 .  40 
1988 ,  35 .  82 
1985 ,  36 .  98 
1987 ,  36 .  98 
1987 ,  35 .  10 
1985 ,  36 .  69 
1985 ,  36 .  98 
1987 ,  36 .  55 
1985 ,  37 .  71 
1986 ,  36 .  98 
1988 ,  36 .  26 
1986 ,  36 .  55 
1986 ,  36 .  69 
1980 ,  36 .  84 
1987 ,  36 .  98 
1989 ,  38 .   0 
1987 ,  36 .  84 
1987 ,  36 .  98 
1986 ,  36 .  84 
1989 ,  36 .  40 
1985 ,  36 .  40 
1986 ,  36 .  26 
1987 ,  36 .  98 
1985 ,  36 .  98 
1986 ,  36 .  98 
1987 ,  36 .  26 
1987 ,  36 .  98 
1988 ,  36 .  98 
1987 ,  36 .  69 
1985 ,  36 .  26 
1985 ,  36 .  55 
1986 ,  36 .  84 
1987 ,  37 .  42 
1986 ,  36 .  84 
1986 ,  36 .  40 
1988 ,  36 .  40 
1988 ,  36 .  98 
1986 ,  36 .  98 
1988 ,  36 .  98 
1984 ,  35 .  82 
1987 ,  36 .  98 
1986 ,  37 .  71 
1988 ,  36 .  84 
1985 ,  36 .  26 
1987 ,  36 .  55 
1986 ,  35 .  82 
1987 ,  36 .  98 
1990 ,  36 .  84 
1988 ,  36 .  40 
1988 ,  36 .  98 
1988 ,  36 .  84 
1989 ,  38 .   0 
1988 ,  36 .  84 
1988 ,  36 .  84 
1989 ,  36 .  98 
1986 ,  37 .  42 
1988 ,  36 .  84 
1988 ,  36 .  40 
1987 ,  36 .  40 
1988 ,  35 .  10 
1987 ,  36 .  84 
1986 ,  35 .  10 
1985 ,  36 .  98 
1989 ,  36 .  84 
1988 ,  38 .  87 
1988 ,  36 .  40 
1987 ,  36 .  98 
1988 ,  35 .  53 
1987 ,  36 .  84 
1988 ,  36 .  98 
1985 ,  36 .  84 
1987 ,  38 .   0 
1988 ,  36 .  98 
1988 ,  35 .  68 
1990 ,  36 .  84 
1985 ,  36 .  26 
1986 ,  35 .  53 
1989 ,  36 .  11 
1987 ,  36 .  55 
1987 ,  35 .  39 
1988 ,  35 .  10 
1989 ,  35 .  68 
1985 ,  36 .  84 
1988 ,  36 .  98 
1988 ,  35 .  82 
1986 ,  35 .  82 
1992 ,  36 .  55 
1988 ,  35 .  82 
1986 ,  36 .  98 
1986 ,  36 .  40 
1988 ,  36 .  98 
1987 ,  36 .  55 
1988 ,  35 .  68 
1985 ,  35 .  68 
1986 ,  36 .  98 
1986 ,  35 .  24 
1986 ,  35 .  82 
1987 ,  35 .  82 
1987 ,  35 .  39 
1990 ,  36 .  98 
1985 ,  36 .  55 
1985 ,  36 .  84 
1989 ,  36 .  98 
1986 ,  36 .  55 
1987 ,  36 .  69 
1986 ,  37 .  42 
1986 ,  36 .  84 
1988 ,  36 .  84 
1985 ,  35 .  82 
1985 ,  36 .  84 
1996 ,  36 .  84 
1987 ,  36 .  84 
1986 ,  36 .  98 
1987 ,  35 .  68 
1985 ,  36 .  84 
1987 ,  36 .  98 
1988 ,  36 .  40 
1987 ,  35 .  68 
1990 ,  36 .  40 
1987 ,  36 .  84 
1985 ,  35 .  82 
1984 ,  38 .  14 
1984 ,  36 .  98 
1986 ,  36 .  84 
1987 ,  36 .  84 
1985 ,  36 .  55 
1985 ,  36 .  55 
1985 ,  36 .  98 
1986 ,  36 .  84 
1986 ,  36 .  26 
1982 ,  36 .  98 
1980 ,  36 .  40 
1986 ,  35 .  82 
1985 ,  38 .  14 
1987 ,  36 .  84 
1987 ,  36 .  55 
1986 ,  36 .  84 
1986 ,  36 .  98 
1986 ,  36 .  98 
1986 ,  36 .  26 
1978 ,  37 .  56 
1995 ,  36 .  40 
1988 ,  36 .  26 
1988 ,  36 .  55 
1985 ,  36 .  40 
1986 ,  35 .  82 
1986 ,  36 .  98 
1987 ,  37 .  71 
1987 ,  36 .  98 
1986 ,  36 .  69 
1985 ,  36 .  40 
1988 ,  36 .  11 
1986 ,  35 .  82 
1988 ,  37 .  42 
1988 ,  36 .  26 
1986 ,  36 .  55 
1986 ,  36 .  26 
1990 ,  36 .  84 
1985 ,  35 .  53 
1989 ,  36 .  55 
1984 ,  36 .  55 
1988 ,  36 .  84 
1986 ,  35 .  82 
1988 ,  38 .  58 
1988 ,  36 .  98 
1985 ,  36 .  98 
1988 ,  35 .  53 
1990 ,  36 .  98 
1985 ,  36 .  98 
1987 ,  36 .  84 
1990 ,  35 .  39 
1989 ,  36 .  26 
1988 ,  36 .  98 
1986 ,  36 .  55 
1988 ,  35 .  24 
1987 ,  36 .  84 
1988 ,  36 .  84 
1988 ,  36 .  98 
1985 ,  35 .  68 
1988 ,  37 .  42 
1988 ,  36 .  84 
1990 ,  38 .   0 
1990 ,  36 .  26 
1987 ,  36 .  98 
1987 ,  36 .  98 
1987 ,  36 .  98 
1986 ,  37 .  56 
1987 ,  35 .  39 
1986 ,  35 .  24 
1990 ,  36 .  55 
1986 ,  36 .  98 
1988 ,  36 .  55 
1987 ,  35 .  82 
1987 ,  37 .  85 
1988 ,  35 .  10 
1988 ,  35 .  68 
1988 ,  35 .  10 
1988 ,  35 .  68 
1987 ,  35 .  39 
1988 ,  35 .  68 
1989 ,  36 .  98 
1990 ,  35 .  10 
1988 ,  35 .  68 
1987 ,  35 .  68 
1988 ,  36 .  26 
1989 ,  35 .  82 
1989 ,  35 .  68 
1986 ,  35 .  68 
1989 ,  35 .  68 
1987 ,  36 .  98 
1990 ,  36 .  26 
1989 ,  36 .  26 
1988 ,  35 .  82 
1987 ,  36 .  40 
1989 ,  36 .  84 
1986 ,  36 .  55 
1987 ,  36 .  26 
1987 ,  36 .  26 
1985 ,  36 .  26 
1985 ,  35 .  82 
1987 ,  36 .  69 
1987 ,  35 .  68 
1987 ,  35 .  82 
1987 ,  35 .  53 
1986 ,  36 .  84 
1989 ,  36 .  98 
1986 ,  35 .  82 
1984 ,  36 .  55 
1987 ,  36 .  26 
1988 ,  36 .  98 
1985 ,  35 .  68 
1985 ,  35 .  82 
1987 ,  36 .  84 
1987 ,  36 .  55 
1989 ,  35 .  82 
1987 ,  36 .  84 
1987 ,  36 .  40 
1986 ,  36 .  40 
1986 ,  36 .  84 
1985 ,  35 .  82 
1985 ,  36 .  26 
1988 ,  36 .  84 
1987 ,  38 .  87 
1988 ,  35 .  24 
1986 ,  35 .  82 
1987 ,  36 .  55 
1984 ,  36 .  55 
1987 ,  36 .  98 
1986 ,  36 .  98 
1988 ,  38 .  14 
1987 ,  36 .  84 
1987 ,  36 .  98 
1986 ,  36 .  98 
1984 ,  36 .  40 
1986 ,  36 .  26 
1987 ,  36 .  69 
1988 ,  35 .  68 
1987 ,  36 .  55 
1988 ,  36 .  84 
1986 ,  36 .  84 
1988 ,  36 .  98 
1996 ,  38 .  14 
1981 ,  36 .  98 
1990 ,  37 .  71 
1988 ,  37 .  56 
1988 ,  36 .  98 
1986 ,  35 .  82 
1987 ,  36 .  98 
1988 ,  36 .  98 
1986 ,  37 .  71 
1987 ,  36 .  84 
1987 ,  36 .  98 
1985 ,  36 .  40 
1985 ,  36 .  40 
1987 ,  36 .  98 
1987 ,  36 .  84 
1986 ,  35 .  82 
1988 ,  36 .  26 
1985 ,  36 .  98 
1985 ,  35 .  97 
1987 ,  36 .  55 
1986 ,  37 .  13 
1987 ,  36 .  98 
1985 ,  35 .  82 
1987 ,  36 .  40 
1988 ,  35 .  82 
1987 ,  36 .  98 
1992 ,  35 .  82 
1988 ,  36 .  84 
1988 ,  36 .  84 
1988 ,  36 .  84 
1988 ,  36 .  84 
1989 ,  37 .  42 
1988 ,  36 .  84 
1987 ,  36 .  84 
1989 ,  36 .  69 
1986 ,  36 .  55 
1986 ,  36 .  26 
1989 ,  36 .  84 
1990 ,  37 .  71 
1988 ,  36 .  84 
1989 ,  36 .  98 
1987 ,  36 .  98 
1992 ,  36 .  84 
1983 ,  35 .  82 
1987 ,  36 .  98 
1990 ,  36 .  55 
1990 ,  37 .  56 
1988 ,  35 .  82 
1985 ,  36 .  26 
1988 ,  37 .  56 
1988 ,  36 .  84 
1988 ,  36 .  69 
1987 ,  36 .  84 
1993 ,  36 .  98 
1988 ,  35 .  24 
1985 ,  35 .  39 
1984 ,  35 .  68 
1986 ,  35 .  53 
1988 ,  36 .  84 
1990 ,  35 .  68 
1990 ,  35 .  39 
1990 ,  35 .  39 
1988 ,  36 .  84 
1990 ,  35 .  82 
1983 ,  36 .  40 
1988 ,  36 .  69 
1989 ,  35 .  68 
1987 ,  35 .  82 
1985 ,  35 .  82 
1989 ,  35 .  68 
1988 ,  36 .  26 
1990 ,  35 .  82 
1984 ,  35 .  68 
1992 ,  36 .  98 
1985 ,  36 .  40 
1985 ,  35 .  68 
1985 ,  36 .  55 
1985 ,  35 .  68 
1985 ,  35 .  82 
1991 ,  35 .  68 
1993 ,  36 .  26 
1987 ,  36 .  55 
1987 ,  36 .  55 
1987 ,  36 .  98 
1986 ,  35 .  68 
1985 ,  35 .  10 
1983 ,  35 .  82 
1982 ,  36 .  40 
1985 ,  36 .  11 
1987 ,  36 .  55 
1987 ,  37 .  42 
1982 ,  35 .  82 
1985 ,  36 .  84 
1987 ,  34 .  52 
1994 ,  36 .  98 
1989 ,  36 .  40 
1985 ,  36 .  84 
1986 ,  35 .  82 
1985 ,  35 .  82 
1986 ,  36 .  26 
1986 ,  36 .  84 
1987 ,  36 .  55 
1985 ,  36 .  40 
1986 ,  35 .  68 
1987 ,  36 .  40 
1985 ,  34 .  81 
1984 ,  35 .  82 
1986 ,  34 .  81 
1984 ,  33 .  50 
1985 ,  33 .  36 
1987 ,  34 .  23 
1986 ,  34 .  23 
1980 ,  35 .  10 
1986 ,  33 .  36 
1985 ,  35 .  82 
1984 ,  34 .   8 
1988 ,  35 .  10 
1986 ,  32 .  63 
1981 ,  35 .  82 
1985 ,  34 .  37 
1985 ,  34 .  23 
1981 ,  36 .  55 
1991 ,  33 .  50 
1986 ,  31 .  91 
1988 ,  31 .  76 
1988 ,  36 .  26 
1984 ,  32 .  34 
1984 ,  34 .  52 
1985 ,  32 .  20 
1984 ,  36 .  98 
1986 ,  33 .  36 
1988 ,  34 .  81 
1986 ,  35 .  39 
1986 ,  36 .  98 
1985 ,  32 .  92 
1988 ,  36 .  84 
1986 ,  36 .  98 
1984 ,  32 .  92 
1985 ,  34 .  52 
1984 ,  31 .  18 
1986 ,  30 .   2 
1988 ,  31 .  76 
1984 ,  31 .  62 
1984 ,  32 .  34 
1985 ,  32 .  34 
1985 ,  31 .  62 
1985 ,  31 .  18 
1985 ,  29 .  44 
1987 ,  36 .  98 
1985 ,  31 .  18 
1985 ,  31 .   4 
1986 ,  31 .   4 
1987 ,  32 .   5 
1985 ,  35 .  68 
1987 ,  33 .   7 
1987 ,  30 .  75 
1986 ,  31 .  18 
1986 ,  31 .   4 
1986 ,  31 .   4 
1986 ,  31 .   4 
1987 ,  31 .  62 
1985 ,  36 .  26 
1986 ,  31 .  62 
1986 ,  31 .  76 
1985 ,  32 .  92 
1986 ,  33 .   7 
1987 ,  33 .  50 
1985 ,  31 .  18 
1985 ,  30 .  46 
1986 ,  32 .  20 
1987 ,  35 .  10 
1986 ,  33 .   7 
1988 ,  31 .  62 
1987 ,  35 .  68 
1984 ,  31 .  18 
1987 ,  30 .  46 
1984 ,  30 .  60 
1988 ,  36 .  98 
1986 ,  32 .  34 
1986 ,  31 .  62 
1985 ,  35 .  82 
1985 ,  31 .   4 
1986 ,  31 .  91 
1987 ,  32 .  34 
1986 ,  30 .  60 
1987 ,  32 .  20 
1985 ,  32 .  34 
1986 ,  31 .  18 
1985 ,  31 .  18 
1987 ,  36 .  55 
1986 ,  37 .  71 
1986 ,  32 .  34 
1987 ,  32 .  34 
1986 ,  33 .  21 
1988 ,  33 .   7 
1987 ,  33 .  94 
1983 ,  33 .  94 
1985 ,  36 .  98 
1986 ,  34 .  52 
1985 ,  34 .  52 
1986 ,  34 .  23 
1986 ,  36 .  98 
1986 ,  34 .  52 
1986 ,  34 .  52 
1986 ,  36 .  84 
1985 ,  34 .  81 
1984 ,  33 .  79 
1986 ,  34 .  81 
1985 ,  34 .  95 
1986 ,  34 .  52 
1986 ,  34 .  52 
1985 ,  35 .  10 
1985 ,  34 .  81 
1986 ,  37 .  71 
1986 ,  34 .  81 
1983 ,  34 .  23 
1985 ,  35 .  39 
1984 ,  34 .  52 
1985 ,  34 .  52 
1985 ,  35 .  10 
1986 ,  35 .  39 
1983 ,  36 .  84 
1988 ,  35 .  24 
1988 ,  35 .  82 
1985 ,  35 .  68 
1985 ,  36 .  84 
1986 ,  35 .  82 
1984 ,  35 .  68 
1984 ,  36 .  69 
1985 ,  36 .  98 
1986 ,  34 .  81 
1985 ,  36 .  26 
1985 ,  36 .  26 
1992 ,  34 .  23 
1986 ,  35 .  82 
1988 ,  36 .  26 
1985 ,  35 .  82 
1987 ,  35 .  82 
1986 ,  36 .  84 
1987 ,  36 .  55 
1983 ,  36 .  84 
1987 ,  36 .  26 
1979 ,  36 .  84 
1983 ,  35 .  82 
1986 ,  35 .  39 
1986 ,  36 .  26 
1987 ,  36 .  55 
1988 ,  36 .  26 
1987 ,  36 .  40 
1986 ,  36 .  26 
1985 ,  36 .  84 
1985 ,  35 .  39 
1984 ,  36 .  55 
1984 ,  35 .  82 
1985 ,  35 .  39 
1984 ,  36 .  26 
1984 ,  36 .  98 
1984 ,  36 .  84 
1985 ,  35 .  82 
1985 ,  36 .  84 
1986 ,  36 .  98 
1988 ,  36 .  26 
1984 ,  36 .  98 
1986 ,  36 .  98 
1985 ,  36 .  98 
1985 ,  36 .  55 
1984 ,  36 .  55 
1987 ,  36 .  84 
1986 ,  36 .  98 
1985 ,  36 .  98 
1985 ,  36 .  98 
1986 ,  36 .  98 
1986 ,  36 .  98 
1986 ,  36 .  84 
1987 ,  36 .  98 
1987 ,  36 .  55 
1985 ,  36 .  69 
1982 ,  36 .  40 
1985 ,  36 .  55 
1985 ,  36 .  98 
1986 ,  38 .  87 
1986 ,  36 .  26 
1985 ,  36 .  98 
1984 ,  36 .  84 
1986 ,  37 .  71 
1985 ,  36 .  40 
1986 ,  36 .  84 
1984 ,  38 .  14 
1984 ,  38 .   0 
1985 ,  36 .  69 
1985 ,  36 .  40 
1985 ,  36 .  98 
1986 ,  37 .  71 
1986 ,  36 .  84 
1984 ,  36 .  26 
1985 ,  35 .  82 
1985 ,  36 .  98 
1986 ,  35 .  68 
1986 ,  35 .  82 
1985 ,  36 .  26 
1985 ,  35 .  82 
1985 ,  35 .  39 
1985 ,  36 .  55 
1983 ,  35 .  68 
1985 ,  35 .  68 
1987 ,  35 .  53 
1984 ,  36 .  98 
1985 ,  36 .  11 
1984 ,  35 .  82 
1983 ,  36 .  84 
1985 ,  36 .  26 
1986 ,  36 .  55 
1986 ,  36 .  84 
1986 ,  37 .  56 
1984 ,  36 .  40 
1984 ,  36 .  26 
1987 ,  35 .  82 
1982 ,  36 .  55 
1983 ,  35 .  82 
1985 ,  36 .  55 
1984 ,  38 .   0 
1986 ,  36 .  98 
1984 ,  36 .  26 
1985 ,  35 .  82 
1985 ,  36 .  84 
1984 ,  36 .  98 
1984 ,  36 .  98 
1984 ,  36 .  84 
1986 ,  36 .  98 
1984 ,  36 .  98 
1983 ,  36 .  84 
1984 ,  35 .  68 
1987 ,  37 .  42 
1986 ,  36 .  55 
1986 ,  36 .  84 
1983 ,  37 .  56 
1987 ,  36 .  84 
1984 ,  35 .  39 
1985 ,  37 .  56 
1985 ,  36 .  84 
1985 ,  36 .  55 
1985 ,  36 .  84 
1983 ,  36 .  55 
1984 ,  36 .  84 
1986 ,  36 .  84 
1986 ,  36 .  26 
1985 ,  36 .  98 
1985 ,  36 .  55 
1985 ,  37 .  56 
1984 ,  36 .  98 
1984 ,  38 .   0 
1981 ,  36 .  98 
1984 ,  36 .  98 
1984 ,  36 .  84 
1983 ,  36 .  98 
1984 ,  36 .  84 
1985 ,  37 .  42 
1986 ,  36 .  98 
1981 ,  37 .  85 
1985 ,  36 .  69 
1984 ,  36 .  98 
1986 ,  38 .   0 
1985 ,  36 .  98 
1978 ,  36 .  69 
1982 ,  35 .  82 
1984 ,  36 .  84 
1984 ,  37 .  42 
1986 ,  39 .  30 
1986 ,  37 .  71 
1986 ,  36 .  98 
1985 ,  36 .  98 
1986 ,  36 .  98 
1984 ,  36 .  98 
1984 ,  36 .  84 
1984 ,  36 .  84 
1984 ,  36 .  84 
1984 ,  37 .  42 
1983 ,  36 .  98 
1984 ,  36 .  98 
1983 ,  36 .  98 
1984 ,  36 .  98 
1984 ,  36 .  55 
1984 ,  36 .  55 
1984 ,  36 .  98 
1985 ,  36 .  40 
1983 ,  36 .  98 
1984 ,  36 .  84 
1984 ,  36 .  98 
1984 ,  36 .  98 
1986 ,  36 .  55 
1985 ,  36 .  26 
1986 ,  36 .  98 
1983 ,  36 .  98 
1985 ,  36 .  98 
1985 ,  38 .   0 
1985 ,  36 .  98 
1985 ,  35 .  82 
1987 ,  36 .  98 
1984 ,  36 .  98 
1985 ,  36 .  84 
1986 ,  36 .  98 
1985 ,  36 .  26 
1985 ,  36 .  55 
1984 ,  37 .  71 
1985 ,  36 .  98 
1985 ,  36 .  98 
1984 ,  36 .  69 
1984 ,  36 .  69 
1982 ,  39 .  30 
1984 ,  38 .  14 
1983 ,  35 .  39 
1984 ,  34 .  52 
1984 ,  36 .  98 
1984 ,  37 .  71 
1986 ,  36 .  98 
1984 ,  38 .  14 
1983 ,  36 .  40 
1983 ,  36 .  98 
1986 ,  35 .  82 
1986 ,  35 .  24 
1984 ,  35 .  68 
1984 ,  35 .  68 
1985 ,  35 .  68 
1984 ,  35 .  24 
1984 ,  37 .  71 
1985 ,  35 .  82 
1984 ,  36 .  40 
1985 ,  35 .  10 
1982 ,  36 .  26 
1984 ,  36 .  98 
1984 ,  36 .  55 
1984 ,  36 .  26 
1984 ,  36 .  40 
1986 ,  35 .  24 
1985 ,  36 .  69 
1985 ,  36 .  26 
1985 ,  36 .  26 
1986 ,  36 .  98 
1984 ,  35 .  82 
1984 ,  36 .  69 
1984 ,  36 .  98 
1986 ,  37 .  42 
1984 ,  36 .  84 
1986 ,  36 .  98 
1984 ,  36 .  98 
1984 ,  38 .  58 
1986 ,  36 .  98 
1985 ,  36 .  40 
1984 ,  36 .  84 
1984 ,  36 .  98 
1986 ,  37 .  42 
1984 ,  36 .  55 
1986 ,  36 .  55 
1986 ,  36 .  98 
1985 ,  36 .  98 
1984 ,  36 .  55 
1985 ,  37 .  71 
1986 ,  36 .  98 
1984 ,  36 .  40 
1984 ,  36 .  40 
1985 ,  36 .  40 
1985 ,  36 .  98 
1984 ,  36 .  84 
1983 ,  36 .  98 
1984 ,  37 .  56 
1984 ,  36 .  98 
1984 ,  36 .  98 
1982 ,  36 .  98 
1984 ,  36 .  98 
1984 ,  36 .  55 
1983 ,  36 .  98 
1981 ,  36 .  98 
1985 ,  36 .  84 
1984 ,  36 .  84 
1985 ,  36 .  84 
1977 ,  36 .  55 
1986 ,  36 .  98 
1980 ,  36 .  84 
1983 ,  37 .  71 
1984 ,  36 .  98 
1983 ,  36 .  98 
1986 ,  36 .  98 
1984 ,  36 .  98 
1975 ,  38 .   0 
1998 ,  36 .  84 
1994 ,  36 .  98 
1984 ,  36 .  98 
1986 ,  36 .  98 
1985 ,  36 .  84 
1984 ,  36 .  40 
1985 ,  36 .  98 
1986 ,  37 .  71 
1986 ,  38 .  14 
1985 ,  36 .  40 
1982 ,  36 .  84 
1983 ,  36 .  40 
1981 ,  36 .  84 
1984 ,  36 .  55 
1981 ,  36 .  98 
1982 ,  37 .  42 
1984 ,  38 .   0 
1982 ,  37 .  42 
1983 ,  37 .  56 
1984 ,  36 .  98 
1981 ,  36 .  55 
1982 ,  36 .  84 
1983 ,  36 .  84 
1982 ,  36 .  98 
1982 ,  36 .  26 
1983 ,  36 .  98 
1982 ,  37 .  42 
1982 ,  36 .  84 
1980 ,  36 .  40 
1982 ,  36 .  98 
1981 ,  37 .  42 
1982 ,  36 .  84 
1983 ,  36 .  84 
1984 ,  36 .  98 
1982 ,  36 .  98 
1981 ,  36 .  40 
1981 ,  36 .  84 
1982 ,  36 .  98 
1983 ,  36 .  98 
1983 ,  36 .  98 
1983 ,  36 .  98 
1981 ,  36 .  84 
1981 ,  36 .  84 
1982 ,  39 .  16 
1981 ,  38 .   0 
1980 ,  39 .  30 
1981 ,  36 .  98 
1981 ,  35 .  39 
1981 ,  33 .  94 
1982 ,  36 .  98 
1980 ,  36 .  98 
1981 ,  36 .  26 
1982 ,  36 .  84 
1981 ,  36 .  98 
1980 ,  36 .  26 
1981 ,  36 .  40 
1981 ,  35 .  39 
1982 ,  36 .  40 
1981 ,  36 .  26 
1982 ,  36 .  26 
1982 ,  35 .  24 
1980 ,  36 .  84 
1981 ,  35 .  97 
1982 ,  36 .  84 
1982 ,  36 .  26 
1980 ,  35 .  82 
1981 ,  35 .  82 
1981 ,  36 .  26 
1982 ,  35 .  68 
1982 ,  36 .  84 
1980 ,  36 .  40 
1982 ,  36 .  40 
1983 ,  35 .  82 
1980 ,  37 .  56 
1983 ,  35 .  10 
1981 ,  36 .  40 
1983 ,  36 .  98 
1984 ,  36 .  55 
1984 ,  36 .  26 
1986 ,  36 .  98 
1986 ,  36 .  55 
1988 ,  37 .  42 
1987 ,  36 .  98 
1989 ,  35 .  82 
1992 ,  37 .  71 
1990 ,  37 .  42 
1988 ,  36 .  84 
1986 ,  36 .  84 
1987 ,  36 .  69 
1988 ,  36 .  98 
1986 ,  36 .  55 
1986 ,  36 .  98 
1985 ,  36 .  84 
1985 ,  36 .  98 
1986 ,  36 .  98 
1984 ,  36 .  69 
1982 ,  36 .  98 
1985 ,  36 .  84 
1984 ,  36 .  98 
1985 ,  37 .  56 
1984 ,  37 .  42 
1983 ,  36 .  84 
1984 ,  35 .  82 
1984 ,  36 .  26 
1984 ,  36 .  98 
1983 ,  39 .  16 
1983 ,  36 .  84 
1985 ,  36 .  98 
1985 ,  36 .  98 
1982 ,  36 .  98 
1984 ,  38 .   0 
1984 ,  38 .   0 
1973 ,  36 .  98 
1981 ,  36 .  98 
1978 ,  37 .  56 
1984 ,  37 .  56 
1983 ,  37 .  42 
1983 ,  36 .  40 
1984 ,  36 .  98 
1981 ,  37 .  56 
1994 ,  36 .  98 
1990 ,  36 .  98 
1976 ,  35 .  82 
1986 ,  36 .  98 
1984 ,  36 .  84 
1984 ,  37 .  56 
1986 ,  36 .  98 
1983 ,  36 .  55 
1982 ,  35 .  68 
1983 ,  36 .  98 
1983 ,  37 .  71 
1984 ,  36 .  98 
1982 ,  36 .  98 
1984 ,  36 .  98 
1982 ,  36 .  98 
1982 ,  37 .  42 
1981 ,  37 .  42 
1982 ,  36 .  98 
1983 ,  36 .  98 
1983 ,  36 .  98 
1986 ,  38 .   0 
1983 ,  36 .  98 
1983 ,  36 .  55 
1982 ,  35 .  68 
1984 ,  36 .  98 
1983 ,  37 .  71 
1983 ,  36 .  98 
1982 ,  36 .  98 
1984 ,  38 .   0 
1983 ,  37 .  42 
1985 ,  36 .  98 
1981 ,  36 .  69 
1983 ,  37 .  42 
1983 ,  36 .  98 
1985 ,  37 .  71 
1984 ,  36 .  98 
1984 ,  36 .  69 
1984 ,  36 .  98 
1982 ,  37 .  71 
1984 ,  36 .  98 
1982 ,  36 .  98 
1983 ,  37 .  56 
1984 ,  36 .  98 
1983 ,  38 .   0 
1984 ,  36 .  84 
1983 ,  36 .  26 
1984 ,  39 .  30 
1984 ,  36 .  84 
1984 ,  35 .  82 
1983 ,  36 .  84 
1982 ,  36 .  98 
1983 ,  38 .   0 
1982 ,  38 .  58 
1984 ,  36 .  98 
1984 ,  36 .  26 
1985 ,  35 .  82 
1986 ,  36 .  98 
1982 ,  36 .  26 
1984 ,  35 .  68 
1982 ,  36 .  26 
1983 ,  35 .  39 
1984 ,  36 .  84 
1983 ,  36 .  55 
1984 ,  36 .  55 
1984 ,  37 .  85 
1984 ,  37 .  56 
1986 ,  35 .  24 
1985 ,  34 .  81 
1984 ,  36 .  84 
1984 ,  36 .  40 
1984 ,  36 .  40 
1985 ,  36 .  40 
1984 ,  36 .  98 
1982 ,  36 .  98 
1986 ,  36 .  84 
1984 ,  36 .  98 
1983 ,  36 .  98 
1986 ,  36 .  98 
1984 ,  36 .  98 
1985 ,  36 .  98 
1985 ,  36 .  84 
1981 ,  37 .  42 
1985 ,  36 .  98 
1985 ,  36 .  55 
1984 ,  36 .  98 
1986 ,  36 .  84 
1982 ,  36 .  26 
1985 ,  35 .  82 
1985 ,  35 .  82 
1986 ,  36 .  84 
1985 ,  36 .  84 
1984 ,  37 .  71 
1984 ,  36 .  84 
1985 ,  36 .  98 
1984 ,  35 .  82 
1985 ,  36 .  84 
1985 ,  36 .  98 
1984 ,  37 .  71 
1984 ,  36 .  98 
1985 ,  36 .  40 
1982 ,  36 .  98 
1986 ,  36 .  98 
1983 ,  36 .  55 
1978 ,  38 .  14 
1984 ,  37 .  42 
1984 ,  36 .  98 
1985 ,  37 .  42 
1985 ,  38 .   0 
1987 ,  38 .   0 
1986 ,  37 .  56 
1986 ,  36 .  98 
1985 ,  36 .  98 
1994 ,  37 .  71 
1980 ,  38 .  58 
1983 ,  36 .  84 
1977 ,  36 .  98 
1978 ,  38 .   0 
1986 ,  36 .  98 
1982 ,  36 .  98 
1985 ,  36 .  98 
1986 ,  36 .  98 
1985 ,  36 .  98 
1987 ,  37 .  42 
1988 ,  37 .  71 
1986 ,  36 .  40 
1982 ,  36 .  40 
1984 ,  37 .  56 
1986 ,  36 .  98 
1984 ,  36 .  98 
1986 ,  37 .  42 
1986 ,  38 .   0 
1984 ,  38 .   0 
1981 ,  36 .  98 
1982 ,  37 .  42 
1984 ,  36 .  98 
1985 ,  36 .  98 
1984 ,  36 .  98 
1986 ,  36 .  69 
1986 ,  36 .  55 
1984 ,  37 .  71 
1983 ,  37 .  42 
1984 ,  37 .  56 
1984 ,  37 .  56 
1984 ,  36 .  98 
1983 ,  36 .  98 
1984 ,  37 .  71 
1984 ,  38 .   0 
1982 ,  36 .  84 
1985 ,  37 .  71 
1985 ,  38 .   0 
1984 ,  36 .  98 
1983 ,  36 .  98 
