light,temp
955,56.56
958,56.71
964,56.13
956,56.56
956,56.71
956,56.71
962,57.72
958,57.29
954,56.71
958,56.56
965,54.97
957,56.42
956,55.55
957,56.42
964,55.55
959,56.27
955,56.71
957,56.71
961,55.55
959,56.13
954,56.71
958,56.56
963,55.55
955,56.27
956,56.13
960,57.29
962,56.13
958,55.55
953,56.27
957,54.97
963,55.55
960,56.56
956,56.13
960,56.71
968,57.72
956,54.82
952,55.98
954,55.11
963,55.40
957,56.71
953,56.13
958,56.13
962,56.71
958,55.98
953,56.42
959,55.55
964,56.71
956,56.56
956,57.72
959,57.43
964,56.71
956,56.42
955,56.71
960,57.29
966,55.40
958,56.71
955,57.14
962,55.26
961,56.13
959,56.56
954,56.13
958,56.56
963,57.72
957,56.13
955,56.13
961,55.55
962,56.71
959,57.58
955,55.55
959,57.29
962,55.55
956,56.13
954,56.56
960,56.56
963,56.13
958,56.85
954,57.43
959,55.55
963,56.13
956,56.13
956,56.13
962,57.87
962,57.72
955,56.42
954,56.71
960,57.58
962,56.71
956,56.42
953,57.14
960,54.39
960,56.71
955,57.58
954,57.14
962,56.71
960,57.43
956,56.71
952,56.13
958,55.55
964,56.71
957,56.71
952,56.71
958,55.55
964,56.56
955,56.13
958,57.14
960,56.27
962,56.13
956,56.13
955,56.13
960,56.71
962,56.13
956,56.71
956,57.29
959,57.29
961,56.13
958,55.55
954,56.71
959,56.71
962,55.55
953,55.98
953,56.42
963,56.13
963,55.98
955,56.71
954,56.56
959,57.72
960,56.13
955,56.13
957,56.71
960,56.42
961,50.90
956,56.13
953,56.56
960,56.13
961,55.40
956,57.14
958,57.58
964,56.71
961,55.84
953,56.56
959,56.56
960,55.98
961,57.43
957,56.42
954,56.13
962,56.13
963,57.58
955,56.42
955,56.13
961,56.56
961,55.98
956,57.14
956,56.56
961,56.56
962,56.56
954,56.71
955,57.72
961,55.40
962,56.42
956,56.42
956,56.71
963,56.71
963,56.71
956,55.55
956,55.55
960,55.98
962,56.13
958,57.14
955,56.56
963,56.42
961,56.13
956,56.13
955,56.71
962,57.43
963,57.87
955,55.98
956,56.27
961,56.71
961,56.13
954,56.56
955,56.56
960,58.1
960,54.68
955,56.56
956,58.74
963,57.0
966,57.43
954,56.56
956,57.29
961,55.98
961,57.29
956,56.71
954,56.42
961,57.72
962,56.56
956,56.13
954,57.72
962,55.40
960,56.42
957,56.71
957,57.14
962,56.56
962,58.30
955,56.13
955,56.56
960,56.56
960,56.42
956,56.71
956,56.56
962,57.29
960,56.13
955,56.71
955,55.55
960,57.29
960,56.13
955,55.55
954,57.72
962,57.87
962,57.29
954,57.0
956,57.72
961,55.26
960,56.42
955,55.55
956,56.71
962,57.87
962,56.71
954,56.71
953,56.42
961,55.98
960,56.56
954,57.29
953,56.42
960,58.30
960,57.87
954,56.56
956,56.71
960,56.27
960,56.13
953,56.56
956,56.71
962,54.82
960,55.98
952,56.71
956,57.29
963,57.72
960,56.71
953,56.56
956,56.56
962,57.72
960,56.71
956,56.56
956,56.56
962,55.55
963,57.87
956,57.29
958,56.27
961,57.29
960,57.43
952,56.27
957,55.55
962,56.13
960,56.56
955,56.71
957,56.56
962,56.27
961,56.13
954,56.42
955,57.72
962,57.0
962,57.72
956,54.82
956,56.42
962,56.42
961,55.84
956,55.55
954,56.13
962,56.71
962,57.72
956,56.56
959,56.71
960,55.84
961,55.98
952,55.98
956,56.71
962,55.98
960,56.42
955,56.71
958,56.56
963,56.56
961,55.55
955,56.71
955,56.27
962,55.26
961,55.26
955,56.85
957,56.71
960,56.71
960,55.40
955,54.39
955,56.42
961,56.13
960,57.72
954,56.71
959,56.71
963,55.84
959,56.71
957,57.87
956,56.71
961,57.72
958,56.71
954,58.16
956,56.56
963,56.56
958,57.14
952,55.84
955,57.29
961,56.56
957,55.98
954,54.39
958,56.56
961,56.71
958,56.56
948,55.98
956,56.56
960,56.27
961,55.55
958,56.13
958,57.43
962,55.55
959,56.71
951,56.42
958,55.55
962,57.14
960,57.87
953,55.98
953,56.71
964,57.58
957,56.71
954,55.98
958,56.71
962,58.59
961,56.71
955,56.13
955,56.71
964,57.29
959,57.29
955,57.14
958,56.71
961,56.13
959,56.42
953,56.71
958,56.13
963,57.14
960,56.42
954,57.29
957,56.71
961,54.39
959,55.55
956,58.45
958,59.3
964,55.55
959,55.84
952,56.13
958,56.42
960,56.71
959,57.72
954,59.61
961,57.14
964,56.71
957,56.71
954,57.14
958,56.71
964,55.40
961,56.13
954,56.71
959,56.13
966,56.71
959,55.98
954,56.42
959,56.42
961,56.56
957,55.55
955,56.56
959,56.56
966,57.14
959,56.42
953,57.14
957,56.13
963,56.71
959,56.56
954,56.56
959,55.55
966,56.71
957,56.13
955,55.84
957,55.98
963,56.71
958,56.42
953,54.97
959,56.13
962,56.71
958,56.27
955,56.27
958,56.71
964,57.14
959,56.13
958,54.82
958,57.14
965,57.43
957,57.58
953,56.27
962,57.14
966,57.29
959,56.56
958,55.11
962,55.98
962,57.29
960,56.71
954,55.55
958,56.71
963,56.56
959,55.98
956,56.27
959,55.55
962,55.55
957,56.27
955,55.55
957,55.98
965,54.97
959,56.71
954,57.29
962,56.71
962,58.1
958,57.14
952,56.71
960,56.42
963,56.56
956,55.55
956,56.71
960,57.72
964,56.13
956,55.98
953,55.55
958,56.13
964,57.14
958,57.72
954,56.27
959,56.71
961,56.71
958,57.29
955,56.13
962,57.14
962,56.27
955,56.42
956,56.13
960,56.56
964,55.98
958,55.98
956,56.13
962,57.14
963,56.27
957,56.71
955,56.42
961,57.14
964,57.87
958,57.58
956,56.71
961,56.27
964,57.43
957,56.13
955,57.29
959,57.29
963,56.42
955,57.72
954,55.55
957,56.42
960,56.71
958,56.56
955,57.14
962,56.56
961,56.56
957,55.40
955,56.71
959,55.55
963,56.71
958,56.71
954,56.42
959,57.29
962,55.55
956,55.55
954,56.56
961,57.14
966,55.55
958,57.43
955,56.71
959,55.84
960,57.58
953,56.27
955,56.13
960,56.71
962,57.43
954,56.42
955,56.71
960,56.71
963,56.56
956,57.87
956,56.71
959,55.98
962,56.71
955,56.71
953,55.55
960,56.71
963,56.71
956,57.14
955,56.42
960,55.98
961,55.40
956,58.45
956,56.71
961,56.13
960,56.71
956,55.11
953,55.55
960,56.56
964,57.14
958,57.29
956,56.27
960,56.56
962,57.29
953,56.56
955,56.13
960,56.13
960,57.87
956,56.13
956,56.56
962,56.71
962,56.56
958,56.56
955,56.56
962,57.29
964,57.14
954,56.71
958,55.98
962,56.71
961,56.13
955,55.55
954,56.56
962,57.14
962,56.13
955,56.42
959,55.98
960,57.0
961,56.42
956,56.13
958,57.14
961,56.27
961,56.13
957,55.55
955,56.13
963,56.71
963,57.29
953,56.71
954,57.72
960,55.84
962,56.42
955,55.40
954,56.56
961,56.71
963,57.14
956,56.71
953,57.14
960,56.71
962,57.14
958,56.71
955,55.55
961,55.55
962,57.43
954,58.30
954,56.71
961,55.98
961,54.97
957,55.55
955,55.98
963,56.13
961,55.55
955,56.13
954,56.56
962,56.71
962,56.27
955,55.98
954,56.42
961,56.71
962,57.72
960,57.14
956,56.71
961,56.56
960,57.14
953,55.55
956,56.71
963,57.14
962,56.71
953,55.98
955,56.71
961,55.55
962,56.13
958,57.43
954,56.71
963,55.40
961,56.42
956,56.71
958,56.71
962,56.27
963,56.71
956,56.71
956,57.29
963,56.71
962,58.45
955,56.56
951,55.98
963,56.71
960,56.42
953,56.27
958,56.56
962,56.13
962,57.72
956,56.71
954,55.98
961,56.71
959,56.71
956,56.56
958,56.71
962,57.14
961,56.71
954,56.71
956,56.13
962,56.71
962,57.14
955,56.71
953,55.26
961,55.98
960,56.13
954,56.56
954,56.56
962,55.40
962,56.71
955,56.13
957,55.26
961,56.56
957,56.56
953,56.71
958,56.71
962,57.14
960,56.56
956,56.71
955,55.98
962,56.56
959,55.84
952,57.14
956,54.39
963,55.55
960,57.29
954,54.10
959,56.56
962,56.13
960,57.14
954,56.42
956,56.42
962,56.13
959,55.40
955,55.55
957,55.55
962,55.11
960,57.58
955,57.29
955,55.40
962,56.56
962,56.13
954,55.55
956,57.14
962,56.71
959,56.13
956,57.29
956,58.1
961,57.14
962,57.14
956,57.43
956,56.42
961,55.40
962,57.14
954,57.29
959,56.85
966,57.0
959,56.71
957,56.42
957,59.61
961,56.42
961,57.72
954,57.14
955,56.13
961,55.98
957,55.55
953,57.14
959,56.71
960,56.71
958,56.71
954,56.71
956,55.98
961,56.13
963,56.13
955,56.71
958,57.43
962,55.98
958,55.40
951,55.55
956,56.56
962,56.56
960,56.13
955,56.71
959,55.55
960,56.71
959,57.58
954,56.56
960,56.71
966,57.58
958,56.13
953,55.26
957,56.71
963,55.98
959,56.13
954,57.29
958,57.14
961,56.42
959,55.84
955,56.27
955,56.71
963,56.42
960,57.29
954,57.29
959,56.56
961,56.56
958,53.81
953,56.71
958,56.56
963,56.71
959,55.55
955,56.56
957,57.29
962,56.71
958,55.98
951,57.14
959,56.13
963,55.55
957,56.27
953,54.39
956,56.13
960,55.55
956,58.30
954,57.72
959,55.55
963,54.97
957,57.43
952,56.71
958,56.56
961,56.56
956,57.29
954,57.29
959,55.98
964,56.56
960,55.55
954,57.87
960,57.72
963,57.29
957,56.71
954,55.55
957,56.42
962,56.56
958,56.13
954,56.56
959,55.55
963,56.71
958,55.55
953,57.29
958,56.71
964,56.71
959,55.55
953,55.98
957,56.56
962,56.56
958,56.71
954,56.13
959,57.0
962,56.13
960,56.71
952,57.58
957,55.55
964,56.13
956,56.13
955,57.29
958,56.56
964,57.14
959,56.56
954,57.58
958,56.71
962,56.56
958,55.55
953,57.29
957,55.84
961,56.27
957,56.13
953,56.56
959,54.24
962,57.87
958,58.45
956,57.43
960,55.26
961,55.55
958,57.72
954,57.87
958,55.55
962,56.13
958,56.42
953,56.13
958,56.85
963,57.29
959,55.40
954,57.14
960,55.98
962,55.55
959,56.13
955,55.55
960,57.29
963,56.71
959,57.87
958,57.29
958,57.29
966,57.72
959,56.42
954,56.13
957,55.55
963,57.29
958,56.71
955,56.71
959,56.56
960,56.71
954,56.42
953,56.71
959,55.55
962,57.43
957,57.29
953,57.14
958,55.55
963,55.98
957,57.58
952,56.71
959,56.71
963,56.71
954,57.58
953,57.29
957,57.29
961,55.55
956,56.13
958,56.27
959,55.55
963,56.56
955,56.13
954,55.26
959,57.14
963,56.42
956,55.40
954,56.71
959,56.42
966,56.56
957,55.55
956,56.71
957,56.56
963,56.13
957,56.13
955,56.71
960,56.56
963,57.29
956,57.72
958,57.58
960,56.27
961,56.27
956,57.72
957,56.13
962,57.14
965,56.56
956,56.42
951,56.13
959,56.56
963,55.98
956,56.13
956,57.29
960,56.71
966,56.71
956,55.26
955,56.71
960,56.71
962,56.13
958,57.58
949,56.56
961,56.13
962,56.71
957,56.71
955,56.71
960,57.14
963,56.71
957,56.13
956,56.71
962,55.40
963,56.56
958,57.87
956,57.87
962,57.72
963,56.71
955,56.13
953,55.55
960,54.97
964,56.71
955,54.82
955,57.72
960,56.42
963,55.98
955,55.55
954,56.71
960,55.55
962,56.71
954,56.56
956,57.0
961,56.56
964,56.56
958,56.56
958,56.56
957,56.13
963,56.42
955,56.13
955,56.56
963,56.13
962,56.71
955,56.56
953,56.13
960,55.55
963,56.56
957,57.14
954,55.55
966,56.56
964,56.71
957,57.58
956,55.55
961,55.55
962,57.29
957,55.98
956,55.98
960,56.56
963,57.14
958,56.71
957,56.56
960,57.14
963,56.71
954,57.58
955,57.29
963,55.55
962,57.29
958,57.58
956,56.56
962,56.71
965,57.58
956,55.84
955,56.27
960,55.40
962,56.13
958,56.56
958,57.72
961,56.71
961,56.71
956,57.29
956,55.55
964,56.13
964,57.43
954,56.71
956,56.13
961,56.71
963,56.56
955,56.13
956,57.14
961,56.27
962,56.71
957,56.71
956,57.29
963,56.56
963,55.98
956,55.55
958,57.43
964,56.71
961,56.13
952,56.71
955,57.14
962,56.56
962,56.27
955,56.13
956,56.56
963,56.71
961,56.13
958,56.13
954,57.87
962,57.0
962,57.14
953,57.43
956,55.98
961,56.56
963,55.55
955,57.29
959,55.55
964,56.56
960,55.98
956,56.56
955,55.55
962,56.42
962,56.27
956,56.13
957,55.55
960,56.56
960,54.24
955,57.43
958,56.71
961,56.71
961,56.71
955,56.13
958,55.55
960,56.56
960,56.56
956,55.55
958,56.71
961,56.56
963,56.13
956,56.13
958,57.72
962,54.97
961,55.98
954,57.14
955,57.43
964,56.56
960,56.71
958,56.13
958,57.29
963,56.27
962,56.27
953,56.71
956,56.42
966,56.56
964,57.29
954,54.39
958,55.98
968,57.14
962,56.71
954,57.87
954,56.56
961,55.40
960,56.56
955,56.71
959,56.71
963,56.56
960,57.14
955,57.29
958,57.29
962,57.29
960,55.84
955,55.98
958,57.29
962,57.14
962,57.72
952,57.29
957,56.71
962,56.56
959,56.27
955,57.72
955,56.56
962,56.56
959,56.13
954,57.72
955,56.42
961,56.13
957,55.40
957,56.71
958,56.71
962,56.13
958,56.27
953,55.40
957,56.56
962,55.98
960,56.71
955,57.87
958,56.71
960,55.98
960,56.27
955,55.98
955,55.98
960,56.71
957,56.42
955,56.13
954,56.71
960,56.13
960,56.13
951,57.87
955,55.55
962,56.71
958,56.56
954,55.55
956,55.98
963,56.27
957,56.71
951,57.87
953,55.55
964,57.29
959,57.14
955,56.71
956,55.55
963,56.42
954,56.13
955,55.55
958,57.43
960,56.71
958,55.40
948,56.71
952,56.56
954,55.98
944,56.71
932,55.55
921,56.56
915,55.55
901,56.42
886,56.71
886,56.71
888,56.56
882,57.29
878,56.71
874,56.13
880,56.56
879,56.56
871,55.55
871,56.13
878,56.56
874,56.13
872,57.72
869,56.13
875,56.71
872,55.55
870,56.71
870,55.98
878,57.58
873,56.71
864,57.29
869,56.71
876,56.71
870,56.56
866,56.56
868,56.13
876,57.14
872,56.71
866,56.42
869,56.13
875,55.98
872,56.56
866,56.71
872,55.98
874,56.71
871,56.42
864,57.58
871,56.13
876,56.71
870,56.71
864,57.43
869,55.55
871,56.71
871,57.29
866,56.13
870,56.56
874,56.56
872,56.71
868,55.84
872,56.13
873,56.71
868,56.71
865,56.13
870,57.29
874,55.55
870,57.29
866,56.71
871,54.68
872,56.42
868,55.55
864,56.13
870,56.71
873,56.13
871,56.42
863,56.71
870,58.1
874,56.71
870,56.27
865,56.85
869,56.56
873,56.42
868,56.71
863,57.0
869,56.42
874,56.13
870,57.43
865,56.13
868,56.27
873,55.55
866,56.13
866,57.14
870,57.14
873,57.87
868,56.42
861,56.56
868,56.71
874,56.13
872,57.14
865,56.27
869,54.39
872,56.13
865,56.27
868,56.56
870,55.55
874,57.14
869,56.71
864,55.55
869,56.13
872,55.98
872,56.56
864,57.29
870,57.29
875,59.3
867,56.27
865,56.13
866,55.84
874,55.98
867,56.27
866,55.55
867,55.55
874,56.13
870,56.71
863,56.71
869,57.58
875,55.55
869,57.14
866,57.72
869,57.72
874,56.13
868,56.13
866,55.55
870,56.13
873,56.27
868,56.71
866,56.56
869,56.13
874,57.29
868,56.71
866,56.71
868,56.42
873,56.27
869,56.71
864,56.13
870,55.55
871,56.71
867,56.42
867,58.16
872,56.71
874,56.56
870,56.71
864,56.27
867,56.71
872,56.13
866,56.71
864,57.14
871,55.55
872,55.84
871,57.14
865,56.71
865,55.55
874,56.71
870,56.71
867,56.56
871,56.56
875,56.13
867,56.71
863,56.71
872,56.13
874,56.56
870,57.14
865,57.58
870,56.71
873,56.42
878,56.13
886,57.58
903,56.71
919,55.55
925,55.98
931,57.29
941,55.55
948,56.71
946,57.29
942,57.14
949,56.13
952,55.26
948,55.55
950,57.14
954,56.71
955,56.56
951,56.71
948,56.13
953,56.71
959,56.13
954,57.14
953,55.55
957,56.27
964,56.71
956,56.13
954,57.29
955,57.14
961,56.27
956,56.13
953,56.71
960,56.56
964,56.13
959,57.14
955,54.82
961,55.55
963,56.13
956,56.71
958,55.55
962,56.71
963,56.13
958,57.29
954,57.0
961,55.26
961,56.42
961,57.14
959,56.71
965,56.13
962,56.42
959,56.13
957,55.55
963,54.24
965,56.13
960,56.13
959,56.13
965,55.55
970,57.0
962,56.71
961,55.55
965,56.42
969,56.42
962,56.71
959,56.71
969,57.43
964,55.55
960,54.39
959,57.58
966,57.72
970,58.88
966,57.29
962,58.45
965,55.55
967,56.56
960,57.14
960,56.42
964,56.56
968,57.29
962,56.56
960,57.14
968,57.87
970,57.72
964,56.56
957,55.55
963,56.71
967,56.71
964,56.85
959,57.87
963,55.40
970,57.58
960,55.98
957,56.71
964,56.13
964,56.13
960,56.13
958,57.14
963,56.42
966,56.42
960,56.13
958,55.55
964,55.55
966,56.27
959,56.71
957,55.40
965,56.56
966,57.14
960,56.71
957,57.29
963,55.55
965,56.71
957,56.13
958,56.56
966,57.29
968,56.13
962,56.71
959,55.55
968,57.29
964,56.42
960,55.55
961,56.13
966,56.27
967,56.56
960,56.71
962,56.13
963,54.82
961,53.81
959,56.13
961,56.13
966,57.87
964,56.56
958,57.43
960,57.58
963,57.87
964,56.71
957,55.55
962,56.13
968,55.55
968,56.71
961,56.71
958,56.71
962,54.97
968,56.71
960,56.71
961,56.13
963,54.97
966,56.71
957,55.98
959,56.13
964,56.71
966,57.29
960,56.27
959,56.71
965,55.55
961,56.71
959,56.71
962,56.71
964,56.56
964,56.42
961,56.71
960,56.27
970,57.14
967,56.27
959,57.29
958,55.55
965,55.98
964,56.71
959,56.13
962,57.29
966,56.13
966,57.72
960,56.13
959,57.58
964,53.22
967,56.85
959,56.71
962,56.71
967,55.55
964,56.42
957,56.71
962,56.13
966,55.98
966,56.56
963,56.71
961,57.43
963,56.13
963,56.13
958,56.56
960,57.0
967,56.13
968,57.43
960,56.42
960,56.42
965,56.71
970,57.14
960,57.29
962,57.87
968,55.98
970,55.98
962,56.71
960,55.98
965,55.40
961,56.42
958,56.56
961,57.29
963,55.40
965,55.98
960,56.85
962,56.71
970,56.27
964,55.98
959,56.71
959,56.13
964,57.14
964,56.71
960,57.14
961,55.55
965,56.42
965,58.30
962,57.14
963,57.29
968,57.14
965,56.71
960,56.13
960,56.71
968,57.14
963,57.14
957,56.71
961,56.71
963,55.84
964,56.71
959,56.13
962,57.14
968,56.71
966,57.14
957,56.71
960,56.71
968,56.56
966,56.71
958,56.71
961,55.55
966,56.13
965,55.40
960,57.29
962,56.71
968,56.27
966,56.71
958,56.71
961,57.58
968,56.13
966,57.29
962,56.27
961,56.27
968,56.71
964,56.13
960,56.56
966,56.13
964,57.14
965,56.71
957,56.56
961,57.0
965,55.55
958,56.71
942,57.29
925,56.71
914,56.13
899,56.71
891,57.43
889,55.98
891,55.55
888,56.71
882,56.56
882,56.56
890,56.71
884,55.98
877,56.56
885,56.27
900,57.0
896,55.55
884,56.13
890,55.40
922,57.87
934,57.43
937,54.82
945,56.27
953,57.58
945,56.71
926,57.14
915,56.71
908,56.42
895,56.71
884,54.39
885,57.14
889,57.14
890,56.71
878,56.56
892,56.13
907,56.13
893,57.29
880,56.42
888,57.72
919,57.29
918,56.71
897,57.87
888,56.13
892,56.71
886,56.42
882,57.14
882,56.71
889,55.55
895,56.71
893,56.42
896,56.71
896,56.56
890,56.27
882,56.71
883,54.97
882,56.71
877,56.42
876,56.71
879,55.55
883,56.13
879,56.71
873,56.42
874,57.72
882,57.14
877,56.71
872,54.97
874,56.71
878,54.97
877,56.13
873,56.71
878,57.87
882,56.71
876,56.56
870,56.71
877,56.42
880,56.71
878,55.98
870,55.98
879,57.14
880,56.56
882,56.27
897,56.71
921,57.14
937,56.13
938,56.13
943,57.14
949,56.13
954,56.71
951,56.71
952,56.71
958,56.42
960,56.56
956,56.13
952,55.55
956,56.56
962,56.13
956,56.71
955,56.56
958,56.71
965,56.71
960,56.56
954,56.71
960,56.13
963,55.98
961,57.72
958,56.71
960,55.98
965,55.55
959,56.42
956,56.13
962,55.55
966,57.43
961,57.29
957,56.56
962,57.14
965,56.42
961,58.16
956,56.13
962,56.71
966,56.71
961,56.13
959,56.56
961,56.71
960,55.55
962,56.56
958,56.56
962,57.87
962,56.56
963,57.29
958,56.71
965,56.71
964,56.13
961,56.42
959,56.56
965,57.29
968,57.14
966,55.98
962,56.71
964,57.14
966,57.29
963,55.55
957,56.13
962,57.29
968,56.56
962,56.13
958,57.72
965,56.71
969,56.42
961,56.71
960,57.14
966,56.71
969,55.55
960,57.29
958,56.13
963,56.27
968,56.13
960,56.42
957,56.71
965,56.71
967,56.71
960,56.13
960,54.39
964,57.43
968,56.13
960,55.84
957,56.56
962,56.13
965,57.29
962,56.71
958,55.40
965,56.85
967,57.72
962,57.87
960,56.56
963,57.72
967,57.87
963,57.14
959,55.26
965,57.29
967,55.84
959,55.55
959,54.97
964,56.13
968,56.56
962,57.29
961,56.56
965,56.56
968,56.71
962,57.14
959,57.29
962,55.55
967,56.71
962,55.98
959,55.55
966,57.29
968,56.56
962,56.71
958,57.14
964,56.27
967,56.71
961,56.71
960,55.98
966,55.55
968,57.87
962,58.45
957,56.13
964,55.84
966,56.71
959,55.55
960,55.55
964,55.98
967,56.71
963,56.71
959,56.27
964,55.55
967,56.56
960,56.13
960,56.85
966,55.98
968,55.98
959,56.71
958,57.72
964,54.97
967,56.56
961,55.98
959,56.56
967,56.56
965,56.13
960,55.55
955,54.39
964,56.56
965,55.55
961,56.56
960,56.13
964,56.71
967,56.13
960,56.27
957,56.13
964,56.13
968,56.56
962,55.55
960,56.13
965,56.71
966,55.55
962,56.56
963,55.40
966,56.56
970,56.71
960,56.42
961,56.42
965,56.13
968,55.40
962,56.71
961,57.29
965,57.14
966,55.98
959,56.71
960,57.0
965,57.29
965,56.13
960,57.14
960,56.71
965,56.56
965,55.55
960,56.71
957,56.13
965,56.13
968,57.43
961,56.42
960,57.72
965,54.39
965,56.13
960,57.0
960,57.29
966,57.72
968,58.30
960,56.27
959,55.98
965,56.42
966,56.13
960,56.56
962,56.85
967,55.98
965,55.98
958,56.13
962,57.43
964,57.14
962,54.97
960,56.71
961,55.98
966,57.29
965,55.55
958,57.14
962,57.14
966,56.71
964,56.56
960,54.39
961,56.71
965,54.97
967,56.13
960,58.45
960,56.71
965,53.8
969,54.39
960,56.71
961,56.13
965,56.56
967,55.11
957,56.27
960,57.14
968,56.27
967,56.71
961,56.13
961,55.55
969,55.40
968,57.72
959,55.55
960,56.27
964,57.29
963,56.56
959,56.71
962,55.98
968,57.14
966,56.71
960,56.27
961,56.56
963,57.58
965,57.0
958,57.29
959,55.11
965,56.56
964,56.13
958,56.56
962,56.13
970,57.87
968,57.87
958,56.27
961,55.55
966,57.0
967,56.71
957,56.71
962,57.14
968,56.56
964,57.14
960,54.39
961,55.55
964,56.71
961,56.13
959,56.13
962,57.43
967,57.29
964,57.58
960,56.56
962,56.13
964,57.29
965,55.26
960,56.13
962,56.56
970,57.87
966,55.84
959,56.71
962,57.14
967,56.13
966,57.29
959,53.95
962,56.71
965,57.29
965,56.71
960,55.40
963,56.71
967,56.71
964,56.13
958,55.98
960,55.84
966,56.42
965,56.71
960,56.13
963,57.29
971,57.43
966,57.58
959,56.42
960,56.42
968,57.14
968,55.11
962,55.98
962,58.45
966,56.71
964,55.55
956,56.56
960,55.84
965,56.71
964,55.55
961,56.56
963,56.71
968,56.56
964,57.72
960,56.71
962,56.42
967,56.13
965,55.40
962,56.71
961,57.14
969,57.14
962,56.56
957,56.13
964,56.56
968,56.13
966,55.55
959,52.6
961,56.42
965,56.56
964,56.71
959,56.71
962,57.29
968,57.72
964,56.71
960,56.71
961,56.71
968,57.29
964,55.40
960,56.56
963,57.29
968,57.72
964,55.55
957,56.71
960,55.55
968,54.97
968,55.40
960,56.56
963,57.29
968,56.71
961,56.71
955,56.27
960,56.13
968,57.29
962,57.14
959,57.14
961,56.27
966,56.27
964,56.71
960,54.82
966,57.29
968,55.40
963,54.24
959,55.98
961,56.27
966,57.43
960,54.10
962,56.71
963,57.58
967,57.29
965,54.24
959,56.27
960,56.71
968,57.29
964,57.29
960,56.13
966,56.71
970,55.55
964,57.29
958,56.42
961,56.13
970,54.39
964,57.72
960,56.56
966,56.56
970,57.43
960,56.56
959,56.27
964,56.71
967,57.29
961,55.55
962,56.56
964,56.56
968,55.55
964,57.43
960,56.56
964,56.71
968,56.71
965,54.10
961,57.29
963,55.55
968,57.72
960,56.13
961,56.42
961,56.13
968,57.29
962,56.13
962,57.58
965,56.42
967,56.13
961,55.55
959,55.55
962,57.43
966,54.82
965,56.42
960,56.71
963,55.26
968,57.14
962,57.14
958,57.0
965,56.42
967,56.71
961,56.56
959,55.55
964,57.0
970,56.13
964,56.27
958,55.98
964,55.84
970,57.87
964,57.14
958,56.42
964,56.71
969,55.40
963,55.55
958,57.29
968,57.0
968,57.87
966,57.87
962,56.71
967,56.56
968,55.98
962,54.97
960,57.43
962,56.71
969,55.55
962,55.98
962,56.13
963,57.43
968,57.29
960,56.71
957,56.13
964,55.40
969,57.14
960,57.14
958,56.42
965,56.71
969,57.14
961,55.98
958,56.13
966,57.72
967,56.56
956,54.39
963,55.55
965,56.71
969,57.29
961,55.26
960,56.71
966,57.14
968,56.42
963,56.71
958,56.27
964,56.71
970,57.14
961,57.29
957,56.13
965,56.13
967,55.55
963,56.56
963,55.55
968,56.71
967,57.29
962,56.71
963,56.13
962,55.55
969,56.13
962,56.71
961,57.29
965,55.98
969,55.55
960,56.56
957,55.55
963,55.98
965,56.13
960,55.40
960,56.56
966,57.14
967,57.14
962,56.13
960,56.56
965,56.42
968,58.1
960,54.82
962,56.13
968,57.14
971,56.42
960,56.42
959,55.55
964,57.14
968,57.43
960,57.43
960,56.27
962,56.13
967,57.29
960,57.14
960,56.27
964,56.56
969,56.56
960,56.13
960,55.98
966,56.13
967,56.71
958,56.56
960,56.71
966,57.0
968,57.87
962,56.56
958,56.71
965,55.40
968,57.0
959,56.13
960,57.0
965,56.13
971,56.56
959,57.14
962,57.29
966,57.29
968,57.29
962,57.14
959,56.71
969,56.71
965,55.55
960,56.56
962,57.29
968,56.71
968,57.0
959,56.71
957,55.55
965,56.56
969,56.56
963,55.98
958,55.55
964,55.98
967,56.71
960,58.30
960,57.43
964,56.13
968,56.42
959,55.84
960,56.56
963,56.71
965,55.40
963,55.98
960,55.98
967,57.29
968,57.29
962,56.71
963,57.72
964,55.98
969,55.98
960,57.14
958,56.71
967,56.27
968,57.14
962,57.29
962,57.14
966,56.71
966,56.71
960,56.13
962,55.40
968,56.13
965,56.56
960,56.42
958,56.13
965,55.55
970,55.98
960,57.14
958,55.98
966,57.72
967,57.29
964,56.27
960,56.13
965,56.42
968,57.14
959,56.56
962,57.0
968,56.71
964,56.42
959,56.71
961,56.56
965,56.42
968,56.56
960,56.13
962,56.56
968,57.14
965,55.55
960,57.58
961,56.56
965,56.71
968,57.87
962,57.14
966,57.14
967,56.71
965,56.71
960,56.13
962,56.13
966,56.71
967,56.42
960,57.14
957,54.39
965,55.55
967,57.14
960,57.43
961,56.13
966,54.97
967,57.58
960,56.42
961,56.71
970,56.71
967,57.29
961,55.55
963,56.13
967,55.98
964,56.71
958,57.14
960,57.43
966,56.56
966,55.55
962,57.29
961,56.71
967,57.29
967,55.55
960,56.71
962,56.71
966,55.55
966,56.71
959,55.55
964,56.56
968,57.29
968,56.13
962,57.72
960,54.97
969,56.71
966,57.72
961,56.71
963,56.56
966,56.71
970,58.30
961,57.14
960,56.13
965,56.13
966,55.40
962,57.43
962,56.71
970,57.29
967,56.56
957,56.71
962,55.98
967,56.71
964,57.29
962,55.84
962,54.97
969,56.71
968,56.56
958,56.71
962,56.13
968,56.71
964,56.71
956,55.55
963,56.71
968,57.14
964,55.55
960,57.29
962,57.58
967,54.97
964,56.56
960,56.13
964,56.13
968,57.29
970,57.87
962,55.55
961,56.42
968,56.42
967,57.29
959,56.71
962,56.56
967,56.56
968,56.56
958,57.14
962,56.27
966,56.13
965,56.13
960,54.39
960,56.13
968,57.14
968,57.72
960,56.56
963,56.13
967,56.71
965,56.71
960,56.56
965,56.71
972,57.14
965,56.71
960,56.71
961,55.98
965,56.56
964,57.58
960,57.29
963,56.71
970,57.14
965,57.14
957,56.13
961,57.87
966,55.98
964,57.29
959,56.56
961,54.39
969,56.13
966,57.29
962,57.14
962,57.14
968,56.71
965,56.56
959,55.55
961,56.42
968,55.98
964,57.72
959,57.29
962,55.55
968,56.71
964,57.0
961,55.84
961,57.29
968,56.71
966,56.27
957,56.27
966,56.13
970,57.43
963,56.71
961,56.42
960,56.13
968,57.14
968,58.16
963,55.55
961,56.13
967,56.56
964,57.29
960,55.84
964,56.71
968,56.13
964,56.71
959,55.55
963,55.84
968,56.71
964,57.43
960,57.29
961,55.55
967,56.71
962,56.13
958,56.56
966,56.27
969,56.71
963,55.98
958,56.71
965,55.84
969,56.71
964,56.13
959,57.29
964,56.56
968,57.29
966,57.29
962,57.29
964,57.29
968,57.29
962,56.71
959,57.29
962,57.58
969,56.71
965,56.27
960,56.56
964,55.98
965,56.42
964,57.29
960,56.71
963,56.71
965,56.13
966,55.40
957,55.55
964,56.56
968,56.56
966,55.55
962,57.14
962,53.22
965,56.71
964,56.42
962,56.13
962,57.14
970,57.29
964,55.55
958,56.56
964,58.16
967,55.26
966,57.14
963,56.56
964,56.71
967,56.71
965,57.29
961,56.27
962,56.13
968,55.55
966,57.87
962,57.0
966,55.98
970,56.56
966,57.14
960,56.13
962,56.71
967,56.13
965,56.56
960,57.29
962,56.71
968,58.74
963,57.87
958,57.87
962,56.71
968,57.14
960,56.71
961,55.55
964,55.55
968,57.29
962,57.43
959,56.71
960,56.13
963,55.55
962,57.72
946,56.27
917,55.11
912,56.71
894,56.13
885,55.40
889,56.13
890,57.14
883,55.55
880,56.13
888,56.71
922,57.14
934,56.56
938,57.43
946,56.27
953,56.27
950,56.42
954,57.29
958,56.71
962,57.43
959,58.16
954,56.27
956,56.13
964,56.71
958,57.14
955,56.13
963,55.55
968,56.13
962,54.97
957,56.13
962,56.71
963,56.71
961,57.29
961,56.13
965,56.42
968,57.14
963,57.58
957,57.29
961,55.26
967,56.71
960,56.71
958,56.56
963,56.56
966,56.56
961,56.13
958,57.43
965,55.84
968,57.29
966,56.71
957,56.71
963,55.84
967,57.87
963,56.42
958,56.13
961,56.71
966,56.71
962,56.71
959,56.71
962,56.71
969,56.42
962,55.98
958,56.71
964,56.56
968,57.14
961,57.14
958,55.84
965,55.98
967,56.13
960,56.71
957,55.55
964,56.13
970,57.14
961,56.13
957,54.82
965,55.84
969,57.72
960,56.13
956,56.13
964,56.13
970,56.71
961,56.13
961,56.71
965,55.98
967,56.42
962,56.71
962,56.13
964,56.13
969,56.13
961,56.13
961,56.71
964,56.71
967,57.29
962,55.55
957,55.40
964,56.56
965,56.13
960,57.72
958,56.56
964,56.71
966,55.55
962,57.29
957,56.71
961,56.71
968,58.1
963,55.98
958,55.55
963,57.14
967,56.56
960,56.71
958,56.71
964,56.71
968,56.13
962,57.29
962,57.87
962,57.29
968,57.29
962,58.30
958,55.84
966,57.0
968,57.14
961,56.13
957,56.13
965,56.13
966,56.13
963,58.30
957,56.27
963,55.55
965,56.56
959,57.29
957,56.56
964,56.13
969,57.29
960,56.71
958,56.85
966,57.0
968,57.0
963,58.88
962,56.71
964,56.13
966,56.56
961,56.71
957,56.56
964,56.56
965,55.98
960,57.29
960,56.13
968,58.30
970,56.56
962,59.17
960,55.40
962,56.42
965,56.42
963,56.71
958,56.13
965,56.56
966,55.98
959,56.13
959,55.40
965,54.97
967,55.55
962,56.71
960,56.71
968,55.26
967,56.13
961,58.30
958,56.13
968,57.14
967,56.56
960,55.55
960,56.13
964,56.42
968,57.87
958,55.98
961,56.13
968,57.14
966,56.71
960,56.42
957,55.55
968,57.29
968,56.71
959,56.42
960,56.42
961,54.39
965,56.71
960,57.14
960,55.98
966,54.97
966,57.14
962,57.58
960,56.13
965,56.71
964,57.29
961,56.13
958,56.13
966,57.0
968,57.29
962,56.56
962,56.27
964,56.27
965,56.56
960,56.56
960,54.97
966,56.13
967,55.84
960,56.13
957,55.26
968,56.13
968,55.98
963,57.72
960,56.13
964,55.55
965,58.45
960,55.40
960,56.71
965,56.13
966,58.45
961,56.13
958,58.1
966,56.13
968,57.14
960,56.27
958,56.42
964,57.29
965,55.98
961,56.13
963,56.71
968,56.56
966,56.71
958,56.27
959,56.42
964,56.13
966,57.29
960,56.56
962,57.29
968,56.13
964,57.29
958,56.71
959,56.42
964,55.26
965,55.98
957,56.42
960,56.71
968,57.58
966,56.13
958,55.26
960,55.55
964,55.55
966,57.29
962,56.71
961,56.42
964,56.27
967,56.56
959,56.13
962,55.55
966,56.56
968,56.71
960,57.58
960,57.0
965,55.55
966,56.27
963,56.13
962,56.71
966,55.55
968,56.13
959,56.13
962,56.13
966,56.71
969,56.71
960,56.42
957,56.13
968,57.29
966,56.13
958,57.14
961,56.56
966,55.98
967,56.13
959,56.71
960,55.55
967,56.71
968,57.14
959,56.27
963,57.87
967,56.71
967,55.55
959,56.13
962,56.71
967,56.56
965,57.29
960,55.84
962,56.71
967,57.58
965,56.42
960,56.13
960,55.98
966,57.14
968,56.85
960,56.71
961,56.13
967,56.13
967,54.97
961,56.71
961,56.71
968,56.71
964,56.13
959,56.71
961,55.55
968,56.56
962,55.55
960,56.27
960,56.13
965,56.42
966,57.29
960,56.42
962,56.13
968,56.71
967,55.98
956,56.13
962,57.29
967,55.26
964,56.56
961,56.27
964,56.71
966,56.56
970,56.56
962,56.71
962,56.56
967,54.39
966,56.71
958,56.13
961,55.26
966,56.13
968,57.14
960,56.56
961,55.84
968,60.62
966,56.56
960,56.13
961,56.13
969,57.72
966,56.56
962,54.39
963,57.14
968,57.29
968,57.29
962,56.71
961,55.55
966,57.29
965,56.71
961,56.13
965,56.13
968,57.29
964,56.71
962,56.71
961,55.84
968,55.55
968,56.71
957,55.40
963,55.98
967,57.72
965,56.71
962,56.71
962,56.42
967,55.55
963,57.14
958,56.27
964,55.55
965,56.71
964,56.13
962,56.13
963,57.72
969,56.27
963,56.27
957,56.56
961,55.55
968,55.55
968,57.58
959,56.13
961,56.42
967,55.98
965,55.55
960,55.55
963,56.56
970,56.71
965,55.40
960,56.13
961,57.0
965,56.42
966,56.56
958,56.13
966,56.27
968,56.27
964,56.42
959,56.71
965,57.29
968,55.40
966,57.43
960,56.56
963,55.55
968,55.55
961,55.40
959,56.71
962,56.71
968,55.98
967,57.14
958,56.71
961,55.55
968,56.56
963,56.71
963,56.56
962,56.27
968,55.55
965,56.71
957,56.71
962,56.56
966,56.56
966,56.13
962,56.13
963,56.71
967,56.13
962,56.13
961,56.56
964,56.56
970,56.13
966,56.71
959,55.55
962,56.13
967,56.13
966,56.13
962,56.56
964,56.71
969,56.56
964,57.58
963,56.27
961,55.84
967,55.55
967,56.56
957,56.13
962,55.40
970,56.27
964,56.13
958,56.42
964,55.55
969,56.56
965,58.45
960,57.14
964,56.71
967,55.98
965,56.27
960,56.13
962,56.56
970,56.71
970,57.14
960,55.98
964,56.13
968,56.13
965,55.40
960,57.14
964,57.14
967,56.56
962,56.71
959,56.71
963,54.97
969,56.71
967,56.71
962,56.27
964,56.71
969,56.42
965,55.98
960,56.13
964,56.13
970,56.71
964,56.71
959,54.97
964,55.55
968,56.71
966,57.29
960,56.13
963,57.29
970,56.71
967,56.42
959,56.71
965,55.55
971,56.56
964,57.14
958,56.71
961,56.56
967,56.13
965,55.55
960,56.42
963,57.14
970,57.29
964,57.43
958,55.98
964,56.71
966,56.42
965,55.55
962,56.56
962,56.56
968,57.29
964,56.56
958,56.13
962,57.14
967,56.27
964,56.71
958,56.42
963,56.13
970,56.56
963,57.14
960,56.13
962,56.42
967,56.71
965,57.14
958,56.71
965,55.55
968,57.14
962,55.55
960,56.13
964,56.27
967,56.42
965,56.56
957,56.13
967,55.84
969,56.42
962,56.13
960,56.13
966,56.71
967,55.98
961,56.71
958,55.84
964,56.71
966,55.55
963,55.55
962,56.13
962,56.56
970,56.27
964,57.72
961,55.84
964,55.55
968,56.71
963,55.55
959,56.13
963,56.71
968,55.98
964,56.71
960,55.84
964,56.13
965,56.56
961,56.56
958,54.97
963,55.26
969,56.56
961,56.13
960,56.56
968,55.55
968,57.14
964,56.71
958,56.13
965,55.55
968,56.13
963,57.14
959,55.98
964,55.55
968,56.71
963,56.13
960,56.71
966,56.56
968,56.71
963,56.56
960,57.29
961,55.98
969,56.85
964,56.13
958,55.55
961,56.13
968,56.56
964,56.71
960,56.71
963,56.13
970,55.26
961,54.97
957,55.55
964,55.55
970,56.71
961,56.71
958,56.56
964,55.55
967,55.84
962,56.42
956,56.27
966,56.71
970,57.0
966,56.27
961,56.13
966,56.13
966,56.13
961,56.13
962,56.56
966,56.71
966,56.56
961,55.84
959,56.56
968,56.56
970,56.71
961,56.56
961,55.98
965,55.98
968,56.27
964,56.71
959,56.56
964,56.13
968,56.13
963,56.71
958,55.84
966,55.55
967,56.27
960,56.42
960,56.71
966,56.56
974,56.56
960,57.0
958,56.13
966,56.56
968,56.27
961,56.56
962,55.98
967,55.11
966,56.56
960,55.55
960,56.71
965,55.40
968,56.13
962,56.27
960,56.56
965,55.26
968,56.13
963,56.13
962,56.13
968,56.42
968,55.11
961,57.14
961,56.13
963,55.98
967,56.13
962,55.55
962,56.71
965,56.13
965,55.55
960,55.11
960,56.71
969,55.55
966,56.71
959,56.56
960,55.55
964,55.26
965,56.13
962,56.13
962,56.71
965,55.55
965,56.27
960,55.55
960,56.13
966,56.27
965,55.55
959,55.98
962,54.97
965,55.55
965,57.72
958,56.71
962,56.27
964,55.55
964,54.97
960,56.56
962,55.98
967,57.29
968,56.13
959,55.26
960,56.56
970,56.56
965,56.71
962,56.13
960,55.84
968,57.14
968,56.27
958,55.55
963,56.13
968,56.71
970,57.87
962,56.56
960,56.42
966,56.42
965,55.84
961,55.55
959,55.55
965,55.55
965,56.13
960,57.14
961,56.13
966,55.84
969,55.84
959,56.56
962,53.66
968,57.14
965,54.10
960,56.13
961,59.61
968,55.55
966,56.13
957,56.27
961,55.55
965,55.55
966,54.97
958,56.13
963,56.71
966,56.56
966,56.56
960,56.42
962,56.42
964,55.55
966,56.13
962,57.29
959,56.27
965,56.42
964,56.42
957,56.56
960,56.42
968,56.13
969,56.56
962,56.71
961,56.42
965,55.55
965,56.56
959,56.13
963,56.13
968,56.56
966,55.55
961,56.27
962,55.55
965,55.55
966,55.98
961,56.13
960,56.13
968,55.98
967,57.29
958,56.13
963,56.56
964,56.13
964,55.55
960,56.71
963,57.14
965,56.71
967,56.13
957,56.13
967,55.55
966,56.56
968,55.98
960,56.56
962,56.56
968,56.42
963,56.56
959,56.56
963,55.55
968,55.55
967,56.71
958,56.13
962,56.71
967,55.55
966,55.26
960,56.42
964,55.55
970,57.72
966,55.84
962,57.43
961,55.55
965,55.55
963,56.71
961,56.56
962,55.98
970,55.98
964,54.97
961,56.71
963,56.71
967,55.40
966,55.26
959,56.13
962,56.13
970,56.71
967,55.55
960,56.42
961,55.26
968,55
