 
 857 ,  29 .  59 
 860 ,  30 .  60 
 859 ,  29 .  44 
 853 ,  30 .  75 
 858 ,  29 .  88 
 864 ,  29 .  88 
 859 ,  30 .  46 
 857 ,  30 .  46 
 857 ,  29 .  88 
 860 ,  31 .  18 
 858 ,  28 .  86 
 855 ,  30 .   2 
 858 ,  31 .  18 
 862 ,  31 .  33 
 860 ,  31 .   4 
 857 ,  30 .  46 
 859 ,  30 .  60 
 861 ,  30 .   2 
 864 ,  31 .  62 
 855 ,  31 .  18 
 857 ,  31 .   4 
 860 ,  30 .  46 
 858 ,  31 .  62 
 855 ,  31 .  18 
 858 ,  29 .  73 
 859 ,  30 .  46 
 857 ,  30 .   2 
 858 ,  30 .  46 
 858 ,  31 .   4 
 859 ,  30 .  46 
 859 ,  30 .   2 
 855 ,  31 .  62 
 859 ,  31 .   4 
 863 ,  29 .  73 
 857 ,  29 .  88 
 856 ,  31 .  18 
 860 ,  31 .   4 
 862 ,  32 .  20 
 856 ,  31 .   4 
 856 ,  30 .  46 
 863 ,  30 .  60 
 863 ,  30 .   2 
 857 ,  31 .   4 
 858 ,  30 .   2 
 859 ,  28 .  86 
 861 ,  31 .  91 
 857 ,  30 .  60 
 857 ,  31 .   4 
 858 ,  29 .  88 
 862 ,  30 .  46 
 862 ,  31 .  18 
 856 ,  31 .  18 
 862 ,  31 .   4 
 860 ,  30 .  75 
 855 ,  30 .   2 
 852 ,  30 .  60 
 862 ,  31 .  18 
 859 ,  31 .   4 
 857 ,  30 .   2 
 853 ,  30 .  60 
 859 ,  30 .  46 
 862 ,  30 .  60 
 859 ,  30 .  75 
 855 ,  30 .  31 
 860 ,  30 .   2 
 859 ,  30 .  46 
 854 ,  31 .  76 
 858 ,  30 .  46 
 862 ,  30 .  75 
 861 ,  30 .   2 
 855 ,  31 .  18 
 857 ,  29 .  30 
 862 ,  30 .  75 
 861 ,  30 .  46 
 860 ,  29 .  59 
 855 ,  30 .  75 
 862 ,  29 .  88 
 858 ,  30 .  75 
 860 ,  30 .  46 
 857 ,  29 .  88 
 860 ,  30 .   2 
 862 ,  30 .  46 
 861 ,  31 .   4 
 858 ,  31 .  91 
 858 ,  30 .  60 
 864 ,  31 .  18 
 856 ,  31 .  18 
 858 ,  31 .   4 
 860 ,  30 .   2 
 860 ,  31 .   4 
 858 ,  31 .   4 
 856 ,  31 .  91 
 858 ,  30 .  46 
 860 ,  29 .  88 
 860 ,  29 .  59 
 855 ,  30 .   2 
 860 ,  30 .  46 
 862 ,  30 .  60 
 858 ,  31 .  18 
 859 ,  30 .  46 
 860 ,  31 .  18 
 862 ,  35 .  39 
 861 ,  30 .   2 
 857 ,  31 .  62 
 860 ,  30 .   2 
 860 ,  30 .  60 
 858 ,  29 .  30 
 853 ,  29 .  59 
 857 ,  30 .   2 
 864 ,  29 .  88 
 857 ,  30 .  75 
 856 ,  31 .  76 
 860 ,  30 .  46 
 861 ,  30 .  60 
 860 ,  30 .  17 
 857 ,  28 .  86 
 860 ,  31 .  18 
 859 ,  30 .   2 
 859 ,  29 .  44 
 856 ,  30 .  46 
 860 ,  30 .   2 
 862 ,  31 .   4 
 857 ,  31 .   4 
 855 ,  30 .  75 
 857 ,  30 .  60 
 860 ,  30 .  46 
 856 ,  31 .  18 
 856 ,  30 .  17 
 860 ,  30 .  46 
 860 ,  30 .   2 
 855 ,  29 .  30 
 858 ,  30 .   2 
 860 ,  29 .  59 
 862 ,  30 .  46 
 858 ,  29 .  88 
 858 ,  29 .  88 
 862 ,  30 .   2 
 861 ,  29 .  59 
 858 ,  30 .   2 
 857 ,  28 .  86 
 861 ,  30 .  46 
 860 ,  30 .  89 
 858 ,  30 .  75 
 857 ,  30 .  60 
 863 ,  29 .  44 
 861 ,  30 .   2 
 857 ,  31 .  18 
 861 ,  31 .   4 
 862 ,  30 .  60 
 862 ,  31 .   4 
 860 ,  32 .  34 
 857 ,  31 .  62 
 862 ,  30 .  60 
 859 ,  31 .  18 
 858 ,  29 .  59 
 857 ,  31 .  76 
 860 ,  30 .   2 
 862 ,  31 .  18 
 859 ,  31 .   4 
 857 ,  30 .  75 
 859 ,  30 .   2 
 862 ,  31 .   4 
 858 ,  30 .  46 
 858 ,  30 .  46 
 862 ,  30 .  17 
 859 ,  30 .  60 
 857 ,  29 .  88 
 856 ,  30 .  60 
 864 ,  30 .  75 
 863 ,  30 .  46 
 856 ,  30 .   2 
 855 ,  30 .   2 
 862 ,  30 .  89 
 857 ,  29 .  59 
 856 ,  31 .  18 
 858 ,  27 .  12 
 861 ,  29 .  88 
 861 ,  30 .  46 
 856 ,  30 .  75 
 859 ,  31 .  76 
 862 ,  30 .  46 
 860 ,  29 .  88 
 858 ,  31 .  18 
 858 ,  31 .   4 
 861 ,  31 .   4 
 861 ,  31 .   4 
 855 ,  29 .  30 
 858 ,  30 .  75 
 860 ,  29 .  30 
 861 ,  30 .  46 
 855 ,  31 .  18 
 857 ,  30 .  46 
 860 ,  30 .  31 
 860 ,  31 .   4 
 858 ,  30 .  75 
 859 ,  29 .  73 
 860 ,  30 .  46 
 858 ,  30 .   2 
 859 ,  31 .   4 
 858 ,  33 .   7 
 864 ,  30 .  75 
 861 ,  30 .  46 
 855 ,  29 .  30 
 857 ,  30 .  31 
 862 ,  31 .  18 
 860 ,  31 .   4 
 858 ,  32 .  20 
 862 ,  30 .  75 
 860 ,  30 .  75 
 859 ,  31 .   4 
 853 ,  30 .  60 
 858 ,  29 .  88 
 862 ,  30 .  75 
 861 ,  30 .  89 
 856 ,  30 .   2 
 860 ,  32 .  20 
 862 ,  31 .  18 
 864 ,  31 .  18 
 859 ,  31 .  47 
 859 ,  30 .  46 
 861 ,  30 .  60 
 860 ,  30 .  31 
 857 ,  31 .  18 
 857 ,  31 .  18 
 863 ,  29 .  30 
 862 ,  31 .  91 
 856 ,  31 .   4 
 859 ,  30 .  46 
 864 ,  31 .   4 
 863 ,  30 .  46 
 857 ,  29 .  88 
 857 ,  30 .  89 
 860 ,  30 .  46 
 859 ,  30 .  46 
 858 ,  30 .  46 
 860 ,  30 .  46 
 864 ,  31 .  18 
 862 ,  29 .  44 
 855 ,  30 .  60 
 860 ,  30 .  46 
 866 ,  30 .  46 
 860 ,  31 .   4 
 858 ,  31 .  76 
 857 ,  32 .  20 
 860 ,  30 .  46 
 857 ,  30 .  75 
 855 ,  30 .   2 
 858 ,  30 .  46 
 862 ,  30 .  60 
 859 ,  31 .  62 
 855 ,  30 .  60 
 858 ,  30 .  46 
 862 ,  29 .  44 
 861 ,  30 .  46 
 854 ,  31 .   4 
 860 ,  29 .  88 
 864 ,  31 .  62 
 861 ,  30 .  60 
 856 ,  30 .  60 
 858 ,  31 .   4 
 863 ,  30 .  75 
 860 ,  29 .  88 
 861 ,  30 .   2 
 859 ,  29 .  59 
 862 ,  28 .  72 
 860 ,  30 .  46 
 857 ,  30 .  60 
 862 ,  30 .  75 
 861 ,  30 .  60 
 859 ,  30 .  46 
 853 ,  30 .  60 
 859 ,  28 .  86 
 862 ,  30 .  46 
 861 ,  30 .  46 
 856 ,  29 .  88 
 858 ,  31 .  18 
 862 ,  31 .  91 
 858 ,  30 .  46 
 858 ,  29 .  88 
 858 ,  29 .  88 
 861 ,  31 .   4 
 863 ,  30 .  89 
 852 ,  32 .  34 
 856 ,  31 .  18 
 862 ,  31 .   4 
 862 ,  31 .  18 
 856 ,  31 .  18 
 862 ,  30 .  75 
 863 ,  30 .   2 
 860 ,  30 .  60 
 858 ,  30 .  46 
 860 ,  30 .  46 
 860 ,  30 .  60 
 862 ,  31 .  18 
 856 ,  32 .  78 
 858 ,  30 .  60 
 863 ,  29 .  30 
 859 ,  31 .  18 
 853 ,  30 .   2 
 858 ,  30 .  46 
 862 ,  31 .   4 
 860 ,  30 .  75 
 856 ,  30 .  60 
 861 ,  30 .   2 
 862 ,  30 .   2 
 858 ,  30 .   2 
 856 ,  30 .  60 
 864 ,  30 .  75 
 861 ,  30 .  75 
 856 ,  31 .   4 
 855 ,  30 .  31 
 856 ,  29 .  30 
 860 ,  31 .  18 
 861 ,  31 .   4 
 856 ,  29 .  44 
 857 ,  30 .   2 
 860 ,  30 .   2 
 864 ,  31 .   4 
 853 ,  30 .  60 
 861 ,  29 .  44 
 861 ,  30 .  46 
 859 ,  30 .  31 
 854 ,  30 .  75 
 857 ,  30 .  31 
 862 ,  30 .  60 
 858 ,  30 .  89 
 857 ,  29 .  59 
 860 ,  29 .  88 
 864 ,  29 .  30 
 858 ,  29 .  73 
 855 ,  30 .  46 
 859 ,  31 .   4 
 862 ,  29 .  30 
 861 ,  30 .  46 
 857 ,  29 .  59 
 857 ,  30 .   2 
 864 ,  31 .  18 
 859 ,  31 .  18 
 856 ,  31 .  18 
 858 ,  31 .  18 
 858 ,  29 .  59 
 859 ,  30 .  60 
 857 ,  30 .   2 
 859 ,  30 .  31 
 863 ,  30 .   2 
 857 ,  30 .   2 
 859 ,  29 .  88 
 857 ,  29 .  30 
 860 ,  30 .  60 
 857 ,  29 .  44 
 855 ,  29 .  44 
 858 ,  30 .  46 
 862 ,  30 .  31 
 860 ,  30 .  60 
 854 ,  30 .  46 
 859 ,  30 .  46 
 864 ,  31 .   4 
 859 ,  31 .   4 
 857 ,  30 .  46 
 860 ,  30 .  46 
 863 ,  29 .  44 
 856 ,  30 .   2 
 854 ,  29 .  73 
 860 ,  33 .  50 
 861 ,  30 .   2 
 858 ,  31 .  18 
 858 ,  31 .   4 
 857 ,  29 .  44 
 862 ,  30 .  75 
 853 ,  30 .  46 
 855 ,  31 .  18 
 856 ,  29 .  44 
 862 ,  31 .  76 
 855 ,  30 .  75 
 852 ,  29 .  44 
 857 ,  30 .  46 
 859 ,  30 .  60 
 855 ,  30 .   2 
 857 ,  30 .  46 
 858 ,  31 .   4 
 862 ,  30 .  46 
 858 ,  30 .  75 
 855 ,  30 .  46 
 856 ,  29 .  88 
 857 ,  29 .  59 
 856 ,  30 .  46 
 854 ,  30 .  60 
 859 ,  29 .  59 
 858 ,  29 .  44 
 860 ,  29 .  88 
 856 ,  30 .   2 
 859 ,  29 .  44 
 859 ,  31 .   4 
 858 ,  30 .  46 
 856 ,  28 .  86 
 862 ,  30 .  46 
 862 ,  31 .   4 
 857 ,  30 .  60 
 855 ,  28 .  72 
 859 ,  30 .  60 
 862 ,  31 .   4 
 855 ,  31 .   4 
 855 ,  30 .  46 
 856 ,  31 .   4 
 863 ,  30 .  60 
 858 ,  31 .   4 
 854 ,  30 .  46 
 862 ,  31 .  18 
 862 ,  30 .   2 
 853 ,  30 .  75 
 852 ,  29 .  44 
 859 ,  30 .  75 
 860 ,  30 .  46 
 855 ,  29 .  88 
 858 ,  30 .  60 
 862 ,  31 .  47 
 860 ,  29 .  88 
 855 ,  30 .   2 
 858 ,  29 .  44 
 861 ,  30 .   2 
 859 ,  32 .  34 
 859 ,  30 .  46 
 856 ,  31 .  18 
 862 ,  30 .   2 
 859 ,  30 .   2 
 854 ,  31 .   4 
 856 ,  30 .  46 
 858 ,  31 .   4 
 859 ,  29 .  88 
 855 ,  29 .  88 
 853 ,  30 .   2 
 859 ,  31 .   4 
 859 ,  30 .   2 
 854 ,  30 .  89 
 858 ,  30 .   2 
 857 ,  31 .  18 
 861 ,  31 .  18 
 853 ,  30 .  75 
 856 ,  28 .  28 
 859 ,  29 .  88 
 858 ,  31 .   4 
 855 ,  29 .  88 
 857 ,  29 .  59 
 862 ,  29 .  88 
 864 ,  30 .  75 
 855 ,  28 .  28 
 853 ,  30 .  46 
 861 ,  29 .  73 
 861 ,  30 .  46 
 855 ,  30 .  31 
 858 ,  30 .  60 
 860 ,  29 .  59 
 861 ,  29 .  44 
 855 ,  29 .  88 
 856 ,  30 .  31 
 859 ,  31 .   4 
 860 ,  29 .  30 
 855 ,  29 .  30 
 853 ,  29 .  44 
 858 ,  29 .  88 
 857 ,  29 .  30 
 854 ,  30 .  75 
 857 ,  30 .  89 
 858 ,  29 .  88 
 862 ,  30 .  46 
 856 ,  30 .  46 
 852 ,  31 .   4 
 856 ,  30 .  75 
 857 ,  29 .  44 
 852 ,  31 .  18 
 856 ,  28 .  86 
 861 ,  30 .  46 
 857 ,  29 .  30 
 851 ,  29 .  88 
 854 ,  30 .  60 
 859 ,  30 .   2 
 860 ,  29 .  44 
 857 ,  30 .   2 
 855 ,  30 .  60 
 859 ,  30 .  46 
 858 ,  30 .   2 
 857 ,  28 .  72 
 852 ,  31 .   4 
 862 ,  29 .  88 
 858 ,  29 .  88 
 856 ,  29 .  88 
 856 ,  30 .   2 
 860 ,  29 .  44 
 857 ,  29 .  30 
 858 ,  30 .   2 
 857 ,  30 .   2 
 859 ,  29 .  44 
 861 ,  29 .  88 
 854 ,  29 .  88 
 862 ,  30 .  46 
 858 ,  31 .   4 
 859 ,  28 .  86 
 854 ,  27 .  56 
 854 ,  29 .  88 
 860 ,  31 .   4 
 862 ,  30 .  75 
 857 ,  30 .   2 
 853 ,  30 .  31 
 858 ,  30 .  46 
 861 ,  30 .  17 
 851 ,  29 .  59 
 856 ,  31 .  18 
 860 ,  28 .  86 
 858 ,  29 .  88 
 856 ,  29 .  88 
 859 ,  30 .  46 
 863 ,  31 .   4 
 857 ,  28 .  86 
 852 ,  29 .  59 
 856 ,  30 .  46 
 859 ,  29 .  88 
 860 ,  29 .  30 
 855 ,  30 .  31 
 854 ,  29 .  44 
 860 ,  30 .  31 
 860 ,  29 .  88 
 856 ,  29 .  73 
 857 ,  30 .   2 
 857 ,  30 .  60 
 860 ,  29 .  88 
 856 ,  30 .  46 
 858 ,  31 .   4 
 856 ,  31 .  62 
 862 ,  30 .  46 
 856 ,  30 .   2 
 856 ,  30 .   2 
 860 ,  30 .  60 
 858 ,  29 .  44 
 853 ,  29 .  44 
 855 ,  29 .  30 
 859 ,  28 .  86 
 858 ,  30 .  89 
 852 ,  29 .  73 
 855 ,  30 .  60 
 860 ,  29 .  88 
 858 ,  30 .  46 
 858 ,  30 .  17 
 856 ,  30 .   2 
 861 ,  31 .  62 
 858 ,  29 .  73 
 851 ,  28 .  86 
 858 ,  28 .  86 
 862 ,  30 .  46 
 858 ,  30 .   2 
 853 ,  29 .  88 
 860 ,  30 .  75 
 859 ,  30 .  60 
 862 ,  29 .  73 
 853 ,  29 .  88 
 854 ,  28 .  72 
 860 ,  30 .  46 
 858 ,  30 .  60 
 858 ,  30 .  75 
 857 ,  29 .  59 
 858 ,  28 .  86 
 858 ,  29 .  44 
 855 ,  29 .  30 
 854 ,  29 .  88 
 859 ,  29 .  30 
 855 ,  30 .  60 
 858 ,  28 .  86 
 856 ,  30 .  46 
 859 ,  30 .   2 
 858 ,  29 .  30 
 854 ,  30 .  46 
 856 ,  29 .  30 
 860 ,  30 .  46 
 860 ,  29 .  59 
 853 ,  29 .  88 
 859 ,  30 .  17 
 860 ,  30 .   2 
 859 ,  29 .  30 
 858 ,  30 .   2 
 856 ,  29 .  88 
 863 ,  30 .  75 
 863 ,  29 .  30 
 853 ,  29 .  88 
 857 ,  30 .   2 
 861 ,  30 .  46 
 860 ,  30 .  46 
 854 ,  29 .  88 
 856 ,  31 .   4 
 859 ,  30 .   2 
 857 ,  29 .  88 
 854 ,  31 .   4 
 857 ,  30 .  46 
 858 ,  31 .  18 
 858 ,  29 .  88 
 855 ,  31 .   4 
 857 ,  29 .  59 
 859 ,  29 .   1 
 858 ,  30 .   2 
 853 ,  30 .  46 
 857 ,  28 .  86 
 861 ,  30 .  46 
 858 ,  30 .   2 
 856 ,  30 .   2 
 857 ,  29 .  59 
 860 ,  29 .  44 
 859 ,  29 .  59 
 856 ,  30 .   2 
 854 ,  30 .   2 
 860 ,  30 .  46 
 858 ,  29 .  30 
 855 ,  29 .  30 
 861 ,  30 .  46 
 860 ,  29 .  30 
 860 ,  28 .  86 
 855 ,  28 .  28 
 856 ,  28 .  86 
 857 ,  28 .  86 
 859 ,  30 .  17 
 855 ,  28 .  86 
 858 ,  29 .  88 
 857 ,  32 .  34 
 855 ,  28 .  86 
 854 ,  29 .  30 
 856 ,  29 .  59 
 859 ,  29 .  44 
 858 ,  28 .  28 
 852 ,  29 .  88 
 856 ,  29 .  44 
 858 ,  29 .  88 
 858 ,  28 .  14 
 852 ,  28 .  86 
 857 ,  28 .  86 
 857 ,  29 .  30 
 858 ,  31 .   4 
 855 ,  29 .  30 
 857 ,  30 .   2 
 864 ,  30 .  75 
 857 ,  29 .  88 
 853 ,  29 .  30 
 862 ,  30 .  46 
 859 ,  30 .  60 
 858 ,  30 .  75 
 853 ,  29 .  30 
 857 ,  29 .  88 
 860 ,  28 .  86 
 858 ,  30 .  75 
 853 ,  29 .  59 
 857 ,  29 .  88 
 860 ,  30 .  60 
 858 ,  31 .   4 
 853 ,  29 .  30 
 855 ,  30 .  46 
 857 ,  31 .   4 
 858 ,  30 .  46 
 854 ,  30 .  46 
 856 ,  29 .  88 
 859 ,  31 .   4 
 860 ,  29 .  59 
 852 ,  30 .  60 
 856 ,  30 .  46 
 858 ,  29 .  88 
 858 ,  29 .  59 
 852 ,  29 .  44 
 857 ,  30 .  75 
 861 ,  30 .   2 
 858 ,  29 .  88 
 851 ,  29 .  88 
 857 ,  29 .  88 
 856 ,  29 .  88 
 853 ,  29 .  88 
 851 ,  29 .  44 
 857 ,  28 .  86 
 858 ,  29 .  44 
 857 ,  30 .   2 
 856 ,  29 .  59 
 857 ,  29 .  88 
 859 ,  29 .  44 
 855 ,  29 .  59 
 856 ,  29 .  30 
 855 ,  29 .  44 
 858 ,  30 .  46 
 854 ,  29 .  88 
 856 ,  29 .  88 
 856 ,  30 .  31 
 857 ,  30 .  46 
 852 ,  29 .  88 
 854 ,  30 .  46 
 856 ,  29 .  88 
 862 ,  31 .  18 
 856 ,  29 .  88 
 853 ,  28 .  86 
 857 ,  30 .   2 
 858 ,  29 .  44 
 856 ,  29 .  44 
 851 ,  30 .  46 
 857 ,  30 .   2 
 859 ,  30 .  46 
 856 ,  29 .  44 
 853 ,  29 .  88 
 860 ,  30 .  60 
 862 ,  31 .  76 
 858 ,  29 .  59 
 856 ,  29 .  59 
 859 ,  30 .  46 
 862 ,  29 .  88 
 857 ,  29 .  59 
 853 ,  29 .  88 
 862 ,  30 .  46 
 862 ,  30 .  46 
 858 ,  30 .  17 
 857 ,  28 .  86 
 858 ,  29 .  59 
 862 ,  28 .  86 
 858 ,  28 .  43 
 852 ,  29 .  88 
 856 ,  29 .  44 
 857 ,  30 .   2 
 854 ,  29 .  44 
 853 ,  30 .   2 
 858 ,  30 .  75 
 859 ,  31 .   4 
 854 ,  28 .  43 
 850 ,  30 .  46 
 862 ,  29 .  44 
 860 ,  30 .  46 
 856 ,  30 .  46 
 853 ,  28 .  86 
 858 ,  29 .  88 
 862 ,  31 .   4 
 857 ,  29 .  30 
 853 ,  29 .  44 
 862 ,  29 .  59 
 860 ,  30 .  46 
 858 ,  29 .  44 
 852 ,  28 .  86 
 858 ,  30 .  46 
 860 ,  31 .   4 
 858 ,  30 .  75 
 857 ,  28 .  72 
 859 ,  30 .   2 
 862 ,  29 .  88 
 855 ,  30 .  46 
 853 ,  29 .  59 
 857 ,  30 .  46 
 860 ,  28 .  86 
 856 ,  31 .   4 
 856 ,  32 .  34 
 858 ,  30 .   2 
 860 ,  30 .   2 
 856 ,  29 .  44 
 853 ,  30 .  31 
 858 ,  29 .  44 
 856 ,  30 .   2 
 858 ,  31 .  33 
 855 ,  29 .   1 
 857 ,  28 .  86 
 863 ,  29 .  30 
 856 ,  30 .   2 
 853 ,  30 .  75 
 857 ,  29 .  88 
 858 ,  30 .  17 
 855 ,  29 .  88 
 856 ,  29 .  88 
 856 ,  30 .   2 
 862 ,  29 .  30 
 854 ,  28 .  86 
 851 ,  28 .  72 
 858 ,  31 .  18 
 862 ,  30 .  75 
 855 ,  28 .  43 
 849 ,  28 .  72 
 858 ,  29 .  88 
 859 ,  30 .   2 
 853 ,  28 .  72 
 854 ,  29 .   1 
 859 ,  29 .  59 
 860 ,  30 .  31 
 854 ,  29 .  30 
 853 ,  29 .  73 
 861 ,  29 .  30 
 863 ,  30 .  60 
 859 ,  29 .  44 
 854 ,  30 .   2 
 859 ,  31 .  18 
 859 ,  30 .   2 
 855 ,  29 .  59 
 854 ,  30 .  75 
 861 ,  30 .  46 
 861 ,  30 .   2 
 854 ,  30 .   2 
 858 ,  30 .  75 
 859 ,  29 .  30 
 859 ,  29 .  44 
 855 ,  29 .  88 
 853 ,  29 .  30 
 859 ,  30 .   2 
 860 ,  30 .   2 
 856 ,  29 .  30 
 855 ,  29 .  30 
 860 ,  29 .  59 
 859 ,  30 .  46 
 858 ,  28 .  86 
 855 ,  28 .  57 
 862 ,  30 .   2 
 857 ,  30 .  89 
 856 ,  29 .  88 
 854 ,  29 .  88 
 856 ,  29 .  73 
 860 ,  30 .  46 
 851 ,  28 .  86 
 855 ,  29 .  44 
 857 ,  29 .  73 
 857 ,  29 .  88 
 856 ,  28 .  86 
 858 ,  30 .  60 
 857 ,  31 .   4 
 857 ,  29 .  59 
 852 ,  29 .  44 
 853 ,  29 .  59 
 858 ,  30 .  75 
 857 ,  31 .  18 
 857 ,  29 .  59 
 857 ,  29 .  44 
 860 ,  29 .  44 
 858 ,  30 .   2 
 853 ,  29 .  88 
 856 ,  30 .  17 
 857 ,  30 .   2 
 861 ,  30 .  60 
 856 ,  30 .  46 
 856 ,  29 .  30 
 860 ,  30 .  60 
 857 ,  31 .   4 
 853 ,  29 .  88 
 858 ,  27 .  12 
 860 ,  28 .  72 
 857 ,  29 .  88 
 854 ,  29 .  44 
 855 ,  28 .  86 
 858 ,  31 .  62 
 858 ,  29 .  73 
 851 ,  28 .  86 
 856 ,  29 .  88 
 860 ,  29 .  88 
 858 ,  30 .   2 
 852 ,  30 .  46 
 854 ,  30 .   2 
 860 ,  30 .   2 
 858 ,  29 .  30 
 858 ,  30 .  17 
 857 ,  30 .   2 
 857 ,  29 .  88 
 860 ,  29 .  88 
 854 ,  29 .  30 
 852 ,  30 .  60 
 861 ,  29 .  88 
 861 ,  30 .   2 
 855 ,  30 .   2 
 853 ,  28 .  86 
 860 ,  30 .  46 
 858 ,  29 .  88 
 859 ,  30 .  17 
 854 ,  28 .  86 
 857 ,  31 .  18 
 859 ,  30 .  46 
 856 ,  28 .  72 
 858 ,  31 .  62 
 859 ,  29 .  88 
 860 ,  29 .  44 
 855 ,  29 .  73 
 858 ,  29 .  30 
 861 ,  30 .  46 
 860 ,  32 .  34 
 854 ,  28 .  72 
 855 ,  30 .  60 
 862 ,  30 .  46 
 858 ,  31 .   4 
 854 ,  30 .   2 
 852 ,  29 .  88 
 857 ,  30 .   2 
 862 ,  31 .  62 
 853 ,  29 .  44 
 854 ,  29 .  88 
 861 ,  30 .   2 
 858 ,  30 .  75 
 853 ,  28 .  86 
 851 ,  29 .  44 
 857 ,  29 .  88 
 853 ,  28 .  14 
 856 ,  30 .  17 
 856 ,  27 .  56 
 859 ,  29 .  59 
 856 ,  30 .  46 
 852 ,  28 .  28 
 858 ,  30 .   2 
 860 ,  29 .  88 
 857 ,  29 .  88 
 854 ,  30 .  17 
 855 ,  28 .  86 
 862 ,  31 .   4 
 857 ,  30 .   2 
 856 ,  31 .  18 
 858 ,  31 .  18 
 862 ,  31 .  18 
 858 ,  30 .  75 
 854 ,  29 .  59 
 855 ,  29 .  30 
 858 ,  30 .  89 
 857 ,  29 .  44 
 854 ,  28 .  86 
 855 ,  30 .   2 
 860 ,  29 .  44 
 858 ,  33 .  50 
 852 ,  29 .  30 
 858 ,  30 .  46 
 858 ,  30 .  75 
 861 ,  28 .  72 
 851 ,  28 .  86 
 856 ,  28 .  86 
 866 ,  31 .   4 
 857 ,  31 .  91 
 854 ,  30 .  46 
 856 ,  28 .  86 
 861 ,  29 .  59 
 856 ,  30 .   2 
 856 ,  29 .  30 
 854 ,  29 .  59 
 858 ,  30 .  60 
 858 ,  30 .   2 
 852 ,  28 .  86 
 857 ,  29 .  88 
 860 ,  30 .  46 
 860 ,  30 .  46 
 852 ,  29 .  88 
 856 ,  29 .  88 
 860 ,  29 .  88 
 857 ,  30 .   2 
 852 ,  29 .  44 
 853 ,  30 .   2 
 858 ,  30 .  75 
 856 ,  29 .  44 
 854 ,  29 .  59 
 852 ,  30 .  60 
 861 ,  29 .  30 
 856 ,  31 .   4 
 853 ,  29 .  88 
 858 ,  29 .  88 
 860 ,  28 .  86 
 858 ,  31 .   4 
 856 ,  30 .   2 
 859 ,  29 .  88 
 857 ,  30 .  60 
 857 ,  30 .  60 
 858 ,  30 .  75 
 859 ,  28 .  86 
 859 ,  30 .   2 
 862 ,  30 .  60 
 856 ,  31 .  18 
 858 ,  29 .  59 
 860 ,  30 .  46 
 860 ,  29 .  73 
 853 ,  28 .  86 
 858 ,  29 .  30 
 860 ,  29 .  88 
 854 ,  29 .  44 
 854 ,  29 .  88 
 857 ,  30 .  31 
 857 ,  29 .  88 
 856 ,  29 .  44 
 852 ,  28 .  86 
 856 ,  29 .  44 
 860 ,  30 .  60 
 858 ,  30 .  60 
 854 ,  30 .  46 
 858 ,  29 .  30 
 861 ,  28 .  72 
 858 ,  29 .  44 
 850 ,  28 .  28 
 854 ,  27 .  70 
 859 ,  29 .  88 
 856 ,  30 .  75 
 853 ,  29 .  59 
 855 ,  29 .  88 
 859 ,  30 .  46 
 858 ,  29 .  88 
 854 ,  30 .  46 
 860 ,  28 .  86 
 861 ,  29 .  73 
 857 ,  30 .   2 
 854 ,  31 .  18 
 858 ,  30 .   2 
 857 ,  29 .  88 
 856 ,  29 .  73 
 854 ,  28 .  86 
 858 ,  29 .  44 
 859 ,  29 .  88 
 858 ,  30 .  60 
 854 ,  32 .  20 
 858 ,  31 .   4 
 857 ,  30 .   2 
 853 ,  31 .   4 
 854 ,  29 .  88 
 858 ,  31 .  18 
 858 ,  30 .  75 
 856 ,  28 .  72 
 852 ,  29 .  30 
 858 ,  30 .   2 
 856 ,  30 .   2 
 856 ,  30 .  17 
 851 ,  29 .  59 
 854 ,  28 .  86 
 856 ,  30 .  46 
 856 ,  30 .  46 
 856 ,  30 .  60 
 862 ,  29 .  30 
 857 ,  29 .  44 
 858 ,  30 .  46 
 857 ,  28 .  43 
 855 ,  29 .  88 
 860 ,  29 .  44 
 854 ,  28 .  86 
 854 ,  27 .  12 
 860 ,  29 .  30 
 859 ,  29 .  73 
 856 ,  30 .   2 
 855 ,  28 .  86 
 860 ,  29 .  59 
 862 ,  28 .  86 
 856 ,  31 .   4 
 853 ,  30 .   2 
 857 ,  28 .  72 
 858 ,  29 .  88 
 853 ,  28 .  86 
 853 ,  28 .  86 
 856 ,  29 .  88 
 858 ,  29 .  44 
 853 ,  29 .  88 
 854 ,  29 .  44 
 857 ,  29 .  88 
 858 ,  29 .  44 
 857 ,  31 .  91 
 854 ,  28 .  43 
 860 ,  28 .  72 
 857 ,  29 .  59 
 852 ,  30 .   2 
 856 ,  27 .  56 
 858 ,  28 .  86 
 856 ,  27 .  70 
 855 ,  30 .   2 
 852 ,  29 .  30 
 854 ,  28 .  72 
 855 ,  29 .  44 
 856 ,  28 .  86 
 853 ,  30 .   2 
 858 ,  29 .  88 
 859 ,  28 .  86 
 853 ,  28 .  72 
 856 ,  30 .  17 
 861 ,  30 .  60 
 858 ,  29 .  59 
 856 ,  30 .  60 
 856 ,  29 .  88 
 860 ,  28 .  72 
 857 ,  30 .   2 
 858 ,  30 .   2 
 854 ,  28 .  86 
 860 ,  29 .  88 
 859 ,  29 .  30 
 856 ,  31 .  47 
 852 ,  27 .  70 
 857 ,  29 .  59 
 856 ,  29 .  30 
 855 ,  27 .  70 
 853 ,  27 .  70 
 857 ,  29 .  88 
 859 ,  28 .  86 
 853 ,  29 .  88 
 848 ,  29 .  30 
 863 ,  30 .   2 
 855 ,  30 .  46 
 856 ,  29 .  88 
 854 ,  29 .  88 
 862 ,  29 .  44 
 859 ,  29 .  88 
 859 ,  30 .  75 
 854 ,  29 .  59 
 857 ,  29 .  59 
 858 ,  30 .  46 
 852 ,  30 .  75 
 854 ,  29 .  30 
 857 ,  28 .  72 
 858 ,  29 .  88 
 852 ,  30 .  75 
 853 ,  29 .  30 
 860 ,  29 .  88 
 856 ,  29 .  59 
 855 ,  30 .   2 
 856 ,  29 .  44 
 859 ,  28 .  86 
 856 ,  29 .  88 
 856 ,  30 .  46 
 856 ,  29 .  88 
 860 ,  28 .  72 
 857 ,  28 .  72 
 856 ,  30 .   2 
 856 ,  28 .  86 
 857 ,  28 .  86 
 856 ,  30 .  46 
 854 ,  30 .  60 
 859 ,  30 .  75 
 861 ,  28 .  43 
 861 ,  28 .  86 
 857 ,  30 .  60 
 858 ,  29 .  88 
 858 ,  27 .  56 
 859 ,  28 .  28 
 853 ,  28 .  86 
 857 ,  29 .  88 
 858 ,  29 .  88 
 858 ,  28 .  72 
 853 ,  29 .  59 
 856 ,  30 .   2 
 857 ,  30 .  60 
 856 ,  29 .  73 
 856 ,  29 .  30 
 857 ,  28 .  86 
 860 ,  27 .  70 
 859 ,  28 .  86 
 853 ,  29 .  88 
 856 ,  30 .  17 
 860 ,  28 .  72 
 855 ,  29 .  30 
 851 ,  30 .   2 
 853 ,  26 .  40 
 860 ,  29 .  30 
 857 ,  28 .  72 
 852 ,  28 .  72 
 856 ,  28 .  86 
 856 ,  28 .  72 
 859 ,  28 .  86 
 854 ,  30 .  46 
 856 ,  28 .  86 
 859 ,  28 .  86 
 859 ,  28 .  43 
 852 ,  29 .  44 
 856 ,  27 .  70 
 861 ,  29 .  15 
 858 ,  28 .  72 
 856 ,  29 .  44 
 856 ,  30 .  46 
 862 ,  29 .  88 
 857 ,  29 .  88 
 857 ,  29 .  73 
 855 ,  28 .  86 
 860 ,  29 .  44 
 857 ,  28 .  72 
 856 ,  30 .  60 
 855 ,  29 .  59 
 861 ,  30 .   2 
 858 ,  30 .  46 
 854 ,  31 .   4 
 857 ,  30 .   2 
 861 ,  30 .   2 
 858 ,  29 .  88 
 855 ,  30 .  46 
 861 ,  29 .  59 
 860 ,  26 .  54 
 859 ,  29 .  88 
 855 ,  30 .  75 
 855 ,  28 .  86 
 857 ,  28 .  86 
 856 ,  29 .  88 
 859 ,  30 .   2 
 857 ,  29 .  73 
 857 ,  29 .  59 
 858 ,  29 .  59 
 857 ,  29 .  44 
 858 ,  29 .  30 
 860 ,  28 .  43 
 858 ,  29 .  59 
 853 ,  28 .  86 
 856 ,  29 .  44 
 860 ,  27 .  70 
 856 ,  28 .  28 
 855 ,  28 .  86 
 859 ,  29 .  88 
 860 ,  29 .  59 
 859 ,  28 .  43 
 856 ,  30 .  60 
 858 ,  30 .  75 
 860 ,  28 .  43 
 855 ,  28 .  57 
 852 ,  28 .  57 
 860 ,  28 .  43 
 860 ,  30 .   2 
 856 ,  30 .   2 
 854 ,  30 .  60 
 856 ,  28 .  86 
 859 ,  29 .  88 
 858 ,  29 .  88 
 855 ,  29 .  88 
 855 ,  28 .  86 
 861 ,  28 .  72 
 858 ,  29 .  88 
 857 ,  30 .   2 
 857 ,  29 .  44 
 860 ,  29 .  88 
 857 ,  31 .  18 
 855 ,  29 .  44 
 858 ,  28 .  86 
 861 ,  28 .  86 
 860 ,  28 .  86 
 856 ,  31 .  18 
 862 ,  30 .  46 
 862 ,  28 .  86 
 855 ,  28 .  72 
 852 ,  28 .  86 
 856 ,  29 .  30 
 859 ,  28 .  86 
 855 ,  28 .  86 
 855 ,  29 .  44 
 856 ,  29 .  30 
 860 ,  28 .  72 
 856 ,  30 .   2 
 855 ,  28 .  86 
 858 ,  28 .  72 
 857 ,  29 .  30 
 857 ,  30 .  46 
 855 ,  30 .   2 
 859 ,  29 .  59 
 855 ,  30 .  75 
 857 ,  29 .  88 
 854 ,  29 .  44 
 860 ,  28 .  86 
 862 ,  29 .  30 
 855 ,  30 .  46 
 853 ,  28 .  57 
 860 ,  29 .  30 
 859 ,  28 .  86 
 859 ,  28 .  86 
 856 ,  29 .  88 
 858 ,  30 .   2 
 860 ,  29 .  88 
 856 ,  30 .   2 
 858 ,  29 .  88 
 860 ,  28 .  86 
 859 ,  29 .  44 
 859 ,  28 .  14 
 853 ,  31 .  76 
 856 ,  30 .  60 
 860 ,  28 .  72 
 856 ,  28 .  43 
 856 ,  28 .  28 
 862 ,  29 .  88 
 859 ,  30 .  46 
 857 ,  27 .  56 
 853 ,  30 .   2 
 858 ,  29 .  30 
 859 ,  28 .  86 
 854 ,  28 .  86 
 856 ,  28 .  86 
 856 ,  28 .  14 
 864 ,  28 .  72 
 857 ,  29 .  44 
 857 ,  29 .  15 
 858 ,  29 .  88 
 858 ,  30 .  75 
 857 ,  28 .  86 
 855 ,  29 .  44 
 859 ,  29 .   1 
 861 ,  28 .  57 
 853 ,  29 .  30 
 857 ,  29 .  30 
 862 ,  29 .  88 
 861 ,  27 .  56 
 857 ,  29 .  59 
 858 ,  30 .  46 
 859 ,  29 .  30 
 860 ,  29 .  59 
 853 ,  28 .  86 
 854 ,  30 .  60 
 859 ,  30 .  60 
 859 ,  28 .  86 
 856 ,  29 .  88 
 854 ,  30 .   2 
 859 ,  30 .  75 
 861 ,  28 .  86 
 853 ,  28 .  86 
 855 ,  28 .  86 
 856 ,  29 .  88 
 860 ,  29 .  88 
 853 ,  28 .  86 
 858 ,  29 .  88 
 856 ,  29 .  44 
 860 ,  29 .  44 
 856 ,  29 .  30 
 853 ,  28 .  72 
 858 ,  30 .   2 
 861 ,  29 .  30 
 856 ,  28 .  72 
 854 ,  30 .   2 
 857 ,  28 .  86 
 860 ,  28 .  28 
 856 ,  28 .  86 
 856 ,  31 .  62 
 860 ,  28 .  72 
 861 ,  28 .  14 
 853 ,  29 .  44 
 855 ,  29 .  44 
 861 ,  28 .  57 
 862 ,  29 .  30 
 853 ,  28 .  86 
 855 ,  29 .  88 
 863 ,  30 .  46 
 859 ,  29 .  88 
 856 ,  29 .  59 
 857 ,  29 .  44 
 856 ,  28 .  86 
 854 ,  29 .  73 
 853 ,  29 .  44 
 852 ,  29 .  73 
 857 ,  29 .  30 
 859 ,  29 .  88 
 853 ,  29 .  44 
 858 ,  29 .  59 
 858 ,  29 .  44 
 861 ,  28 .  86 
 854 ,  29 .  59 
 856 ,  29 .  30 
 863 ,  29 .  88 
 858 ,  28 .  86 
 853 ,  28 .  86 
 858 ,  29 .  30 
 861 ,  29 .  88 
 860 ,  29 .  88 
 855 ,  28 .  86 
 858 ,  31 .  76 
 858 ,  29 .  73 
 858 ,  28 .  14 
 853 ,  26 .  11 
 856 ,  31 .   4 
 859 ,  30 .   2 
 859 ,  27 .  70 
 855 ,  29 .  44 
 853 ,  29 .  73 
 857 ,  28 .  86 
 857 ,  28 .  86 
 856 ,  30 .  46 
 856 ,  29 .  44 
 860 ,  29 .  30 
 859 ,  30 .   2 
 855 ,  28 .  43 
 858 ,  30 .  17 
 859 ,  28 .  72 
 857 ,  27 .  70 
 856 ,  28 .  86 
 856 ,  28 .  72 
 861 ,  28 .  43 
 857 ,  28 .  43 
 856 ,  30 .   2 
 856 ,  29 .  44 
 859 ,  29 .  44 
 860 ,  29 .  59 
 852 ,  29 .  30 
 856 ,  30 .  46 
 862 ,  28 .  86 
 858 ,  29 .  30 
 855 ,  28 .  72 
 858 ,  28 .  72 
 860 ,  28 .  86 
 860 ,  28 .  43 
 855 ,  28 .  28 
 856 ,  30 .   2 
 859 ,  29 .  59 
 858 ,  27 .  70 
 854 ,  30 .  46 
 856 ,  29 .  30 
 860 ,  28 .  72 
 856 ,  30 .   2 
 854 ,  30 .   2 
 856 ,  29 .  59 
 859 ,  30 .  46 
 856 ,  30 .  46 
 856 ,  29 .  88 
 856 ,  28 .  43 
 858 ,  28 .  86 
 857 ,  28 .  86 
 856 ,  28 .  86 
 859 ,  28 .  14 
 856 ,  27 .  56 
 857 ,  29 .  44 
 852 ,  28 .  86 
 855 ,  28 .  86 
 860 ,  28 .  28 
 858 ,  30 .   2 
 851 ,  29 .  73 
 859 ,  30 .   2 
 862 ,  29 .  73 
 858 ,  29 .  30 
 853 ,  29 .  88 
 858 ,  29 .  30 
 857 ,  28 .  28 
 859 ,  28 .  86 
 853 ,  28 .  86 
 859 ,  28 .  86 
 862 ,  29 .  59 
 856 ,  31 .   4 
 853 ,  27 .  12 
 858 ,  29 .  30 
 859 ,  28 .  14 
 856 ,  29 .  30 
 855 ,  28 .  14 
 857 ,  30 .   2 
 862 ,  30 .   2 
 857 ,  28 .  72 
 856 ,  30 .  60 
 858 ,  30 .   2 
 860 ,  28 .  86 
 855 ,  28 .  72 
 856 ,  30 .   2 
 856 ,  29 .  88 
 860 ,  28 .  86 
 856 ,  29 .  44 
 855 ,  28 .  86 
 858 ,  29 .  30 
 859 ,  28 .  86 
 857 ,  29 .  44 
 854 ,  29 .  88 
 856 ,  29 .  30 
 860 ,  31 .  18 
 858 ,  29 .  30 
 853 ,  28 .  86 
 855 ,  28 .  86 
 859 ,  29 .  30 
 856 ,  29 .  88 
 853 ,  29 .  30 
 855 ,  29 .  88 
 859 ,  28 .  86 
 858 ,  29 .  30 
 850 ,  29 .  88 
 857 ,  29 .  88 
 862 ,  28 .  72 
 856 ,  29 .  88 
 853 ,  29 .  44 
 860 ,  29 .  88 
 857 ,  29 .  30 
 856 ,  27 .  56 
 856 ,  29 .  88 
 861 ,  27 .  70 
 861 ,  31 .   4 
 859 ,  28 .  86 
 855 ,  28 .  86 
 858 ,  29 .  44 
 857 ,  29 .  88 
 858 ,  29 .  44 
 852 ,  29 .  44 
 860 ,  28 .  43 
 861 ,  29 .  30 
 859 ,  29 .  30 
 853 ,  28 .  86 
 859 ,  29 .  44 
 860 ,  28 .  86 
 854 ,  29 .  30 
 855 ,  29 .  88 
 857 ,  30 .   2 
 858 ,  29 .  30 
 855 ,  27 .  70 
 854 ,  28 .  86 
 856 ,  29 .  30 
 858 ,  29 .  44 
 855 ,  28 .  86 
 856 ,  29 .  44 
 856 ,  28 .  86 
 856 ,  29 .  88 
 859 ,  29 .  30 
 855 ,  28 .  86 
 860 ,  29 .  88 
 859 ,  30 .  60 
 858 ,  30 .  17 
 855 ,  28 .  28 
 857 ,  30 .  46 
 859 ,  27 .  70 
 853 ,  28 .  72 
 856 ,  29 .  59 
 857 ,  30 .  60 
 861 ,  26 .  98 
 856 ,  27 .  70 
 856 ,  30 .  60 
 862 ,  29 .  30 
 860 ,  29 .  44 
 857 ,  27 .  70 
 855 ,  29 .  59 
 857 ,  29 .  44 
 859 ,  28 .  72 
 856 ,  28 .  72 
 853 ,  28 .  43 
 860 ,  29 .  88 
 860 ,  30 .   2 
 857 ,  30 .  46 
 853 ,  30 .   2 
 857 ,  30 .   2 
 858 ,  29 .  30 
 855 ,  28 .  72 
 854 ,  29 .  44 
 857 ,  28 .  28 
 858 ,  28 .  72 
 852 ,  30 .   2 
 853 ,  28 .  86 
 859 ,  29 .  30 
 859 ,  28 .  72 
 852 ,  28 .  72 
 856 ,  29 .  88 
 857 ,  29 .  30 
 860 ,  28 .  86 
 856 ,  28 .  14 
 855 ,  28 .  72 
 856 ,  29 .  30 
 858 ,  28 .  72 
 853 ,  28 .  86 
 855 ,  29 .  30 
 862 ,  29 .  88 
 857 ,  29 .  30 
 851 ,  29 .  88 
 853 ,  29 .  44 
 860 ,  28 .  86 
 859 ,  28 .  28 
 858 ,  29 .  73 
 855 ,  28 .  43 
 857 ,  30 .  60 
 860 ,  27 .  56 
 856 ,  28 .  14 
 855 ,  28 .  86 
 857 ,  28 .  86 
 859 ,  29 .  44 
 853 ,  28 .  86 
 856 ,  29 .  88 
 862 ,  29 .  88 
 859 ,  28 .  86 
 855 ,  29 .  88 
 852 ,  29 .  30 
 859 ,  29 .  73 
 857 ,  29 .  30 
 853 ,  28 .  86 
 856 ,  29 .  44 
 861 ,  30 .   2 
 858 ,  29 .  59 
 850 ,  28 .  72 
 856 ,  30 .  46 
 862 ,  28 .  28 
 858 ,  30 .  46 
 855 ,  29 .  88 
 855 ,  29 .  88 
 860 ,  29 .  59 
 858 ,  29 .  88 
 856 ,  28 .  72 
 856 ,  29 .  44 
 860 ,  28 .  72 
 860 ,  28 .  72 
 858 ,  29 .  59 
 856 ,  28 .  86 
 858 ,  30 .   2 
 862 ,  29 .  59 
 854 ,  28 .  86 
 855 ,  28 .  72 
 858 ,  30 .   2 
 856 ,  28 .  14 
 856 ,  29 .  30 
 852 ,  29 .   1 
 857 ,  28 .  14 
 856 ,  29 .  44 
 852 ,  29 .  88 
 856 ,  28 .  86 
 858 ,  29 .  88 
 858 ,  28 .  43 
 855 ,  29 .  44 
 854 ,  31 .  76 
 859 ,  29 .  44 
 852 ,  29 .  73 
 855 ,  28 .  86 
 857 ,  30 .  46 
 862 ,  28 .  72 
 859 ,  28 .  86 
 854 ,  28 .  14 
 856 ,  29 .  88 
 864 ,  29 .  88 
 860 ,  29 .  88 
 857 ,  29 .  59 
 854 ,  30 .  60 
 862 ,  29 .  30 
 859 ,  28 .  86 
 853 ,  28 .  86 
 856 ,  28 .  72 
 861 ,  30 .   2 
 857 ,  28 .  86 
 856 ,  27 .  70 
 856 ,  29 .  30 
 859 ,  30 .   2 
 857 ,  29 .  73 
 852 ,  29 .  44 
 855 ,  28 .  86 
 858 ,  28 .  86 
 859 ,  29 .  59 
 853 ,  29 .  30 
 857 ,  28 .  28 
 864 ,  30 .   2 
 858 ,  27 .  27 
 856 ,  29 .  30 
 857 ,  28 .  86 
 860 ,  29 .  59 
 858 ,  27 .  70 
 856 ,  29 .  30 
 861 ,  29 .  15 
 863 ,  29 .  88 
 866 ,  29 .  88 
 854 ,  30 .  46 
 854 ,  31 .  33 
 860 ,  28 .  86 
 856 ,  28 .  57 
 854 ,  28 .  43 
 856 ,  29 .  88 
 858 ,  31 .   4 
 858 ,  30 .   2 
 854 ,  28 .  86 
 857 ,  28 .  43 
 864 ,  31 .   4 
 856 ,  29 .  88 
 853 ,  29 .  44 
 859 ,  28 .  86 
 858 ,  29 .  88 
 856 ,  28 .  86 
 856 ,  29 .  44 
 853 ,  28 .  86 
 860 ,  28 .  72 
 861 ,  30 .  46 
 852 ,  28 .  86 
 856 ,  28 .  86 
 859 ,  28 .  86 
 858 ,  29 .  30 
 853 ,  29 .  59 
 854 ,  28 .  86 
 861 ,  29 .  30 
 860 ,  28 .  43 
 856 ,  28 .  86 
 858 ,  28 .  72 
 861 ,  27 .  27 
 857 ,  28 .  86 
 856 ,  29 .  30 
 860 ,  28 .  86 
 862 ,  29 .  59 
 859 ,  29 .  88 
 858 ,  28 .  72 
 856 ,  29 .  44 
 860 ,  29 .  88 
 856 ,  28 .  86 
 855 ,  28 .  86 
 856 ,  29 .  88 
 862 ,  29 .  88 
 858 ,  29 .  88 
 851 ,  28 .  57 
 860 ,  30 .   2 
 855 ,  28 .  86 
 859 ,  28 .  86 
 854 ,  29 .  59 
 856 ,  28 .  72 
 861 ,  29 .  30 
 856 ,  28 .  86 
 854 ,  28 .  86 
 855 ,  28 .  72 
 862 ,  28 .  72 
 856 ,  29 .  88 
 853 ,  28 .  14 
 858 ,  30 .  75 
 858 ,  28 .  86 
 855 ,  30 .   2 
 856 ,  28 .  14 
 860 ,  28 .  72 
 857 ,  29 .  88 
 858 ,  28 .  72 
 855 ,  29 .  30 
 858 ,  30 .   2 
 859 ,  29 .  88 
 856 ,  29 .  59 
 853 ,  28 .  72 
 860 ,  28 .  86 
 861 ,  29 .  59 
 857 ,  29 .  44 
 854 ,  29 .  59 
 858 ,  28 .  86 
 858 ,  29 .  59 
 855 ,  27 .  70 
 851 ,  28 .  86 
 853 ,  28 .  86 
 861 ,  28 .  86 
 856 ,  29 .  88 
 852 ,  29 .  59 
 860 ,  29 .  88 
 860 ,  29 .  44 
 857 ,  29 .  30 
 856 ,  29 .  59 
 860 ,  28 .  43 
 860 ,  29 .  30 
 857 ,  28 .  14 
 853 ,  28 .  86 
 856 ,  29 .  88 
 864 ,  29 .  30 
 856 ,  30 .   2 
 856 ,  28 .  72 
 856 ,  29 .  59 
 861 ,  28 .  72 
 858 ,  29 .  30 
 853 ,  28 .  43 
 856 ,  30 .  46 
 861 ,  29 .  30 
 856 ,  28 .  72 
 853 ,  28 .  86 
 858 ,  29 .  44 
 856 ,  29 .  44 
 853 ,  27 .  70 
 852 ,  30 .   2 
 858 ,  28 .  86 
 858 ,  29 .  88 
 855 ,  28 .  86 
 853 ,  28 .  86 
 857 ,  29 .  44 
 858 ,  29 .  59 
 856 ,  29 .  44 
 854 ,  28 .  86 
 856 ,  27 .  70 
 860 ,  29 .  88 
 858 ,  28 .  86 
 855 ,  29 .  59 
 857 ,  28 .  86 
 858 ,  29 .  88 
 858 ,  29 .  30 
 856 ,  28 .  72 
 858 ,  29 .  44 
 860 ,  28 .  43 
 858 ,  29 .   1 
 857 ,  29 .  30 
 859 ,  28 .  86 
 859 ,  29 .  44 
 855 ,  27 .  70 
 853 ,  29 .  88 
 858 ,  30 .  60 
 859 ,  30 .   2 
 855 ,  28 .  86 
 855 ,  28 .  86 
 858 ,  29 .  44 
 858 ,  30 .   2 
 858 ,  28 .  86 
 852 ,  27 .  56 
 857 ,  28 .  86 
 863 ,  30 .   2 
 856 ,  29 .  44 
 854 ,  29 .  30 
 857 ,  28 .  86 
 861 ,  29 .  59 
 856 ,  28 .  86 
 856 ,  27 .  41 
 858 ,  28 .  43 
 860 ,  30 .  17 
 855 ,  27 .  70 
 855 ,  29 .  59 
 857 ,  28 .  28 
 862 ,  27 .  12 
 855 ,  28 .  14 
 853 ,  27 .  12 
 859 ,  28 .  86 
 857 ,  29 .  88 
 855 ,  28 .  14 
 857 ,  29 .  88 
 858 ,  29 .  30 
 861 ,  28 .  86 
 853 ,  28 .  72 
 854 ,  30 .   2 
 858 ,  29 .  73 
 861 ,  28 .  72 
 858 ,  29 .  59 
 855 ,  28 .  86 
 859 ,  28 .  86 
 859 ,  29 .  30 
 853 ,  29 .  88 
 856 ,  29 .  30 
 859 ,  29 .  30 
 857 ,  29 .  59 
 855 ,  27 .  70 
 852 ,  28 .  86 
 860 ,  30 .  46 
 862 ,  29 .  88 
 854 ,  29 .  30 
 853 ,  28 .  43 
 860 ,  29 .  44 
 861 ,  27 .  70 
 852 ,  27 .  70 
 852 ,  28 .  86 
 858 ,  29 .  30 
 863 ,  27 .  70 
 855 ,  27 .  70 
 856 ,  28 .  43 
 857 ,  27 .  27 
 859 ,  28 .  43 
 854 ,  28 .  43 
 858 ,  29 .  30 
 860 ,  28 .  86 
 857 ,  28 .  86 
 853 ,  28 .  86 
 858 ,  28 .  28 
 862 ,  28 .  72 
 858 ,  29 .  44 
 856 ,  28 .  72 
 855 ,  29 .  30 
 859 ,  30 .  75 
 860 ,  28 .  86 
 854 ,  28 .  86 
 855 ,  29 .  30 
 864 ,  29 .  73 
 859 ,  29 .  73 
 854 ,  28 .  57 
 853 ,  28 .  43 
 860 ,  29 .  88 
 859 ,  28 .  72 
 852 ,  29 .   1 
 860 ,  28 .  86 
 861 ,  29 .  59 
 858 ,  27 .  56 
 857 ,  27 .  70 
 860 ,  28 .  86 
 863 ,  28 .  57 
 861 ,  28 .  72 
 853 ,  28 .  28 
 858 ,  29 .  88 
 864 ,  30 .   2 
 859 ,  28 .  86 
 856 ,  29 .  30 
 858 ,  30 .   2 
 861 ,  27 .  27 
 861 ,  29 .  44 
 853 ,  28 .  43 
 858 ,  30 .  46 
 862 ,  29 .  59 
 857 ,  28 .  28 
 855 ,  28 .  86 
 858 ,  28 .  28 
 864 ,  28 .  72 
 857 ,  27 .  41 
 852 ,  28 .  14 
 854 ,  29 .  88 
 861 ,  27 .  70 
 860 ,  29 .  88 
 853 ,  27 .  70 
 854 ,  29 .  44 
 862 ,  28 .  14 
 858 ,  29 .  88 
 858 ,  28 .  72 
 852 ,  28 .  86 
 861 ,  30 .   2 
 862 ,  29 .   1 
 853 ,  28 .  86 
 857 ,  28 .  86 
 861 ,  28 .  72 
 864 ,  30 .  31 
 856 ,  29 .  30 
 856 ,  28 .  86 
 863 ,  29 .  44 
 860 ,  29 .  59 
 856 ,  29 .  59 
 857 ,  27 .  41 
 860 ,  29 .  30 
 858 ,  28 .  72 
 853 ,  28 .  86 
 858 ,  29 .  30 
 860 ,  29 .  73 
 857 ,  27 .  56 
 857 ,  28 .  72 
 859 ,  30 .   2 
 860 ,  28 .  86 
 857 ,  27 .  70 
 853 ,  28 .  86 
 856 ,  28 .  86 
 858 ,  28 .  43 
 859 ,  28 .  86 
 855 ,  28 .  86 
 856 ,  29 .  44 
 860 ,  28 .  14 
 864 ,  28 .  43 
 852 ,  27 .  70 
 858 ,  28 .  57 
 861 ,  28 .  14 
 857 ,  28 .  72 
 858 ,  28 .  86 
 857 ,  28 .  72 
 861 ,  27 .  70 
 859 ,  28 .  86 
 852 ,  27 .  70 
 859 ,  29 .  30 
 862 ,  27 .  12 
 860 ,  29 .  30 
 859 ,  28 .  57 
 862 ,  29 .  88 
 862 ,  29 .  59 
 860 ,  27 .  70 
 855 ,  28 .  43 
 856 ,  29 .  88 
 862 ,  29 .  59 
 857 ,  29 .  73 
 853 ,  29 .  59 
 858 ,  29 .  73 
 860 ,  27 .  41 
 856 ,  29 .  44 
 856 ,  27 .  70 
 858 ,  28 .  86 
 860 ,  27 .  56 
 858 ,  29 .  44 
 855 ,  28 .  72 
 862 ,  28 .  86 
 860 ,  27 .  70 
 861 ,  28 .  43 
 855 ,  28 .  28 
 858 ,  27 .  70 
 859 ,  27 .  12 
 863 ,  28 .  72 
 855 ,  28 .  72 
 858 ,  29 .  59 
 864 ,  28 .  86 
 854 ,  27 .  70 
 855 ,  28 .  72 
 856 ,  28 .  43 
 860 ,  28 .  28 
 857 ,  28 .  28 
 854 ,  28 .  72 
 857 ,  27 .  70 
 861 ,  29 .  59 
 857 ,  27 .  70 
 854 ,  28 .  86 
 859 ,  29 .  30 
 863 ,  28 .  72 
 861 ,  27 .  56 
 856 ,  28 .  86 
 862 ,  28 .  72 
 860 ,  28 .  43 
 858 ,  28 .  28 
 856 ,  29 .  88 
 860 ,  29 .  88 
 861 ,  28 .  57 
 857 ,  28 .  86 
 853 ,  28 .  72 
 858 ,  28 .  86 
 859 ,  29 .  15 
 857 ,  30 .   2 
 858 ,  28 .  14 
 859 ,  28 .  43 
 859 ,  28 .  86 
 860 ,  28 .  86 
 858 ,  28 .  72 
 860 ,  28 .  86 
 861 ,  28 .  57 
 860 ,  30 .  60 
 857 ,  28 .  28 
 858 ,  29 .  30 
 863 ,  28 .  72 
 860 ,  28 .  72 
 862 ,  29 .  88 
 860 ,  28 .  86 
 861 ,  28 .  43 
 856 ,  30 .  17 
 853 ,  28 .  14 
 857 ,  27 .  12 
 862 ,  28 .  72 
 859 ,  28 .  86 
 854 ,  29 .  30 
 862 ,  28 .  43 
 863 ,  27 .  70 
 857 ,  29 .  59 
 854 ,  28 .  86 
 860 ,  29 .  59 
 862 ,  27 .  70 
 857 ,  28 .  86 
 855 ,  29 .  73 
 859 ,  28 .  28 
 864 ,  28 .  43 
 859 ,  28 .  86 
 856 ,  28 .  86 
 860 ,  28 .  72 
 861 ,  28 .  86 
 858 ,  27 .  56 
 855 ,  27 .  70 
 857 ,  28 .  72 
 866 ,  30 .   2 
 860 ,  29 .  59 
 860 ,  28 .  72 
 860 ,  28 .  86 
 860 ,  27 .  70 
 859 ,  28 .  14 
 856 ,  28 .  28 
 858 ,  29 .  88 
 863 ,  29 .  30 
 857 ,  29 .  44 
 860 ,  27 .  12 
 861 ,  29 .  44 
 860 ,  28 .  72 
 858 ,  29 .  59 
 857 ,  28 .  72 
 858 ,  27 .  70 
 862 ,  28 .  28 
 858 ,  29 .  88 
 855 ,  29 .  30 
 860 ,  28 .  86 
 864 ,  29 .  30 
 858 ,  29 .  30 
 857 ,  28 .  57 
 860 ,  28 .  86 
 860 ,  28 .  43 
 859 ,  29 .   1 
 857 ,  28 .  86 
 857 ,  27 .  70 
 861 ,  27 .  70 
 857 ,  28 .  72 
 856 ,  27 .  70 
 859 ,  28 .  72 
 862 ,  28 .  86 
 857 ,  28 .  14 
 856 ,  28 .  14 
 861 ,  28 .  72 
 860 ,  27 .  70 
 857 ,  28 .  86 
 858 ,  28 .  28 
 862 ,  29 .  59 
 860 ,  27 .  70 
 856 ,  29 .  44 
 857 ,  28 .  72 
 862 ,  28 .  72 
 860 ,  29 .  30 
 859 ,  28 .  28 
 859 ,  28 .  86 
 862 ,  29 .  44 
 860 ,  29 .  44 
 855 ,  28 .  72 
 858 ,  27 .  56 
 862 ,  29 .  30 
 862 ,  29 .  30 
 854 ,  29 .  44 
 856 ,  28 .  28 
 860 ,  29 .  88 
 862 ,  27 .  56 
 856 ,  28 .  28 
 858 ,  28 .  28 
 860 ,  28 .  28 
 860 ,  28 .  86 
 859 ,  30 .   2 
 854 ,  28 .  72 
 862 ,  29 .  88 
 862 ,  29 .  59 
 857 ,  28 .  72 
 856 ,  28 .  86 
 864 ,  29 .  44 
 860 ,  30 .  17 
 859 ,  30 .   2 
 855 ,  28 .  43 
 864 ,  29 .  30 
 860 ,  27 .  70 
 857 ,  28 .  86 
 867 ,  28 .  72 
 864 ,  29 .  59 
 862 ,  28 .  28 
 855 ,  29 .  30 
 859 ,  28 .  86 
 863 ,  28 .  72 
 858 ,  28 .  72 
 859 ,  26 .  11 
 855 ,  28 .  14 
 860 ,  28 .  14 
 862 ,  28 .  86 
 857 ,  29 .  88 
 857 ,  27 .  70 
 857 ,  29 .  44 
 861 ,  28 .  86 
 858 ,  27 .  56 
 855 ,  28 .  72 
 862 ,  28 .  86 
 863 ,  27 .  70 
 859 ,  28 .  72 
 857 ,  28 .  28 
 862 ,  28 .  28 
 862 ,  29 .  59 
 857 ,  29 .  15 
 860 ,  27 .  12 
 863 ,  27 .  27 
 863 ,  32 .  34 
 856 ,  28 .  57 
 857 ,  27 .  56 
 858 ,  28 .  28 
 860 ,  29 .  30 
 855 ,  28 .  86 
 857 ,  27 .  27 
 860 ,  29 .  30 
 856 ,  28 .  72 
 855 ,  28 .  72 
 856 ,  29 .  30 
 861 ,  28 .  86 
 859 ,  29 .  59 
 856 ,  29 .  30 
 857 ,  27 .  70 
 861 ,  27 .  12 
 862 ,  28 .  14 
 857 ,  28 .  72 
 861 ,  26 .  98 
 864 ,  28 .  86 
 862 ,  29 .  59 
 859 ,  29 .  73 
 855 ,  29 .  30 
 864 ,  29 .  88 
 861 ,  29 .  30 
 857 ,  28 .  14 
 860 ,  29 .  59 
 863 ,  28 .  72 
 861 ,  27 .  70 
 858 ,  29 .  44 
 859 ,  28 .  72 
 864 ,  29 .  88 
 863 ,  28 .  86 
 857 ,  28 .  86 
 857 ,  28 .  72 
 862 ,  28 .  57 
 864 ,  30 .  46 
 856 ,  29 .  88 
 858 ,  28 .  86 
 861 ,  28 .  86 
 861 ,  28 .  28 
 856 ,  29 .  59 
 858 ,  30 .   2 
 860 ,  27 .  70 
 856 ,  28 .  72 
 858 ,  27 .  70 
 859 ,  27 .  70 
 862 ,  29 .  44 
 861 ,  28 .  43 
 859 ,  28 .  43 
 859 ,  27 .  56 
 861 ,  28 .  28 
 859 ,  28 .  28 
 856 ,  29 .   1 
 859 ,  29 .  59 
 861 ,  27 .  70 
 860 ,  28 .  86 
 856 ,  28 .  72 
 859 ,  27 .  70 
 861 ,  28 .  72 
 855 ,  29 .  44 
 856 ,  28 .  43 
 860 ,  27 .  70 
 862 ,  28 .  86 
 864 ,  29 .  59 
 856 ,  28 .  57 
 859 ,  29 .  44 
 862 ,  28 .  43 
 860 ,  28 .  14 
 856 ,  29 .  44 
 860 ,  29 .  73 
 862 ,  28 .  72 
 861 ,  28 .  86 
 856 ,  28 .  72 
 859 ,  28 .  72 
 863 ,  28 .  86 
 859 ,  27 .  70 
 857 ,  28 .  86 
 857 ,  28 .  86 
 862 ,  28 .  28 
 859 ,  30 .   2 
 856 ,  28 .  86 
 857 ,  28 .  72 
 866 ,  28 .  86 
 861 ,  29 .  30 
 857 ,  28 .  86 
 858 ,  29 .  88 
 862 ,  29 .  30 
 863 ,  28 .  86 
 857 ,  27 .  41 
 859 ,  29 .  30 
 861 ,  28 .  72 
 862 ,  29 .  44 
 857 ,  28 .  86 
 856 ,  28 .  86 
 866 ,  28 .  86 
 861 ,  28 .  86 
 857 ,  28 .  86 
 857 ,  28 .  72 
 864 ,  29 .   1 
 861 ,  28 .  86 
 859 ,  28 .  86 
 858 ,  29 .  44 
 862 ,  28 .  86 
 861 ,  28 .  72 
 856 ,  28 .  72 
 860 ,  28 .  72 
 862 ,  28 .  72 
 857 ,  29 .  59 
 853 ,  28 .  28 
 860 ,  28 .  72 
 863 ,  28 .  86 
 859 ,  28 .  86 
 855 ,  28 .  86 
 862 ,  29 .  44 
 860 ,  28 .  28 
 860 ,  28 .  86 
 856 ,  29 .  59 
 861 ,  28 .  72 
 862 ,  28 .  86 
 862 ,  29 .  88 
 857 ,  28 .  14 
 858 ,  29 .  59 
 864 ,  28 .  86 
 860 ,  28 .  86 
 854 ,  28 .  57 
 860 ,  29 .  30 
 863 ,  29 .  44 
 857 ,  28 .  43 
 854 ,  29 .  44 
 857 ,  28 .  86 
 860 ,  28 .  72 
 860 ,  28 .  86 
 854 ,  28 .  86 
 857 ,  28 .  72 
 866 ,  28 .  72 
 857 ,  28 .  72 
 859 ,  28 .  72 
 860 ,  28 .  43 
 860 ,  28 .  86 
 860 ,  29 .  44 
 854 ,  28 .  57 
 861 ,  27 .  27 
 864 ,  28 .  72 
 860 ,  29 .  44 
 859 ,  28 .  72 
 859 ,  28 .  86 
 857 ,  28 .  72 
 864 ,  29 .  88 
 858 ,  28 .  43 
 860 ,  28 .  14 
 862 ,  28 .  72 
 860 ,  28 .  28 
 857 ,  28 .  14 
 860 ,  29 .  59 
 865 ,  28 .  14 
 860 ,  29 .  44 
 855 ,  28 .  14 
 860 ,  29 .  59 
 864 ,  27 .  70 
 861 ,  29 .  44 
 859 ,  30 .   2 
 860 ,  28 .  86 
 859 ,  28 .  28 
 858 ,  29 .  30 
 856 ,  27 .  70 
 859 ,  28 .  28 
 859 ,  28 .  57 
 857 ,  28 .  14 
 856 ,  29 .  44 
 859 ,  28 .  72 
 864 ,  27 .  56 
 858 ,  28 .  28 
 857 ,  27 .  70 
 860 ,  28 .  86 
 861 ,  28 .  72 
 858 ,  28 .  72 
 856 ,  28 .  86 
 859 ,  26 .  98 
 864 ,  28 .  72 
 858 ,  27 .  70 
 858 ,  28 .  43 
 859 ,  28 .  28 
 862 ,  28 .  72 
 860 ,  28 .  72 
 856 ,  27 .  99 
 863 ,  28 .  72 
 861 ,  27 .  70 
 860 ,  28 .  57 
 858 ,  29 .  88 
 857 ,  27 .  70 
 861 ,  28 .  72 
 861 ,  29 .  44 
 856 ,  28 .  57 
 861 ,  27 .  56 
 860 ,  28 .  43 
 858 ,  28 .  72 
 857 ,  28 .  28 
 860 ,  27 .  56 
 860 ,  27 .  70 
 853 ,  27 .  70 
 855 ,  28 .  43 
 862 ,  29 .  30 
 862 ,  27 .  70 
 860 ,  27 .  56 
 856 ,  28 .  86 
 859 ,  28 .  86 
 862 ,  28 .  72 
 857 ,  27 .  70 
 855 ,  28 .  28 
 859 ,  28 .  86 
 862 ,  28 .  28 
 858 ,  27 .  70 
 859 ,  29 .  59 
 860 ,  27 .  70 
 861 ,  28 .  86 
 855 ,  28 .  28 
 856 ,  28 .  72 
 861 ,  28 .  57 
 864 ,  28 .  86 
 856 ,  28 .  86 
 855 ,  29 .  44 
 861 ,  28 .  14 
 861 ,  28 .  28 
 856 ,  28 .  14 
 857 ,  28 .  28 
 860 ,  28 .  28 
 861 ,  28 .  72 
 862 ,  29 .   1 
 857 ,  28 .  86 
 858 ,  28 .  86 
 861 ,  27 .  56 
 856 ,  28 .  14 
 857 ,  29 .  30 
 857 ,  27 .  70 
 861 ,  28 .  86 
 859 ,  29 .  30 
 859 ,  29 .  30 
 861 ,  28 .  28 
 860 ,  29 .  44 
 857 ,  28 .  43 
 859 ,  29 .  59 
 861 ,  27 .  70 
 862 ,  29 .  30 
 858 ,  29 .  88 
 860 ,  29 .  88 
 860 ,  28 .  72 
 861 ,  28 .  14 
 859 ,  29 .  30 
 857 ,  28 .  72 
 862 ,  28 .  72 
 857 ,  28 .  86 
 855 ,  28 .  86 
 855 ,  28 .  86 
 860 ,  28 .  72 
 860 ,  28 .  86 
 857 ,  28 .  57 
 854 ,  28 .  43 
 859 ,  30 .  46 
 860 ,  28 .  86 
 856 ,  29 .  30 
 856 ,  27 .  56 
 858 ,  28 .  86 
 859 ,  28 .  86 
 854 ,  30 .   2 
 857 ,  27 .  70 
 861 ,  29 .  59 
 861 ,  27 .  70 
 855 ,  28 .  14 
 859 ,  28 .  86 
 861 ,  28 .  86 
 859 ,  28 .  57 
 855 ,  29 .  30 
 860 ,  28 .  14 
 862 ,  28 .  43 
 862 ,  29 .  44 
 860 ,  28 .  14 
 853 ,  27 .  70 
 863 ,  27 .  70 
 861 ,  27 .  70 
 857 ,  28 .  72 
 858 ,  29 .  30 
 860 ,  28 .  57 
 861 ,  30 .   2 
 855 ,  28 .  43 
 856 ,  29 .  88 
 860 ,  25 .  53 
 861 ,  28 .  86 
 856 ,  28 .  86 
 858 ,  29 .  30 
 861 ,  28 .  43 
 862 ,  28 .  86 
 854 ,  29 .  30 
 854 ,  28 .  86 
 856 ,  28 .  86 
 862 ,  27 .  70 
 859 ,  28 .  72 
 857 ,  28 .  14 
 860 ,  27 .  56 
 861 ,  28 .  72 
 857 ,  28 .  43 
 855 ,  28 .  14 
 862 ,  29 .  88 
 860 ,  28 .  14 
 855 ,  28 .  86 
 858 ,  28 .  28 
 862 ,  28 .  72 
 861 ,  28 .  72 
 858 ,  28 .  72 
 856 ,  28 .  43 
 861 ,  27 .  70 
 857 ,  28 .  28 
 858 ,  27 .  70 
 856 ,  28 .  28 
 862 ,  27 .  56 
 861 ,  29 .  30 
 857 ,  28 .  86 
 858 ,  29 .  44 
 861 ,  27 .  12 
 864 ,  29 .  59 
 855 ,  27 .  70 
 857 ,  28 .  86 
 861 ,  27 .  70 
 859 ,  28 .  86 
 858 ,  29 .  44 
 853 ,  28 .  86 
 859 ,  29 .  44 
 861 ,  28 .  72 
 858 ,  28 .  43 
 856 ,  28 .  86 
 860 ,  28 .  86 
 862 ,  29 .  30 
 853 ,  28 .  72 
 859 ,  29 .  44 
 859 ,  27 .  70 
 859 ,  28 .  43 
 858 ,  28 .  14 
 860 ,  28 .  43 
 861 ,  28 .  57 
 859 ,  28 .  86 
 853 ,  27 .  70 
 857 ,  28 .  86 
 864 ,  27 .  56 
 859 ,  28 .  43 
 858 ,  28 .  86 
 857 ,  28 .  72 
 862 ,  29 .  44 
 865 ,  27 .  70 
 857 ,  28 .  72 
 858 ,  31 .   4 
 861 ,  28 .  28 
 861 ,  27 .  70 
 855 ,  28 .  28 
 859 ,  29 .  30 
 860 ,  28 .  72 
 857 ,  28 .  28 
 854 ,  28 .  72 
 857 ,  28 .  86 
 860 ,  27 .  56 
 860 ,  28 .  86 
 856 ,  28 .  86 
 856 ,  29 .  59 
 861 ,  28 .  28 
 861 ,  27 .  56 
 859 ,  27 .  70 
 856 ,  27 .  70 
 862 ,  28 .  86 
 864 ,  27 .  70 
 858 ,  29 .  30 
 858 ,  28 .  28 
 861 ,  28 .  28 
 860 ,  29 .  30 
 859 ,  29 .  59 
 856 ,  28 .  86 
 860 ,  28 .  28 
 864 ,  29 .  15 
 854 ,  26 .  54 
 860 ,  25 .  82 
 859 ,  29 .  30 
 856 ,  28 .  57 
 853 ,  28 .  14 
 859 ,  26 .  40 
 864 ,  29 .   1 
 861 ,  27 .  27 
 853 ,  30 .  31 
 860 ,  29 .  30 
 860 ,  27 .  70 
 860 ,  28 .  43 
 857 ,  28 .  72 
 858 ,  29 .  59 
 860 ,  28 .  28 
 859 ,  28 .  86 
 858 ,  28 .  86 
 859 ,  29 .  59 
 862 ,  28 .  86 
 861 ,  27 .  70 
 857 ,  28 .  28 
 856 ,  27 .  70 
 862 ,  28 .  14 
 860 ,  27 .  56 
 856 ,  28 .  14 
 864 ,  27 .  70 
 862 ,  27 .  70 
 862 ,  28 .  86 
 858 ,  27 .  70 
 860 ,  28 .  72 
 862 ,  28 .  14 
 860 ,  28 .  72 
 857 ,  29 .  88 
 863 ,  29 .  88 
 863 ,  27 .  70 
 857 ,  28 .  28 
 858 ,  27 .  70 
 859 ,  28 .  86 
 866 ,  29 .  59 
 860 ,  27 .  70 
 855 ,  27 .  70 
 858 ,  29 .  44 
 862 ,  29 .  59 
 861 ,  29 .  15 
 856 ,  28 .  43 
 861 ,  27 .  99 
 861 ,  27 .  56 
 856 ,  28 .  72 
 857 ,  28 .  14 
 861 ,  27 .  12 
 862 ,  27 .  56 
 860 ,  26 .  11 
 858 ,  27 .  27 
 859 ,  28 .  14 
 863 ,  28 .  72 
 857 ,  27 .  70 
 857 ,  27 .  70 
 855 ,  27 .  70 
 861 ,  27 .  70 
 857 ,  28 .  28 
 856 ,  27 .  70 
 860 ,  28 .  86 
 864 ,  28 .  86 
 857 ,  28 .  14 
 857 ,  28 .  86 
 858 ,  28 .  72 
 861 ,  28 .  72 
 857 ,  29 .  59 
 856 ,  29 .  88 
 861 ,  28 .  43 
 863 ,  28 .  14 
 862 ,  28 .  43 
 857 ,  28 .  86 
 859 ,  29 .  30 
 864 ,  28 .  43 
 856 ,  28 .  28 
 854 ,  28 .  86 
 860 ,  28 .  72 
 862 ,  26 .  54 
 857 ,  28 .  43 
 858 ,  28 .  72 
 860 ,  28 .  72 
 864 ,  27 .  70 
 860 ,  27 .  12 
 853 ,  28 .  43 
 860 ,  28 .  72 
 864 ,  28 .  86 
 859 ,  28 .  72 
 855 ,  27 .  70 
 857 ,  29 .  30 
 864 ,  28 .  14 
 860 ,  27 .  56 
 857 ,  27 .  56 
 862 ,  27 .  56 
 866 ,  28 .  43 
 860 ,  28 .  43 
 856 ,  29 .  44 
 856 ,  27 .  27 
 864 ,  30 .   2 
 858 ,  28 .  86 
 853 ,  28 .  28 
 859 ,  28 .  86 
 859 ,  28 .  72 
 858 ,  28 .  72 
 856 ,  28 .  28 
 862 ,  29 .  30 
 861 ,  28 .  43 
 860 ,  28 .  86 
 858 ,  28 .  86 
 862 ,  28 .  43 
 864 ,  27 .  70 
 858 ,  28 .  28 
 858 ,  28 .  86 
 859 ,  28 .  43 
 862 ,  27 .  70 
 860 ,  28 .  14 
 858 ,  28 .  72 
 863 ,  27 .  56 
 865 ,  28 .  43 
 861 ,  26 .  54 
 856 ,  29 .  59 
 859 ,  29 .  88 
 864 ,  27 .  56 
 862 ,  28 .  14 
 855 ,  27 .  70 
 862 ,  28 .  86 
 861 ,  29 .  88 
 858 ,  27 .  70 
 858 ,  28 .  72 
 860 ,  27 .  70 
 862 ,  28 .  72 
 852 ,  28 .  86 
 858 ,  29 .  44 
 861 ,  28 .  86 
 864 ,  29 .  44 
 859 ,  28 .  28 
 856 ,  29 .  30 
 863 ,  28 .  43 
 861 ,  27 .  70 
 855 ,  27 .  70 
 857 ,  28 .  72 
 860 ,  29 .  30 
 863 ,  28 .  86 
 855 ,  28 .  86 
 856 ,  29 .  44 
 860 ,  28 .  86 
 863 ,  28 .  86 
 862 ,  28 .  43 
 858 ,  26 .  25 
 862 ,  28 .  72 
 865 ,  28 .  72 
 860 ,  27 .  70 
 855 ,  28 .  28 
 860 ,  28 .  72 
 861 ,  28 .  28 
 857 ,  27 .  70 
 856 ,  28 .  43 
 862 ,  29 .   1 
 862 ,  27 .  70 
 858 ,  28 .  72 
 853 ,  28 .  14 
 862 ,  27 .  70 
 864 ,  28 .  28 
 858 ,  28 .  72 
 859 ,  28 .  28 
 861 ,  28 .  72 
 860 ,  28 .  72 
 860 ,  29 .  44 
 857 ,  27 .  70 
 862 ,  28 .  14 
 861 ,  27 .  70 
 857 ,  28 .  57 
 856 ,  28 .  43 
 862 ,  28 .  72 
 863 ,  27 .  70 
 859 ,  27 .  56 
 855 ,  27 .  70 
 860 ,  27 .  70 
 861 ,  28 .  72 
 860 ,  27 .  70 
 858 ,  27 .  56 
 864 ,  29 .  88 
 863 ,  27 .  12 
 857 ,  27 .  12 
 858 ,  28 .  86 
 860 ,  28 .  57 
 862 ,  28 .  86 
 861 ,  26 .  54 
 857 ,  28 .  28 
 864 ,  29 .  44 
 861 ,  28 .  57 
 857 ,  27 .  27 
 858 ,  28 .  28 
 866 ,  28 .  86 
 861 ,  28 .  43 
 855 ,  28 .  86 
 858 ,  28 .  72 
 861 ,  28 .  86 
 862 ,  28 .  86 
 859 ,  28 .  28 
 860 ,  28 .  72 
 861 ,  27 .  70 
 861 ,  28 .  72 
 855 ,  27 .  70 
 854 ,  28 .  86 
 862 ,  27 .  70 
 860 ,  30 .   2 
 858 ,  27 .  56 
 857 ,  27 .  70 
 861 ,  28 .  86 
 861 ,  28 .  86 
 856 ,  28 .  28 
 858 ,  28 .  86 
 861 ,  27 .  70 
 861 ,  27 .  56 
 856 ,  26 .  54 
 858 ,  28 .  72 
 860 ,  27 .  70 
 863 ,  28 .  28 
 852 ,  29 .  88 
 857 ,  28 .  28 
 864 ,  28 .  72 
 863 ,  27 .  27 
 857 ,  27 .  70 
 857 ,  26 .  54 
 862 ,  28 .  86 
 865 ,  28 .  14 
 857 ,  27 .  70 
 859 ,  28 .  86 
 864 ,  28 .  72 
 862 ,  28 .  28 
 857 ,  28 .  28 
 857 ,  28 .  14 
 864 ,  29 .  59 
 862 ,  28 .  28 
 857 ,  28 .  14 
 862 ,  29 .  15 
 863 ,  27 .  27 
 862 ,  27 .  70 
 858 ,  28 .  86 
 858 ,  28 .  43 
 863 ,  28 .  43 
 864 ,  28 .  86 
 858 ,  28 .  72 
 860 ,  27 .  70 
 863 ,  28 .  43 
 864 ,  27 .  70 
 858 ,  28 .  86 
 859 ,  28 .  14 
 862 ,  27 .  70 
 862 ,  28 .  57 
 856 ,  27 .  70 
 858 ,  28 .  86 
 861 ,  27 .  70 
 861 ,  27 .  56 
 856 ,  29 .  88 
 856 ,  29 .  30 
 860 ,  26 .  54 
 858 ,  28 .  43 
 858 ,  28 .  86 
 857 ,  28 .  72 
 861 ,  27 .  70 
 860 ,  28 .  72 
 856 ,  28 .  43 
 856 ,  27 .  56 
 861 ,  28 .  57 
 862 ,  27 .  70 
 856 ,  27 .  56 
 858 ,  28 .  72 
 864 ,  28 .  86 
 863 ,  27 .  70 
 858 ,  28 .  72 
 860 ,  28 .  14 
 864 ,  29 .  59 
 863 ,  27 .  56 
 857 ,  28 .  72 
 860 ,  29 .  30 
 861 ,  28 .  86 
 863 ,  26 .  98 
 859 ,  27 .  56 
 862 ,  29 .  30 
 863 ,  26 .  11 
 860 ,  28 .  86 
 850 ,  29 .  44 
 860 ,  28 .  28 
 864 ,  29 .  44 
 861 ,  27 .  70 
 856 ,  28 .  86 
 860 ,  29 .  44 
 861 ,  28 .  86 
 862 ,  28 .  72 
 857 ,  29 .  30 
 858 ,  27 .  56 
 861 ,  28 .  28 
 862 ,  29 .  59 
 855 ,  27 .  70 
 858 ,  27 .  56 
 861 ,  27 .  70 
 863 ,  27 .  56 
 858 ,  27 .  12 
 859 ,  28 .  72 
 865 ,  27 .  70 
 861 ,  28 .  86 
 856 ,  28 .  14 
 857 ,  28 .  43 
 861 ,  27 .  70 
 861 ,  27 .  70 
 855 ,  26 .  54 
 862 ,  28 .  72 
 861 ,  27 .  70 
 861 ,  27 .  70 
 855 ,  28 .  86 
 859 ,  28 .  43 
 864 ,  28 .  72 
 860 ,  28 .  28 
 857 ,  27 .  56 
 860 ,  28 .  72 
 862 ,  28 .  86 
 861 ,  27 .  70 
 856 ,  28 .  86 
 859 ,  27 .  56 
 861 ,  28 .  14 
 860 ,  28 .  72 
 855 ,  29 .  44 
 858 ,  28 .  14 
 862 ,  28 .  28 
 864 ,  28 .  72 
 856 ,  28 .  14 
 859 ,  27 .  70 
 862 ,  29 .  30 
 861 ,  28 .  14 
 857 ,  26 .  54 
 856 ,  28 .  72 
 863 ,  28 .  14 
 862 ,  29 .  30 
 857 ,  28 .  72 
 857 ,  28 .  72 
 864 ,  28 .  72 
 857 ,  26 .  98 
 853 ,  27 .  99 
 859 ,  29 .  30 
 861 ,  27 .  70 
 859 ,  28 .  28 
 859 ,  28 .  57 
 861 ,  28 .  86 
 863 ,  28 .  57 
 861 ,  28 .  86 
 858 ,  27 .  70 
 860 ,  26 .  98 
 861 ,  27 .  70 
 860 ,  27 .  56 
 858 ,  28 .  28 
 862 ,  29 .  30 
 861 ,  28 .  14 
 858 ,  27 .  12 
 857 ,  28 .  86 
 861 ,  28 .  86 
 861 ,  27 .  70 
 857 ,  28 .  86 
 859 ,  28 .  86 
 862 ,  28 .  86 
 860 ,  27 .  70 
 863 ,  27 .  70 
 857 ,  27 .  70 
 861 ,  28 .  28 
 862 ,  27 .  70 
 858 ,  27 .  12 
 860 ,  28 .  14 
 862 ,  28 .  86 
 862 ,  28 .  72 
 858 ,  27 .  70 
 858 ,  26 .  98 
 860 ,  28 .  72 
 864 ,  28 .  28 
 860 ,  28 .  28 
 858 ,  28 .  14 
 858 ,  28 .  72 
 861 ,  28 .  57 
 858 ,  27 .  12 
 858 ,  26 .  40 
 860 ,  28 .  72 
 861 ,  27 .  12 
 858 ,  28 .  72 
 856 ,  28 .  72 
 860 ,  27 .  70 
 864 ,  28 .  86 
 859 ,  30 .  75 
 856 ,  28 .  43 
 861 ,  28 .  28 
 864 ,  28 .  86 
 862 ,  27 .  70 
 858 ,  28 .  72 
 861 ,  28 .  72 
 862 ,  27 .  56 
 858 ,  27 .  70 
 859 ,  28 .  86 
 861 ,  29 .  44 
 866 ,  29 .  30 
 859 ,  26 .  54 
 858 ,  27 .  70 
 862 ,  28 .  86 
 864 ,  27 .  70 
 859 ,  28 .  43 
 857 ,  26 .  54 
 862 ,  28 .  28 
 864 ,  28 .  43 
 861 ,  28 .  86 
 860 ,  27 .  12 
 860 ,  28 .  86 
 864 ,  27 .  70 
 867 ,  28 .  14 
 860 ,  28 .  86 
 852 ,  27 .  70 
 865 ,  28 .  86 
 864 ,  29 .  30 
 858 ,  27 .  41 
 859 ,  28 .  28 
 866 ,  28 .  43 
 856 ,  27 .  70 
 861 ,  28 .  28 
 861 ,  28 .  14 
 866 ,  28 .  43 
 859 ,  27 .  27 
 858 ,  28 .  28 
 862 ,  28 .  43 
 864 ,  28 .  57 
 857 ,  27 .  70 
 858 ,  28 .  43 
 861 ,  26 .  83 
 862 ,  28 .  14 
 862 ,  30 .   2 
 855 ,  28 .  86 
 860 ,  27 .  70 
 861 ,  28 .  28 
 862 ,  27 .  70 
 859 ,  27 .  70 
 862 ,  28 .  28 
 864 ,  27 .  70 
 862 ,  28 .  86 
 861 ,  27 .  27 
 860 ,  27 .  70 
 862 ,  27 .  56 
 860 ,  27 .  56 
 859 ,  28 .  86 
 861 ,  28 .  28 
 862 ,  28 .  43 
 858 ,  27 .  70 
 856 ,  26 .  98 
 859 ,  28 .  14 
 861 ,  28 .  28 
 857 ,  28 .  57 
 857 ,  26 .  40 
 862 ,  27 .  70 
 862 ,  29 .  44 
 858 ,  27 .  70 
 855 ,  27 .  70 
 861 ,  28 .  14 
 866 ,  28 .  72 
 857 ,  27 .  70 
 860 ,  28 .  57 
 861 ,  28 .  14 
 863 ,  28 .  43 
 856 ,  28 .  72 
 859 ,  28 .  86 
 853 ,  27 .  27 
 864 ,  27 .  70 
 858 ,  29 .  30 
 858 ,  29 .  59 
 868 ,  28 .  86 
 864 ,  28 .  86 
 857 ,  28 .  14 
 853 ,  27 .  56 
 865 ,  27 .  70 
 864 ,  28 .  28 
 858 ,  28 .  43 
 855 ,  28 .  72 
 858 ,  28 .  86 
 862 ,  27 .  70 
 859 ,  27 .  70 
 858 ,  28 .  43 
 858 ,  27 .  70 
 862 ,  28 .  57 
 859 ,  28 .  72 
 857 ,  28 .  28 
 866 ,  24 .  66 
 866 ,  28 .  28 
 859 ,  28 .  86 
 857 ,  25 .  24 
 863 ,  23 .  79 
 863 ,  28 .  28 
 859 ,  28 .  72 
 860 ,  23 .  50 
 863 ,  26 .  98 
 864 ,  27 .  70 
 854 ,  22 .  77 
 859 ,  27 .  70 
 862 ,  24 .  22 
 865 ,  28 .  28 
 857 ,  23 .  64 
 858 ,  27 .  70 
 863 ,  28 .  86 
 862 ,  27 .  41 
 857 ,  26 .  54 
 857 ,  20 .  74 
 860 ,  21 .  76 
 862 ,  29 .  30 
 859 ,  20 .  74 
 857 ,  26 .  40 
 864 ,  28 .  14 
 861 ,  27 .  70 
 857 ,  21 .  90 
 856 ,  21 .  61 
 864 ,  20 .  60 
 861 ,  28 .  72 
 857 ,  25 .  24 
 856 ,  21 .  90 
 862 ,  23 .  64 
 863 ,  27 .  12 
 858 ,  21 .  76 
 861 ,  22 .  34 
 863 ,  21 .  76 
 863 ,  27 .  12 
 856 ,  20 .  31 
 857 ,  19 .  44 
 863 ,  21 .  18 
 863 ,  28 .  72 
 857 ,  21 .  18 
 862 ,  22 .  34 
 864 ,  27 .  70 
 864 ,  27 .  70 
 858 ,  21 .  32 
 859 ,  28 .  86 
 866 ,  21 .  90 
 865 ,  26 .  54 
 860 ,  20 .  60 
 860 ,  22 .  63 
 863 ,  19 .   0 
 865 ,  27 .  41 
 858 ,  21 .  47 
 861 ,  18 .  42 
 864 ,  24 .  66 
 864 ,  28 .  14 
 853 ,  21 .  76 
 857 ,  19 .  44 
 866 ,  20 .  60 
 865 ,  28 .  43 
 858 ,  19 .  58 
 862 ,  20 .  31 
 863 ,  19 .  58 
 863 ,  27 .  56 
 857 ,  19 .   0 
 862 ,  19 .  44 
 864 ,  22 .  48 
 864 ,  28 .  43 
 860 ,  19 .   0 
 859 ,  20 .  45 
 865 ,  20 .  31 
 861 ,  27 .  70 
 856 ,  21 .  32 
 858 ,  22 .  63 
 862 ,  22 .  63 
 860 ,  27 .  70 
 858 ,  21 .  18 
 862 ,  21 .  76 
 862 ,  21 .  32 
 856 ,  27 .  70 
 860 ,  20 .  60 
 861 ,  21 .  90 
 864 ,  28 .  28 
 861 ,  27 .  70 
 860 ,  21 .  90 
 862 ,  23 .   6 
 863 ,  24 .   8 
 862 ,  22 .  63 
 860 ,  24 .   8 
 862 ,  24 .  95 
 863 ,  23 .  50 
 861 ,  27 .  70 
 859 ,  24 .  37 
 860 ,  23 .   6 
 862 ,  24 .  22 
 864 ,  28 .  72 
 862 ,  23 .   6 
 862 ,  23 .  50 
 865 ,  24 .   8 
 864 ,  28 .  72 
 860 ,  22 .  34 
 860 ,  26 .  40 
 865 ,  24 .  66 
 861 ,  27 .  70 
 859 ,  24 .  80 
 861 ,  24 .  95 
 866 ,  24 .   8 
 866 ,  28 .  72 
 860 ,  23 .   6 
 864 ,  25 .  82 
 866 ,  26 .  40 
 863 ,  28 .  43 
 860 ,  24 .  80 
 859 ,  26 .  54 
 864 ,  26 .  40 
 864 ,  28 .  28 
 858 ,  26 .  11 
 863 ,  24 .  22 
 863 ,  25 .  24 
 861 ,  27 .  70 
 860 ,  27 .  27 
 860 ,  26 .  40 
 864 ,  25 .  24 
 864 ,  29 .  30 
 861 ,  25 .  53 
 862 ,  25 .  82 
 866 ,  26 .  11 
 863 ,  27 .  70 
 861 ,  24 .  95 
 864 ,  25 .  82 
 865 ,  26 .  40 
 864 ,  27 .  70 
 862 ,  27 .  56 
 863 ,  26 .  11 
 866 ,  25 .  96 
 861 ,  27 .  70 
 859 ,  26 .  40 
 866 ,  26 .  69 
 864 ,  26 .  40 
 862 ,  28 .  86 
 859 ,  27 .  56 
 862 ,  27 .  12 
 864 ,  27 .  70 
 860 ,  27 .  70 
 857 ,  27 .  70 
 860 ,  25 .  96 
 864 ,  26 .  98 
 859 ,  27 .  70 
 862 ,  27 .  27 
 861 ,  26 .  54 
 868 ,  28 .  28 
 864 ,  29 .  59 
 861 ,  26 .  54 
 865 ,  27 .  70 
 867 ,  27 .  56 
 864 ,  29 .  30 
 861 ,  26 .  54 
 864 ,  27 .  56 
 866 ,  28 .  14 
 863 ,  28 .  14 
 862 ,  27 .  12 
 865 ,  27 .  56 
 863 ,  26 .  54 
 862 ,  28 .  28 
 859 ,  27 .  56 
 864 ,  28 .  72 
 865 ,  27 .  12 
 864 ,  26 .  11 
 860 ,  28 .  43 
 863 ,  27 .  41 
 864 ,  27 .  27 
 861 ,  26 .  98 
 856 ,  28 .  28 
 862 ,  27 .  70 
 864 ,  27 .  70 
 862 ,  28 .  86 
 862 ,  28 .  72 
 861 ,  28 .  43 
 864 ,  27 .  56 
 864 ,  29 .  30 
 860 ,  26 .  54 
 866 ,  28 .  14 
 866 ,  27 .  70 
 861 ,  28 .  14 
 861 ,  27 .  70 
 865 ,  27 .  56 
 867 ,  28 .  28 
 864 ,  28 .  43 
 861 ,  27 .  70 
 863 ,  27 .  70 
 865 ,  26 .  11 
 860 ,  28 .  72 
 862 ,  28 .  72 
 862 ,  27 .  41 
 864 ,  27 .  56 
 862 ,  29 .  59 
 860 ,  27 .  56 
 865 ,  28 .  86 
 867 ,  28 .  28 
 864 ,  28 .  86 
 859 ,  27 .  70 
 863 ,  27 .  70 
 863 ,  28 .  28 
 861 ,  28 .  86 
 859 ,  27 .  56 
 864 ,  28 .  72 
 864 ,  29 .  59 
 860 ,  27 .  70 
 859 ,  27 .  70 
 861 ,  28 .  28 
 864 ,  28 .  14 
 861 ,  28 .  14 
 859 ,  27 .  12 
 866 ,  28 .  28 
 865 ,  28 .  14 
 861 ,  27 .  70 
 861 ,  28 .  43 
 864 ,  28 .  14 
 865 ,  27 .  70 
 860 ,  28 .  43 
 862 ,  27 .  70 
 866 ,  28 .  14 
 863 ,  27 .  70 
 860 ,  28 .  28 
 861 ,  26 .  54 
 865 ,  26 .  98 
 866 ,  28 .  57 
 860 ,  29 .  30 
 860 ,  27 .  70 
 864 ,  28 .  43 
 865 ,  27 .  56 
 860 ,  28 .  72 
 861 ,  27 .  70 
 865 ,  27 .  70 
 868 ,  28 .  43 
 860 ,  28 .  14 
 858 ,  25 .  38 
 862 ,  28 .  43 
 863 ,  27 .  70 
 860 ,  27 .  70 
 860 ,  27 .  70 
 863 ,  27 .  70 
 861 ,  26 .  98 
 862 ,  27 .  70 
 866 ,  28 .  14 
 864 ,  27 .  70 
 861 ,  28 .  72 
 863 ,  29 .  44 
 862 ,  27 .  27 
 866 ,  27 .  56 
 867 ,  28 .  43 
 862 ,  28 .  14 
 864 ,  27 .  56 
 866 ,  28 .  43 
 861 ,  28 .  14 
 860 ,  27 .  70 
 862 ,  27 .  70 
 864 ,  27 .  56 
 866 ,  28 .  72 
 861 ,  27 .  27 
 862 ,  28 .  28 
 866 ,  27 .  70 
 864 ,  29 .  59 
 860 ,  27 .  56 
 860 ,  19 .  58 
 864 ,  27 .  70 
 864 ,  28 .  72 
 859 ,  26 .  98 
 860 ,  27 .  56 
 863 ,  27 .  70 
 861 ,  30 .   2 
 858 ,  28 .  72 
 860 ,  27 .  70 
 867 ,  29 .  59 
 864 ,  27 .  70 
 862 ,  28 .  72 
 861 ,  28 .  14 
 865 ,  28 .  57 
 867 ,  28 .  28 
 860 ,  28 .  14 
 866 ,  28 .  57 
 866 ,  28 .  86 
 867 ,  29 .  30 
 857 ,  26 .  54 
 864 ,  28 .  72 
 863 ,  26 .  54 
 861 ,  27 .  70 
 859 ,  27 .  70 
 860 ,  28 .  43 
 866 ,  28 .  14 
 862 ,  27 .  70 
 860 ,  28 .  28 
 860 ,  28 .  72 
 864 ,  27 .  70 
 866 ,  28 .  43 
 858 ,  28 .  86 
 860 ,  28 .  86 
 866 ,  28 .  86 
 864 ,  28 .  86 
 856 ,  28 .  43 
 860 ,  27 .  70 
 863 ,  29 .  44 
 864 ,  27 .  99 
 855 ,  27 .  70 
 861 ,  27 .  70 
 864 ,  27 .  41 
 867 ,  26 .  40 
 860 ,  27 .  70 
 860 ,  27 .  12 
 866 ,  27 .  70 
 862 ,  27 .  70 
 858 ,  27 .  70 
 864 ,  27 .  12 
 867 ,  27 .  70 
 865 ,  27 .  27 
 860 ,  27 .  70 
 865 ,  26 .  54 
 867 ,  27 .  70 
 864 ,  27 .  70 
 862 ,  27 .  27 
 861 ,  27 .  27 
 868 ,  27 .  70 
 864 ,  28 .  14 
 861 ,  27 .  27 
 863 ,  27 .  70 
 865 ,  28 .  86 
 862 ,  27 .  70 
 860 ,  27 .  70 
 864 ,  27 .  70 
 864 ,  26 .  98 
 864 ,  27 .  70 
 859 ,  28 .  72 
 863 ,  27 .  70 
 864 ,  26 .  54 
 862 ,  27 .  70 
 858 ,  27 .  56 
 864 ,  28 .  86 
 865 ,  27 .  56 
 863 ,  28 .  14 
 856 ,  27 .  56 
 858 ,  29 .  15 
 863 ,  27 .  70 
 860 ,  27 .  56 
 853 ,  27 .  56 
 856 ,  27 .  56 
 862 ,  27 .  70 
 856 ,  27 .  56 
 849 ,  28 .  43 
 853 ,  27 .  70 
 855 ,  28 .  28 
 851 ,  28 .  28 
 850 ,  28 .  14 
 849 ,  26 .  54 
 854 ,  27 .  70 
 848 ,  28 .  86 
 846 ,  28 .  14 
 842 ,  27 .  70 
 849 ,  27 .  41 
 844 ,  28 .  86 
 844 ,  28 .  14 
 845 ,  27 .  12 
 846 ,  27 .  56 
 846 ,  28 .  72 
 843 ,  28 .  28 
 844 ,  28 .  86 
 846 ,  27 .  70 
 848 ,  27 .  56 
 842 ,  27 .  27 
 845 ,  27 .  70 
 847 ,  27 .  27 
 846 ,  27 .  56 
 843 ,  28 .  57 
 849 ,  28 .  72 
 849 ,  26 .  54 
 845 ,  28 .  57 
 842 ,  28 .  43 
 847 ,  28 .  28 
 850 ,  28 .  72 
 843 ,  27 .  56 
 841 ,  27 .  12 
 847 ,  28 .  86 
 849 ,  27 .  56 
 844 ,  27 .  56 
 841 ,  27 .  70 
 844 ,  27 .  12 
 847 ,  27 .  56 
 845 ,  27 .  27 
 841 ,  27 .  70 
 844 ,  28 .  28 
 845 ,  27 .  56 
 842 ,  28 .  43 
 840 ,  28 .  14 
 846 ,  28 .  14 
 848 ,  27 .  70 
 842 ,  27 .  27 
 839 ,  30 .  31 
 846 ,  28 .  14 
 849 ,  26 .  98 
 842 ,  27 .  70 
 843 ,  29 .  44 
 841 ,  27 .  56 
 847 ,  27 .  70 
 843 ,  26 .  54 
 842 ,  28 .  28 
 846 ,  30 .   2 
 849 ,  27 .  56 
 845 ,  26 .  98 
 843 ,  27 .  56 
 846 ,  28 .  72 
 844 ,  27 .  70 
 844 ,  27 .  27 
 843 ,  27 .  56 
 846 ,  28 .  72 
 844 ,  28 .  86 
 841 ,  28 .  86 
 844 ,  29 .  30 
 844 ,  27 .  27 
 845 ,  27 .  56 
 842 ,  28 .  28 
 840 ,  27 .  56 
 843 ,  26 .  98 
 846 ,  28 .  28 
 840 ,  28 .  43 
 842 ,  27 .  70 
 846 ,  28 .  14 
 844 ,  26 .  54 
 842 ,  28 .  72 
 842 ,  27 .  70 
 847 ,  27 .  27 
 845 ,  27 .  70 
 840 ,  27 .  56 
 843 ,  25 .  82 
 847 ,  27 .  70 
 850 ,  27 .  56 
 840 ,  27 .  56 
 841 ,  27 .  56 
 845 ,  27 .  70 
 845 ,  28 .  57 
 840 ,  27 .  41 
 840 ,  27 .  56 
 848 ,  27 .  70 
 846 ,  28 .  43 
 841 ,  27 .  56 
 844 ,  27 .  70 
 847 ,  26 .  54 
 847 ,  27 .  70 
 842 ,  28 .  43 
 844 ,  29 .  59 
 846 ,  27 .  12 
 846 ,  27 .  70 
 841 ,  28 .  43 
 844 ,  27 .  56 
 848 ,  28 .  28 
 846 ,  27 .  70 
 840 ,  28 .  43 
 844 ,  27 .  70 
 844 ,  26 .  54 
 846 ,  27 .  70 
 842 ,  27 .  70 
 842 ,  27 .  70 
 848 ,  27 .  12 
 847 ,  27 .  70 
 844 ,  27 .  70 
 843 ,  23 .   6 
 845 ,  27 .  56 
 846 ,  28 .  14 
 841 ,  27 .  70 
 845 ,  27 .  41 
 845 ,  27 .  70 
 843 ,  28 .  14 
 842 ,  28 .  72 
 845 ,  27 .  99 
 848 ,  28 .  86 
 848 ,  27 .  70 
 842 ,  28 .  28 
 843 ,  27 .  70 
 846 ,  29 .  30 
 845 ,  27 .  56 
 841 ,  28 .  28 
 842 ,  26 .  98 
 847 ,  28 .  43 
 848 ,  28 .  14 
 840 ,  27 .  70 
 842 ,  29 .  44 
 844 ,  28 .  28 
 840 ,  27 .  70 
 841 ,  27 .  56 
 846 ,  27 .  56 
 848 ,  28 .  14 
 845 ,  27 .  70 
 839 ,  26 .  54 
 842 ,  26 .  40 
 845 ,  27 .  41 
 846 ,  27 .  12 
 838 ,  29 .  44 
 843 ,  28 .  72 
 845 ,  26 .  54 
 844 ,  27 .  56 
 846 ,  28 .  72 
 843 ,  26 .  40 
 847 ,  28 .  14 
 845 ,  28 .  72 
 837 ,  27 .  56 
 840 ,  27 .  70 
 846 ,  27 .  56 
 848 ,  25 .  53 
 838 ,  27 .  70 
 843 ,  27 .  70 
 844 ,  27 .  27 
 844 ,  27 .  70 
 841 ,  28 .  86 
 842 ,  28 .  43 
 845 ,  27 .  41 
 844 ,  27 .  70 
 838 ,  28 .  72 
 843 ,  28 .  86 
 846 ,  27 .  70 
 846 ,  26 .  54 
 842 ,  28 .  28 
 842 ,  28 .  43 
 849 ,  27 .  70 
 845 ,  28 .  43 
 843 ,  27 .  70 
 844 ,  28 .  86 
 847 ,  27 .  56 
 845 ,  27 .  70 
 841 ,  29 .  88 
 843 ,  27 .  27 
 846 