
1993 ,  36 .  98 
1992 ,  36 .  98 
1993 ,  37 .  42 
1992 ,  36 .  55 
1993 ,  35 .  82 
1992 ,  35 .  82 
1993 ,  36 .  26 
1994 ,  38 .   0 
1993 ,  36 .  40 
1996 ,  36 .  40 
1993 ,  36 .  26 
1993 ,  36 .  98 
1993 ,  36 .  26 
1994 ,  36 .  84 
1994 ,  36 .  84 
1993 ,  36 .  98 
1995 ,  36 .  55 
1993 ,  37 .  42 
1992 ,  36 .  84 
1992 ,  36 .  98 
1992 ,  36 .  98 
1992 ,  39 .  16 
1994 ,  36 .  98 
1991 ,  35 .  68 
1992 ,  38 .  14 
1993 ,  38 .   0 
1993 ,  36 .  84 
1993 ,  38 .   0 
1994 ,  38 .   0 
1995 ,  36 .  98 
1994 ,  36 .  98 
1994 ,  38 .  14 
1994 ,  38 .  14 
1995 ,  36 .  98 
1996 ,  36 .  84 
1995 ,  37 .  71 
1995 ,  36 .  98 
1998 ,  36 .  84 
1996 ,  36 .  98 
1996 ,  36 .  84 
1998 ,  36 .  55 
1996 ,  36 .  98 
1995 ,  36 .  98 
1997 ,  36 .  84 
1994 ,  38 .   0 
1994 ,  37 .  56 
1994 ,  36 .  98 
1991 ,  36 .  84 
1995 ,  36 .  84 
1995 ,  36 .  98 
1992 ,  36 .  98 
1993 ,  36 .  98 
1994 ,  36 .  98 
1989 ,  37 .  42 
1991 ,  38 .  14 
1990 ,  36 .  98 
1990 ,  38 .  87 
1988 ,  37 .  56 
1988 ,  38 .   0 
1991 ,  35 .  82 
1988 ,  36 .  98 
1986 ,  36 .  98 
1988 ,  36 .  98 
1988 ,  37 .  27 
1986 ,  36 .  98 
1987 ,  36 .  98 
1991 ,  36 .  98 
1986 ,  35 .  68 
1992 ,  37 .  71 
1983 ,  37 .  56 
1988 ,  36 .  98 
1985 ,  36 .  84 
1986 ,  36 .  98 
1988 ,  36 .  98 
1987 ,  36 .  98 
1984 ,  36 .  84 
1984 ,  36 .  84 
1984 ,  36 .  84 
1983 ,  36 .  98 
1986 ,  36 .  98 
1984 ,  36 .  55 
1985 ,  36 .  98 
1984 ,  36 .  98 
1985 ,  36 .  84 
1981 ,  37 .  42 
1981 ,  36 .  98 
1984 ,  36 .  98 
1984 ,  36 .  40 
1984 ,  36 .  40 
1984 ,  37 .  42 
1984 ,  36 .  98 
1982 ,  36 .  84 
1984 ,  36 .  84 
1984 ,  36 .  98 
1981 ,  36 .  98 
1982 ,  35 .  68 
1982 ,  37 .  42 
1983 ,  38 .   0 
1986 ,  37 .  42 
1982 ,  37 .  71 
1984 ,  36 .  98 
1983 ,  36 .  84 
1983 ,  36 .  98 
1983 ,  36 .  98 
1983 ,  36 .  98 
1982 ,  37 .  71 
1982 ,  36 .  98 
1981 ,  36 .  98 
1983 ,  38 .   0 
1983 ,  36 .  40 
1980 ,  38 .  14 
1982 ,  36 .  98 
1981 ,  39 .  30 
1981 ,  36 .  55 
1980 ,  36 .  84 
1981 ,  36 .  40 
1983 ,  36 .  84 
1983 ,  36 .  55 
1982 ,  37 .  71 
1982 ,  35 .  68 
1982 ,  36 .  40 
1982 ,  36 .  26 
1977 ,  35 .  68 
1981 ,  36 .  84 
1981 ,  36 .  84 
1983 ,  35 .  82 
1984 ,  35 .  97 
1981 ,  36 .  98 
1982 ,  35 .  68 
1982 ,  35 .  68 
1982 ,  35 .  39 
1983 ,  36 .  84 
1983 ,  35 .  68 
1983 ,  35 .  82 
1983 ,  36 .  55 
1983 ,  38 .   0 
1982 ,  36 .  40 
1983 ,  36 .  98 
1982 ,  36 .  98 
1982 ,  36 .  40 
1983 ,  36 .  55 
1982 ,  37 .  71 
1982 ,  36 .  84 
1981 ,  38 .  14 
1983 ,  36 .  26 
1982 ,  35 .  82 
1983 ,  36 .  84 
1980 ,  37 .  71 
1982 ,  36 .  40 
1981 ,  36 .  98 
1979 ,  36 .  40 
1981 ,  36 .  84 
1982 ,  36 .  98 
1982 ,  36 .  84 
1981 ,  36 .  55 
1983 ,  36 .  84 
1982 ,  36 .  69 
1983 ,  36 .  55 
1981 ,  35 .  82 
1983 ,  36 .  84 
1984 ,  37 .  71 
1984 ,  36 .  84 
1982 ,  36 .  55 
1983 ,  36 .  40 
1983 ,  36 .  98 
1983 ,  36 .  55 
1982 ,  36 .  55 
1983 ,  36 .  98 
1985 ,  36 .  84 
1984 ,  36 .  40 
1985 ,  36 .  84 
1986 ,  36 .  84 
1986 ,  36 .  98 
1986 ,  36 .  98 
1988 ,  36 .  69 
1987 ,  36 .  98 
1992 ,  37 .  42 
1992 ,  37 .  27 
1986 ,  36 .  98 
1992 ,  36 .  98 
1993 ,  36 .  98 
1994 ,  37 .  56 
1996 ,  36 .  98 
2000 ,  37 .  56 
2001 ,  36 .  84 
2001 ,  36 .  84 
2002 ,  38 .   0 
2006 ,  37 .  56 
2003 ,  38 .   0 
2014 ,  37 .  71 
2007 ,  36 .  55 
2008 ,  37 .  71 
2007 ,  36 .  84 
2008 ,  37 .  71 
2012 ,  37 .  42 
2008 ,  38 .  58 
2011 ,  37 .  56 
2011 ,  37 .  56 
2012 ,  37 .  56 
2013 ,  36 .  98 
2014 ,  37 .  56 
2013 ,  38 .  14 
2015 ,  39 .   1 
2016 ,  38 .   0 
2017 ,  38 .  14 
2019 ,  37 .  56 
2020 ,  37 .  71 
2022 ,  38 .  58 
2024 ,  38 .  43 
2024 ,  38 .   0 
2021 ,  37 .  56 
2020 ,  37 .  56 
2020 ,  38 .  14 
2023 ,  37 .  56 
2025 ,  37 .  85 
2023 ,  36 .  98 
2026 ,  38 .  14 
2024 ,  37 .  42 
2024 ,  38 .   0 
2024 ,  39 .  16 
2024 ,  37 .  56 
2023 ,  38 .  14 
2021 ,  36 .  98 
2021 ,  38 .  58 
2024 ,  38 .  29 
2027 ,  38 .  14 
2023 ,  38 .  14 
2023 ,  38 .  14 
2025 ,  37 .  42 
2025 ,  38 .  87 
2026 ,  37 .  71 
2026 ,  38 .  58 
2026 ,  38 .  58 
2026 ,  40 .  32 
2025 ,  36 .  98 
2027 ,  36 .  98 
2027 ,  35 .  82 
2027 ,  38 .  14 
2029 ,  38 .  14 
2033 ,  37 .  71 
2032 ,  38 .  58 
2032 ,  37 .  42 
2031 ,  38 .  58 
2030 ,  36 .  98 
2022 ,  36 .  84 
2012 ,  35 .  82 
2004 ,  36 .  98 
2006 ,  37 .  42 
2011 ,  37 .  27 
2022 ,  36 .  98 
2017 ,  36 .  98 
2021 ,  36 .  55 
2021 ,  36 .  84 
2026 ,  36 .  84 
2024 ,  37 .  42 
2021 ,  37 .  56 
2024 ,  36 .  98 
2017 ,  36 .  69 
2014 ,  36 .  98 
2011 ,  36 .  98 
2011 ,  36 .  84 
2008 ,  36 .  84 
2007 ,  36 .  98 
2005 ,  36 .  84 
2005 ,  36 .  98 
2003 ,  36 .  98 
2003 ,  36 .  84 
1999 ,  36 .  55 
1997 ,  36 .  98 
1999 ,  36 .  98 
1998 ,  37 .  42 
1998 ,  37 .  56 
1998 ,  36 .  98 
1997 ,  36 .  26 
1996 ,  36 .  98 
1998 ,  36 .  98 
1994 ,  36 .  84 
1995 ,  36 .  55 
1995 ,  36 .  84 
1994 ,  39 .  16 
1994 ,  36 .  84 
1992 ,  36 .  55 
1994 ,  36 .  84 
1995 ,  36 .  98 
1996 ,  36 .  98 
1993 ,  36 .  84 
1993 ,  36 .  26 
1992 ,  37 .  42 
1997 ,  37 .  71 
1996 ,  36 .  98 
1992 ,  36 .  84 
1993 ,  37 .  71 
1995 ,  36 .  84 
1992 ,  37 .  71 
1992 ,  38 .  14 
1994 ,  36 .  40 
1994 ,  38 .  72 
1993 ,  34 .  81 
1992 ,  37 .  27 
1992 ,  36 .  84 
1997 ,  36 .  84 
1992 ,  36 .  84 
1994 ,  36 .  40 
1993 ,  36 .  98 
1994 ,  35 .  82 
1994 ,  36 .  84 
1994 ,  37 .  42 
1992 ,  36 .  84 
1992 ,  36 .  98 
2014 ,  36 .  98 
1992 ,  38 .   0 
1994 ,  38 .  58 
1994 ,  36 .  84 
1993 ,  36 .  84 
1993 ,  36 .  69 
1992 ,  36 .  98 
1995 ,  36 .  84 
1993 ,  36 .  84 
1993 ,  35 .  82 
1992 ,  36 .  26 
1992 ,  36 .  55 
1992 ,  36 .  84 
1994 ,  36 .  98 
1992 ,  36 .  98 
1993 ,  36 .  26 
1994 ,  36 .  84 
1993 ,  36 .  40 
1992 ,  36 .  40 
1992 ,  36 .  84 
1991 ,  38 .  14 
1991 ,  37 .  42 
1989 ,  36 .  98 
1993 ,  36 .  55 
1993 ,  36 .  98 
1994 ,  36 .  84 
1989 ,  37 .  85 
1992 ,  36 .  98 
1992 ,  37 .  71 
1994 ,  36 .  84 
1991 ,  36 .  55 
1989 ,  36 .  98 
1991 ,  36 .  98 
1993 ,  38 .  14 
1990 ,  36 .  98 
1992 ,  36 .  26 
1990 ,  37 .  71 
1990 ,  36 .  98 
1987 ,  36 .  84 
1987 ,  37 .  56 
1988 ,  36 .  98 
1988 ,  37 .  71 
1988 ,  36 .  84 
1988 ,  36 .  84 
1987 ,  35 .  82 
1985 ,  39 .  30 
1988 ,  37 .  71 
1988 ,  36 .  55 
1986 ,  36 .  98 
1987 ,  36 .  98 
1986 ,  37 .  42 
1988 ,  36 .  98 
1986 ,  35 .  24 
1986 ,  36 .  69 
1984 ,  36 .  98 
1988 ,  36 .  55 
1980 ,  38 .  14 
1986 ,  35 .  68 
1990 ,  37 .  71 
1987 ,  35 .  68 
1986 ,  36 .  26 
1987 ,  35 .  82 
1984 ,  36 .  98 
1986 ,  36 .  55 
1987 ,  36 .  98 
1985 ,  35 .  68 
1985 ,  36 .  26 
1986 ,  36 .  40 
1986 ,  36 .  26 
1988 ,  36 .  26 
1986 ,  36 .  98 
1986 ,  36 .  84 
1987 ,  36 .  55 
1985 ,  36 .  84 
1986 ,  38 .   0 
1988 ,  36 .  55 
1987 ,  36 .  55 
1986 ,  38 .  14 
1986 ,  37 .  56 
1986 ,  36 .  55 
1986 ,  36 .  84 
1986 ,  36 .  40 
1984 ,  36 .  98 
1988 ,  36 .  98 
1986 ,  36 .  98 
1984 ,  36 .  55 
1984 ,  37 .  71 
1986 ,  36 .  98 
1987 ,  36 .  98 
1984 ,  36 .  98 
1985 ,  37 .  56 
1985 ,  36 .  98 
1985 ,  36 .  98 
1986 ,  36 .  84 
1985 ,  36 .  26 
1986 ,  36 .  98 
1984 ,  36 .  55 
1984 ,  36 .  26 
1985 ,  36 .  26 
1986 ,  36 .  98 
1984 ,  36 .  98 
1986 ,  37 .  42 
1987 ,  36 .  69 
1985 ,  36 .  98 
1987 ,  37 .  42 
1987 ,  38 .   0 
1984 ,  36 .  84 
1984 ,  36 .  98 
1988 ,  37 .  42 
1986 ,  36 .  98 
1986 ,  37 .  56 
1987 ,  36 .  98 
1988 ,  36 .  98 
1986 ,  37 .  71 
1984 ,  38 .   0 
1983 ,  36 .  84 
1985 ,  36 .  55 
1986 ,  36 .  84 
1985 ,  36 .  26 
1987 ,  38 .   0 
1989 ,  36 .  98 
1978 ,  36 .  98 
1986 ,  36 .  98 
1988 ,  36 .  98 
1985 ,  36 .  26 
1988 ,  36 .  98 
1985 ,  36 .  98 
1985 ,  37 .  71 
1990 ,  36 .  98 
1985 ,  36 .  98 
1984 ,  36 .  26 
1986 ,  36 .  98 
1984 ,  36 .  84 
1985 ,  36 .  98 
1986 ,  37 .  42 
1986 ,  38 .  14 
1987 ,  36 .  84 
1986 ,  37 .  42 
1986 ,  36 .  98 
1985 ,  36 .  98 
1987 ,  37 .  42 
1987 ,  37 .  56 
1986 ,  37 .  56 
1986 ,  37 .  71 
1986 ,  37 .  56 
1985 ,  36 .  98 
1986 ,  36 .  98 
1986 ,  37 .  42 
1986 ,  36 .  98 
1985 ,  36 .  98 
1986 ,  37 .  42 
1987 ,  37 .  71 
1990 ,  38 .  58 
1987 ,  38 .  58 
1986 ,  37 .  85 
1986 ,  36 .  98 
1985 ,  36 .  98 
1986 ,  37 .  42 
1986 ,  36 .  84 
1986 ,  37 .  56 
1988 ,  36 .  98 
1987 ,  37 .  27 
1986 ,  35 .  82 
1987 ,  38 .   0 
1987 ,  38 .  58 
1986 ,  39 .  30 
1984 ,  38 .  58 
1984 ,  36 .  98 
1984 ,  36 .  55 
1986 ,  36 .  98 
1985 ,  36 .  98 
1985 ,  36 .  98 
1985 ,  36 .  84 
1985 ,  36 .  84 
1986 ,  36 .  98 
1987 ,  35 .  82 
1985 ,  35 .  82 
1987 ,  36 .  55 
1985 ,  37 .  71 
1987 ,  36 .  84 
1986 ,  36 .  40 
1987 ,  36 .  98 
1985 ,  36 .  98 
1986 ,  36 .  84 
1988 ,  36 .  84 
1985 ,  36 .  84 
1985 ,  36 .  40 
1985 ,  38 .  14 
1987 ,  36 .  84 
1989 ,  36 .  55 
1987 ,  36 .  55 
1987 ,  36 .  55 
1987 ,  36 .  26 
1988 ,  36 .  98 
1984 ,  34 .  52 
1985 ,  36 .  69 
1985 ,  36 .  84 
1985 ,  36 .  98 
1987 ,  38 .   0 
1986 ,  38 .   0 
1985 ,  36 .  84 
1986 ,  37 .  71 
1988 ,  38 .  14 
1988 ,  36 .  69 
1982 ,  37 .  56 
1985 ,  36 .  98 
1986 ,  37 .  42 
1986 ,  36 .  26 
1987 ,  36 .  98 
1985 ,  38 .   0 
1990 ,  37 .  71 
1988 ,  36 .  84 
1987 ,  36 .  84 
1986 ,  36 .  84 
1986 ,  36 .  98 
1986 ,  36 .  84 
1988 ,  36 .  40 
1989 ,  36 .  98 
1988 ,  39 .  16 
1990 ,  38 .   0 
1987 ,  36 .  98 
1987 ,  36 .  98 
1990 ,  36 .  26 
1991 ,  36 .  98 
1989 ,  36 .  98 
1990 ,  37 .  71 
1987 ,  38 .  72 
1992 ,  38 .  14 
1992 ,  36 .  84 
1989 ,  36 .  84 
1992 ,  36 .  26 
1991 ,  38 .   0 
1988 ,  37 .  71 
1992 ,  38 .   0 
1989 ,  36 .  26 
1989 ,  37 .  42 
1990 ,  37 .  56 
1993 ,  36 .  98 
1992 ,  37 .  71 
1993 ,  37 .  56 
1995 ,  38 .   0 
1991 ,  36 .  98 
1995 ,  36 .  98 
1990 ,  36 .  40 
1995 ,  38 .   0 
1993 ,  38 .   0 
1993 ,  36 .  55 
1992 ,  37 .  56 
1995 ,  37 .  85 
1995 ,  37 .  71 
1994 ,  37 .  71 
1994 ,  36 .  84 
1993 ,  36 .  98 
1995 ,  36 .  84 
1997 ,  36 .  98 
1993 ,  38 .  14 
1993 ,  37 .  56 
1993 ,  36 .  98 
1996 ,  37 .  56 
1997 ,  36 .  98 
1995 ,  36 .  98 
1996 ,  38 .  14 
1995 ,  36 .  98 
1999 ,  38 .   0 
1997 ,  37 .  42 
1998 ,  37 .  42 
1994 ,  38 .  58 
2000 ,  38 .   0 
1998 ,  37 .  42 
1999 ,  38 .   0 
1998 ,  37 .  71 
2000 ,  38 .   0 
2002 ,  38 .   0 
2004 ,  38 .  14 
2000 ,  38 .   0 
2001 ,  37 .  71 
2002 ,  38 .  14 
2003 ,  38 .   0 
2005 ,  38 .  14 
2005 ,  39 .  16 
2004 ,  38 .  14 
2003 ,  38 .  14 
2002 ,  37 .  42 
2006 ,  38 .  14 
2006 ,  38 .   0 
2004 ,  37 .  56 
2010 ,  38 .   0 
2004 ,  38 .  14 
2003 ,  36 .  55 
2005 ,  36 .  98 
2001 ,  38 .   0 
2004 ,  38 .  14 
2003 ,  38 .   0 
2002 ,  37 .  56 
2002 ,  38 .   0 
2001 ,  37 .  71 
1999 ,  36 .  40 
2001 ,  36 .  69 
2001 ,  36 .  55 
1998 ,  38 .   0 
2000 ,  36 .  55 
1999 ,  36 .  55 
2000 ,  36 .  55 
2000 ,  38 .   0 
1999 ,  36 .  98 
1999 ,  36 .  98 
2001 ,  36 .  84 
2002 ,  38 .  29 
2002 ,  36 .  98 
1999 ,  36 .  98 
1999 ,  36 .  84 
2002 ,  38 .  14 
2002 ,  37 .  71 
2000 ,  37 .  56 
1999 ,  36 .  98 
2000 ,  37 .  71 
2002 ,  37 .  71 
2002 ,  38 .  58 
2002 ,  38 .   0 
1999 ,  38 .   0 
1998 ,  37 .  71 
1998 ,  38 .  14 
2000 ,  36 .  98 
2002 ,  38 .  29 
2000 ,  37 .  71 
1999 ,  37 .  56 
1997 ,  38 .  58 
1998 ,  38 .  14 
2000 ,  37 .  56 
2001 ,  38 .   0 
1997 ,  37 .  56 
1998 ,  38 .  14 
2000 ,  36 .  98 
2002 ,  37 .  71 
2000 ,  38 .  87 
1999 ,  37 .  56 
1999 ,  37 .  56 
2000 ,  37 .  56 
1994 ,  37 .  56 
2002 ,  38 .   0 
2000 ,  36 .  98 
2000 ,  36 .  98 
2000 ,  36 .  40 
2000 ,  38 .   0 
2000 ,  38 .  14 
2000 ,  38 .   0 
2000 ,  36 .  26 
2000 ,  38 .  14 
2000 ,  38 .  29 
1999 ,  37 .  71 
1999 ,  38 .   0 
2002 ,  37 .  56 
2000 ,  38 .  14 
2001 ,  38 .   0 
2001 ,  37 .  56 
2001 ,  38 .  14 
1999 ,  37 .  56 
2000 ,  37 .  56 
1999 ,  36 .  84 
1991 ,  36 .  98 
2002 ,  38 .  14 
1992 ,  38 .  87 
2001 ,  36 .  26 
2000 ,  38 .  14 
2000 ,  38 .   0 
2001 ,  37 .  56 
2000 ,  36 .  98 
2000 ,  38 .  87 
2000 ,  38 .   0 
2001 ,  38 .   0 
1998 ,  36 .  98 
2000 ,  38 .  87 
2000 ,  38 .  58 
1998 ,  38 .  58 
2000 ,  37 .  56 
2000 ,  37 .  56 
2000 ,  38 .   0 
1997 ,  37 .  56 
1999 ,  36 .  98 
2000 ,  37 .  71 
2000 ,  37 .  42 
1998 ,  39 .  16 
2000 ,  36 .  84 
1998 ,  38 .   0 
2000 ,  37 .  56 
1999 ,  38 .   0 
2000 ,  36 .  55 
2000 ,  38 .   0 
2002 ,  38 .  58 
2002 ,  38 .   0 
2000 ,  38 .  14 
2002 ,  37 .  56 
1998 ,  37 .  56 
2001 ,  36 .  84 
2000 ,  36 .  98 
2001 ,  38 .  14 
2000 ,  36 .  84 
2002 ,  38 .  14 
2002 ,  38 .  58 
2002 ,  38 .  29 
2002 ,  38 .  14 
2002 ,  38 .  43 
1999 ,  36 .  84 
2000 ,  38 .  14 
2001 ,  38 .  14 
2000 ,  38 .  14 
2000 ,  37 .  56 
2000 ,  37 .  71 
2001 ,  38 .  14 
2001 ,  38 .  87 
1999 ,  37 .  56 
2000 ,  39 .  30 
2000 ,  38 .   0 
2002 ,  40 .  32 
2002 ,  38 .   0 
2000 ,  38 .  72 
2001 ,  35 .  82 
2000 ,  36 .  98 
2002 ,  36 .  40 
2000 ,  38 .  14 
2000 ,  36 .  98 
1999 ,  36 .  69 
2001 ,  36 .  98 
2002 ,  38 .  87 
2001 ,  36 .  84 
2000 ,  36 .  84 
1998 ,  35 .  82 
1999 ,  38 .   0 
2002 ,  36 .  98 
2001 ,  36 .  40 
1999 ,  36 .  84 
1997 ,  38 .   0 
1998 ,  37 .  71 
2002 ,  37 .  71 
1998 ,  36 .  98 
1999 ,  37 .  71 
2000 ,  37 .  42 
1999 ,  36 .  98 
2000 ,  36 .  98 
1998 ,  38 .  14 
1999 ,  36 .  98 
1998 ,  37 .  85 
2000 ,  36 .  98 
1999 ,  38 .   0 
1999 ,  36 .  98 
2000 ,  36 .  98 
1997 ,  36 .  40 
1997 ,  37 .  71 
1996 ,  36 .  84 
1998 ,  38 .  87 
1998 ,  36 .  98 
1998 ,  37 .  71 
1999 ,  36 .  98 
1999 ,  36 .  98 
1996 ,  36 .  98 
1998 ,  36 .  98 
1999 ,  36 .  26 
1997 ,  36 .  84 
1996 ,  36 .  98 
1999 ,  38 .   0 
1997 ,  36 .  98 
1996 ,  38 .  14 
1999 ,  36 .  98 
1998 ,  37 .  56 
1998 ,  38 .   0 
1997 ,  38 .  14 
1999 ,  36 .  98 
1998 ,  37 .  71 
1998 ,  36 .  98 
1996 ,  38 .   0 
1999 ,  36 .  84 
1999 ,  38 .   0 
2000 ,  36 .  84 
1994 ,  36 .  98 
2000 ,  37 .  56 
1996 ,  38 .  14 
1994 ,  37 .  56 
1997 ,  37 .  85 
1998 ,  38 .   0 
1998 ,  38 .   0 
1998 ,  38 .   0 
2000 ,  38 .   0 
2009 ,  36 .  98 
2000 ,  38 .  14 
1999 ,  37 .  71 
2002 ,  38 .   0 
2000 ,  36 .  98 
2000 ,  38 .   0 
2002 ,  37 .  71 
2000 ,  37 .  56 
1998 ,  37 .  56 
1998 ,  38 .  14 
2000 ,  38 .  58 
1998 ,  37 .  42 
1998 ,  36 .  98 
1998 ,  37 .  71 
2000 ,  37 .  71 
2000 ,  37 .  71 
2000 ,  36 .  98 
1999 ,  38 .  58 
1997 ,  38 .   0 
1996 ,  36 .  98 
2002 ,  36 .  26 
1998 ,  38 .   0 
1999 ,  37 .  71 
1997 ,  38 .   0 
2002 ,  38 .  14 
2000 ,  38 .   0 
1999 ,  38 .  72 
1998 ,  38 .  14 
1998 ,  38 .  72 
2000 ,  38 .   0 
1997 ,  37 .  56 
1999 ,  38 .   0 
1999 ,  37 .  42 
1998 ,  38 .  14 
1997 ,  38 .  14 
1999 ,  37 .  42 
1997 ,  37 .  71 
1998 ,  37 .  71 
1999 ,  36 .  98 
1997 ,  36 .  98 
2005 ,  36 .  98 
1999 ,  38 .   0 
1997 ,  38 .   0 
1997 ,  38 .  14 
1996 ,  37 .  71 
1999 ,  37 .  42 
1997 ,  38 .  14 
1997 ,  36 .  98 
1998 ,  38 .  14 
1998 ,  38 .   0 
1997 ,  38 .   0 
1997 ,  37 .  71 
1997 ,  36 .  98 
1999 ,  37 .  56 
1999 ,  36 .  84 
1998 ,  36 .  26 
1999 ,  36 .  55 
2000 ,  37 .  71 
2004 ,  36 .  55 
1999 ,  36 .  55 
2000 ,  37 .  42 
1999 ,  38 .  14 
1999 ,  36 .  26 
1998 ,  36 .  55 
2000 ,  36 .  84 
2003 ,  38 .   0 
1999 ,  36 .  84 
2000 ,  35 .  82 
1999 ,  36 .  98 
2000 ,  36 .  84 
2000 ,  36 .  98 
1999 ,  36 .  84 
2002 ,  38 .   0 
2000 ,  38 .  14 
2000 ,  37 .  56 
2000 ,  36 .  98 
1999 ,  37 .  85 
2000 ,  38 .  14 
1999 ,  38 .   0 
2000 ,  37 .  71 
2001 ,  36 .  98 
2000 ,  37 .  71 
2000 ,  36 .  98 
2001 ,  38 .   0 
2000 ,  37 .  42 
1997 ,  38 .   0 
2001 ,  37 .  56 
2000 ,  37 .  85 
1999 ,  37 .  71 
2002 ,  38 .  87 
2000 ,  36 .  98 
2001 ,  36 .  98 
2002 ,  36 .  98 
1997 ,  37 .  42 
1999 ,  35 .  82 
2001 ,  37 .  27 
2000 ,  37 .  71 
2000 ,  37 .  71 
2000 ,  37 .  42 
2002 ,  38 .  14 
2002 ,  37 .  71 
2000 ,  38 .  58 
2000 ,  38 .   0 
2000 ,  36 .  98 
2000 ,  37 .  42 
1998 ,  38 .   0 
1999 ,  38 .  14 
2002 ,  37 .  71 
2001 ,  38 .  14 
1996 ,  37 .  56 
2000 ,  36 .  26 
1998 ,  38 .   0 
1999 ,  36 .  84 
1996 ,  38 .  14 
1996 ,  37 .  42 
2001 ,  38 .   0 
2000 ,  38 .   0 
2006 ,  37 .  56 
1999 ,  37 .  56 
2000 ,  37 .  56 
1999 ,  38 .   0 
1997 ,  37 .  71 
1994 ,  36 .  98 
2002 ,  38 .   0 
2000 ,  37 .  42 
1998 ,  37 .  56 
1998 ,  37 .  56 
1998 ,  37 .  56 
1998 ,  37 .  56 
1998 ,  36 .  98 
1996 ,  36 .  84 
1997 ,  38 .   0 
2000 ,  37 .  42 
1998 ,  37 .  85 
1998 ,  38 .  14 
1998 ,  37 .  56 
1998 ,  36 .  98 
1996 ,  38 .  14 
1997 ,  36 .  98 
1996 ,  38 .  14 
1998 ,  37 .  71 
1998 ,  38 .   0 
1995 ,  36 .  98 
1997 ,  37 .  71 
1998 ,  38 .  58 
1998 ,  36 .  98 
1999 ,  36 .  98 
1999 ,  37 .  85 
2000 ,  38 .   0 
2000 ,  36 .  26 
1997 ,  37 .  71 
1998 ,  36 .  98 
2000 ,  39 .  30 
1998 ,  35 .  68 
1999 ,  37 .  71 
2000 ,  36 .  40 
1998 ,  38 .   0 
1999 ,  36 .  84 
1998 ,  37 .  42 
1998 ,  37 .  42 
1990 ,  36 .  84 
1999 ,  39 .  74 
1997 ,  38 .   0 
1998 ,  38 .  43 
2000 ,  37 .  56 
1999 ,  36 .  98 
1998 ,  40 .  46 
1998 ,  36 .  98 
1998 ,  38 .   0 
2000 ,  35 .  82 
1996 ,  38 .  14 
1997 ,  36 .  98 
1997 ,  35 .  82 
1999 ,  36 .  26 
2000 ,  35 .  82 
1998 ,  36 .  98 
1998 ,  37 .  71 
1999 ,  35 .  82 
1998 ,  35 .  68 
1998 ,  36 .  40 
1999 ,  35 .  82 
1997 ,  35 .  24 
1997 ,  35 .  39 
1998 ,  35 .  68 
2000 ,  36 .  98 
1999 ,  35 .  82 
1997 ,  35 .  68 
1999 ,  35 .  82 
1997 ,  36 .  98 
1999 ,  36 .  84 
2000 ,  36 .  26 
2000 ,  36 .  40 
1997 ,  37 .  56 
1998 ,  36 .  26 
1997 ,  36 .  26 
1998 ,  35 .  10 
1997 ,  37 .  71 
1998 ,  36 .  84 
1999 ,  36 .  98 
1997 ,  37 .  71 
1999 ,  36 .  98 
1999 ,  36 .  40 
1999 ,  36 .  40 
1998 ,  38 .  58 
1999 ,  36 .  40 
1998 ,  38 .   0 
1997 ,  38 .   0 
1996 ,  35 .  82 
1996 ,  37 .  71 
1998 ,  36 .  84 
1998 ,  36 .  40 
1998 ,  36 .  84 
1997 ,  36 .  40 
1997 ,  36 .  84 
1997 ,  36 .  98 
1999 ,  36 .  98 
1997 ,  36 .  98 
1998 ,  36 .  84 
1998 ,  36 .  98 
1997 ,  36 .  84 
1998 ,  36 .  98 
2000 ,  36 .  98 
1999 ,  37 .  56 
1999 ,  36 .  55 
1998 ,  37 .  56 
1999 ,  38 .   0 
1997 ,  38 .  14 
1993 ,  38 .  14 
1997 ,  36 .  98 
2000 ,  37 .  71 
1998 ,  36 .  84 
1998 ,  38 .   0 
1996 ,  37 .  71 
1998 ,  36 .  98 
1998 ,  37 .  56 
2000 ,  37 .  56 
1996 ,  37 .  42 
1999 ,  36 .  98 
1999 ,  37 .  56 
1996 ,  36 .  98 
1998 ,  37 .  71 
2014 ,  36 .  84 
1997 ,  36 .  98 
1999 ,  38 .  14 
1999 ,  38 .   0 
1999 ,  37 .  42 
1999 ,  36 .  98 
1997 ,  36 .  55 
1997 ,  37 .  56 
1999 ,  36 .  98 
1998 ,  36 .  98 
1999 ,  36 .  98 
1997 ,  37 .  56 
1999 ,  36 .  84 
1997 ,  36 .  98 
1998 ,  36 .  98 
1997 ,  36 .  84 
1997 ,  36 .  98 
1998 ,  37 .  42 
1998 ,  36 .  98 
2000 ,  37 .  56 
1997 ,  35 .  82 
1996 ,  38 .  14 
1997 ,  38 .  87 
1998 ,  38 .  14 
1998 ,  37 .  71 
1998 ,  36 .  98 
1997 ,  37 .  71 
1997 ,  38 .   0 
1998 ,  38 .  14 
2000 ,  37 .  71 
1998 ,  37 .  56 
1999 ,  38 .  14 
1999 ,  36 .  26 
1998 ,  37 .  56 
1997 ,  38 .  87 
1996 ,  38 .  72 
1999 ,  36 .  98 
1998 ,  38 .  29 
2000 ,  36 .  55 
1998 ,  37 .  71 
2000 ,  36 .  98 
1998 ,  38 .  14 
1996 ,  36 .  98 
1998 ,  37 .  71 
1996 ,  37 .  56 
1997 ,  39 .  74 
1996 ,  38 .  14 
1998 ,  36 .  98 
1998 ,  35 .  39 
1996 ,  37 .  56 
1997 ,  37 .  56 
1997 ,  38 .   0 
1999 ,  36 .  55 
2000 ,  36 .  84 
2002 ,  38 .  14 
1998 ,  36 .  84 
1998 ,  36 .  84 
1996 ,  36 .  84 
1999 ,  36 .  26 
1997 ,  36 .  26 
1998 ,  36 .  98 
1997 ,  36 .  98 
1999 ,  35 .  82 
1998 ,  38 .   0 
1998 ,  36 .  40 
1999 ,  36 .  84 
1999 ,  35 .  82 
1998 ,  36 .  98 
1999 ,  36 .  84 
1999 ,  35 .  68 
1998 ,  36 .  98 
1997 ,  36 .  84 
1999 ,  36 .  84 
1998 ,  36 .  98 
1996 ,  36 .  98 
1999 ,  37 .  71 
1998 ,  36 .  84 
1998 ,  36 .  98 
1996 ,  36 .  55 
1998 ,  37 .  42 
1997 ,  36 .  98 
2000 ,  36 .  55 
1999 ,  38 .  14 
1998 ,  39 .  30 
1996 ,  37 .  71 
1998 ,  37 .  56 
1998 ,  37 .  56 
1998 ,  38 .  14 
2000 ,  36 .  40 
1999 ,  37 .  56 
1998 ,  38 .  14 
1998 ,  38 .  14 
1998 ,  37 .  42 
1998 ,  37 .  42 
1998 ,  36 .  98 
1996 ,  36 .  26 
1997 ,  37 .  71 
1998 ,  37 .  71 
1998 ,  36 .  98 
1997 ,  38 .   0 
1997 ,  37 .  71 
1999 ,  37 .  71 
1999 ,  36 .  26 
1993 ,  37 .  56 
1997 ,  37 .  42 
1996 ,  36 .  98 
1995 ,  38 .  14 
1997 ,  36 .  98 
1996 ,  36 .  98 
1996 ,  37 .  71 
1999 ,  36 .  84 
1999 ,  37 .  85 
1992 ,  37 .  56 
1996 ,  38 .  14 
1998 ,  38 .   0 
1996 ,  36 .  98 
1997 ,  37 .  56 
1997 ,  37 .  56 
1997 ,  37 .  85 
1996 ,  37 .  42 
1994 ,  37 .  71 
2005 ,  38 .   0 
1991 ,  38 .   0 
1998 ,  36 .  69 
1997 ,  37 .  71 
1999 ,  36 .  84 
1998 ,  38 .   0 
1998 ,  36 .  98 
1997 ,  37 .  42 
1996 ,  38 .   0 
1996 ,  38 .   0 
1998 ,  36 .  98 
1998 ,  37 .  56 
1996 ,  37 .  71 
1996 ,  36 .  98 
1995 ,  36 .  84 
1998 ,  36 .  98 
1997 ,  37 .  42 
1999 ,  36 .  98 
1996 ,  36 .  98 
1997 ,  39 .  16 
1996 ,  37 .  71 
1997 ,  38 .   0 
1998 ,  37 .  71 
1996 ,  37 .  56 
2000 ,  38 .   0 
1997 ,  38 .  14 
1997 ,  37 .  42 
1996 ,  37 .  71 
1998 ,  37 .  71 
1998 ,  37 .  71 
1998 ,  38 .   0 
1999 ,  37 .  56 
1998 ,  36 .  98 
1999 ,  37 .  56 
1999 ,  36 .  98 
1999 ,  38 .   0 
2000 ,  38 .   0 
1999 ,  36 .  84 
1992 ,  36 .  98 
2000 ,  38 .   0 
2000 ,  38 .  14 
2000 ,  38 .   0 
2000 ,  36 .  98 
2000 ,  36 .  98 
2000 ,  36 .  98 
2000 ,  38 .  14 
2000 ,  36 .  98 
2000 ,  38 .   0 
2001 ,  36 .  98 
2000 ,  37 .  42 
2000 ,  36 .  98 
2002 ,  39 .  30 
2000 ,  36 .  84 
1999 ,  34 .  81 
2000 ,  36 .  55 
2001 ,  36 .  40 
2000 ,  36 .  84 
2001 ,  35 .  68 
2003 ,  38 .   0 
2003 ,  36 .  84 
2002 ,  36 .  84 
2003 ,  36 .  55 
2001 ,  38 .  14 
2001 ,  36 .  84 
2002 ,  36 .  84 
2005 ,  36 .  84 
2006 ,  37 .  85 
2004 ,  36 .  84 
2005 ,  36 .  98 
2004 ,  37 .  71 
2003 ,  38 .  14 
2002 ,  37 .  71 
2006 ,  36 .  98 
2003 ,  36 .  26 
2004 ,  38 .   0 
2003 ,  38 .   0 
2006 ,  38 .  14 
2006 ,  37 .  56 
2004 ,  37 .  56 
2004 ,  38 .   0 
2004 ,  37 .  56 
2004 ,  38 .   0 
2004 ,  37 .  71 
2005 ,  37 .  71 
2004 ,  38 .   0 
2004 ,  37 .  56 
2006 ,  38 .   0 
2005 ,  38 .   0 
2004 ,  37 .  56 
2002 ,  36 .  98 
2002 ,  36 .  26 
2003 ,  38 .   0 
2003 ,  37 .  42 
2001 ,  36 .  98 
2002 ,  37 .  42 
2003 ,  37 .  42 
2001 ,  36 .  98 
2002 ,  37 .  42 
2002 ,  36 .  98 
2004 ,  37 .  56 
2004 ,  37 .  71 
2002 ,  38 .  14 
2003 ,  36 .  84 
2003 ,  38 .  29 
2002 ,  37 .  71 
2002 ,  38 .   0 
2003 ,  36 .  98 
2002 ,  36 .  84 
2003 ,  39 .  16 
2002 ,  38 .   0 
2001 ,  37 .  71 
1997 ,  38 .  14 
2002 ,  36 .  98 
2000 ,  38 .  87 
2000 ,  38 .  72 
2002 ,  38 .   0 
2002 ,  38 .   0 
2000 ,  37 .  42 
2001 ,  36 .  98 
2000 ,  38 .  29 
2006 ,  38 .   0 
1995 ,  38 .   0 
1994 ,  38 .  58 
2001 ,  38 .   0 
2001 ,  37 .  27 
2000 ,  37 .  71 
2001 ,  38 .  14 
2002 ,  38 .   0 
2002 ,  38 .   0 
2000 ,  38 .  14 
2003 ,  37 .  56 
2002 ,  37 .  56 
2000 ,  38 .   0 
2000 ,  37 .  71 
1999 ,  38 .  14 
1998 ,  36 .  98 
2000 ,  37 .  71 
2000 ,  36 .  98 
1997 ,  37 .  27 
1998 ,  37 .  56 
1999 ,  37 .  56 
1999 ,  37 .  71 
2000 ,  37 .  71 
1999 ,  38 .  14 
2002 ,  37 .  71 
1998 ,  37 .  42 
1998 ,  38 .  14 
1999 ,  38 .   0 
1999 ,  38 .   0 
1999 ,  38 .  14 
1997 ,  37 .  56 
1998 ,  37 .  56 
1998 ,  37 .  71 
1999 ,  38 .   0 
1998 ,  38 .  43 
2000 ,  36 .  98 
2000 ,  37 .  71 
1998 ,  36 .  98 
2001 ,  39 .  45 
2000 ,  38 .  72 
2000 ,  37 .  42 
2000 ,  38 .  14 
1998 ,  37 .  56 
2000 ,  36 .  40 
2000 ,  38 .   0 
1996 ,  41 .  62 
1997 ,  37 .  56 
1997 ,  35 .  39 
1997 ,  36 .  84 
1997 ,  38 .  14 
2000 ,  36 .  98 
1998 ,  38 .  87 
1997 ,  35 .  68 
1997 ,  36 .  98 
1997 ,  38 .  14 
1997 ,  36 .  84 
1997 ,  36 .  84 
1998 ,  36 .  98 
1998 ,  36 .  84 
1998 ,  36 .  98 
1998 ,  36 .  84 
1998 ,  36 .  40 
1997 ,  38 .  14 
1998 ,  36 .  84 
1997 ,  36 .  98 
1997 ,  37 .  71 
1998 ,  37 .  71 
2000 ,  36 .  98 
2000 ,  36 .  98 
1999 ,  38 .   0 
1999 ,  37 .  56 
1999 ,  36 .  98 
1999 ,  37 .  42 
1999 ,  37 .  85 
1997 ,  37 .  71 
2000 ,  37 .  71 
2000 ,  37 .  56 
2000 ,  38 .  14 
2000 ,  36 .  98 
1996 ,  37 .  71 
2000 ,  37 .  56 
1999 ,  36 .  98 
2000 ,  36 .  84 
1997 ,  37 .  56 
2000 ,  36 .  98 
2000 ,  37 .  56 
2000 ,  36 .  84 
2000 ,  38 .   0 
2000 ,  37 .  56 
2001 ,  38 .  72 
2000 ,  38 .  58 
1999 ,  38 .  14 
1999 ,  38 .  14 
2001 ,  37 .  56 
2001 ,  37 .  56 
1999 ,  37 .  42 
2000 ,  38 .   0 
2000 ,  37 .  71 
1998 ,  36 .  55 
1999 ,  37 .  42 
2000 ,  37 .  56 
1997 ,  38 .  14 
2000 ,  37 .  56 
1998 ,  38 .  14 
1999 ,  37 .  56 
2000 ,  38 .   0 
2000 ,  36 .  98 
2000 ,  36 .  98 
2000 ,  37 .  71 
2001 ,  38 .   0 
2000 ,  38 .   0 
2002 ,  38 .   0 
1995 ,  38 .   0 
2000 ,  38 .   0 
1998 ,  37 .  71 
2002 ,  38 .  58 
2000 ,  36 .  55 
2000 ,  38 .  87 
2002 ,  36 .  84 
1997 ,  38 .  14 
1999 ,  38 .  14 
1996 ,  37 .  71 
1997 ,  37 .  56 
2001 ,  37 .  85 
2001 ,  38 .  87 
2002 ,  38 .  87 
2000 ,  38 .  14 
2003 ,  38 .  14 
2002 ,  38 .  58 
2002 ,  37 .  56 
2000 ,  38 .  14 
2001 ,  38 .   0 
2001 ,  37 .  42 
2000 ,  38 .  14 
2003 ,  37 .  71 
2000 ,  37 .  71 
2001 ,  36 .  98 
2000 ,  37 .  42 
2000 ,  38 .  14 
1998 ,  37 .  42 
2000 ,  36 .  98 
1998 ,  38 .  14 
2001 ,  36 .  55 
2000 ,  37 .  42 
2001 ,  36 .  98 
2002 ,  38 .   0 
2002 ,  38 .   0 
2000 ,  37 .  71 
2000 ,  38 .  14 
2002 ,  36 .  98 
1998 ,  38 .   0 
2002 ,  38 .  58 
2002 ,  38 .  58 
2003 ,  37 .  56 
2002 ,  38 .  14 
2001 ,  38 .  58 
2003 ,  38 .  58 
2003 ,  38 .   0 
2001 ,  38 .  87 
2002 ,  38 .  14 
2000 ,  37 .  71 
2000 ,  38 .  14 
2001 ,  38 .  14 
2003 ,  39 .  16 
2003 ,  38 .  14 
2002 ,  40 .   3 
2002 ,  38 .   0 
2002 ,  36 .  98 
2001 ,  38 .  14 
2001 ,  37 .  56 
1999 ,  37 .  85 
2003 ,  38 .  14 
2003 ,  39 .  30 
2000 ,  38 .   0 
2002 ,  38 .  87 
2000 ,  36 .  84 
2001 ,  36 .  40 
2001 ,  36 .  40 
1997 ,  36 .  40 
2000 ,  36 .  84 
2000 ,  36 .  84 
2001 ,  36 .  55 
2000 ,  38 .   0 
2003 ,  37 .  42 
2006 ,  37 .  71 
2002 ,  38 .  58 
2000 ,  38 .  14 
2001 ,  36 .  98 
2001 ,  36 .  98 
2002 ,  40 .   3 
2000 ,  37 .  71 
2002 ,  36 .  40 
2000 ,  36 .  98 
2000 ,  36 .  98 
1998 ,  38 .  58 
2000 ,  37 .  71 
1996 ,  38 .  14 
1998 ,  37 .  56 
1995 ,  37 .  56 
1998 ,  36 .  98 
1999 ,  37 .  56 
1998 ,  38 .  14 
1998 ,  38 .  14 
1996 ,  38 .   0 
1999 ,  36 .  98 
1999 ,  36 .  98 
1997 ,  36 .  55 
1999 ,  37 .  71 
2000 ,  37 .  85 
2001 ,  38 .  14 
1999 ,  38 .  14 
2000 ,  37 .  71 
1998 ,  38 .   0 
2000 ,  37 .  56 
1999 ,  37 .  42 
1999 ,  38 .   0 
1997 ,  37 .  56 
1996 ,  37 .  71 
1997 ,  38 .   0 
2000 ,  38 .  58 
2000 ,  38 .   0 
1998 ,  38 .  14 
1999 ,  38 .  14 
1997 ,  37 .  42 
2000 ,  36 .  98 
1997 ,  37 .  71 
1998 ,  36 .  98 
1997 ,  38 .  58 
1998 ,  38 .  58 
1998 ,  38 .  14 
1997 ,  38 .   0 
1997 ,  38 .  14 
2002 ,  38 .  14 
1999 ,  38 .   0 
1995 ,  37 .  85 
1997 ,  37 .  71 
2000 ,  38 .  58 
1995 ,  38 .  58 
1996 ,  38 .  14 
1998 ,  38 .  29 
2005 ,  38 .  87 
1995 ,  38 .  58 
1996 ,  39 .  74 
1998 ,  38 .  14 
1999 ,  38 .  14 
1998 ,  38 .  14 
1996 ,  36 .  98 
1996 ,  37 .  85 
1998 ,  38 .  43 
1996 ,  39 .   1 
1998 ,  37 .  71 
1996 ,  38 .   0 
1997 ,  37 .  56 
1996 ,  39 .  30 
1993 ,  36 .  98 
1994 ,  38 .  58 
1993 ,  34 .  81 
1995 ,  36 .  40 
1998 ,  38 .   0 
1996 ,  37 .  56 
1996 ,  37 .  42 
1997 ,  38 .  14 
1996 ,  38 .   0 
1995 ,  38 .  14 
1995 ,  35 .  10 
1996 ,  38 .  14 
1996 ,  38 .  14 
1995 ,  37 .  85 
1996 ,  37 .  71 
1998 ,  38 .  43 
1996 ,  38 .  58 
1996 ,  38 .   0 
1996 ,  38 .   0 
1996 ,  38 .   0 
1996 ,  38 .   0 
1998 ,  38 .  29 
1998 ,  37 .  71 
1995 ,  37 .  56 
1996 ,  35 .  10 
1995 ,  36 .  26 
1997 ,  38 .   0 
1997 ,  38 .   0 
1997 ,  37 .  71 
1998 ,  38 .  87 
1994 ,  38 .  14 
1996 ,  38 .  72 
1995 ,  40 .  90 
1997 ,  39 .   1 
1996 ,  38 .  14 
1997 ,  36 .  40 
1995 ,  38 .  14 
1996 ,  38 .  14 
1996 ,  38 .  14 
1996 ,  38 .   0 
1996 ,  36 .  84 
1996 ,  37 .  56 
1996 ,  37 .  42 
1996 ,  36 .  98 
1996 ,  39 .  74 
1997 ,  36 .  40 
1996 ,  36 .  84 
1996 ,  36 .  40 
1997 ,  36 .  55 
1996 ,  36 .  98 
1997 ,  36 .  84 
2002 ,  37 .  42 
1998 ,  38 .  14 
1998 ,  37 .  42 
1997 ,  36 .  98 
1995 ,  36 .  40 
1996 ,  38 .  14 
1997 ,  37 .  85 
1997 ,  36 .  84 
1997 ,  38 .   0 
1998 ,  37 .  42 
2000 ,  37 .  71 
1998 ,  37 .  56 
1999 ,  38 .  14 
1998 ,  37 .  42 
2000 ,  37 .  56 
2000 ,  38 .  72 
2000 ,  38 .   0 
1997 ,  38 .  72 
2000 ,  38 .  14 
2000 ,  37 .  56 
1999 ,  38 .   0 
2000 ,  37 .  71 
2001 ,  37 .  71 
2002 ,  38 .  14 
2003 ,  38 .   0 
2002 ,  38 .  14 
2000 ,  38 .   0 
1998 ,  38 .   0 
2000 ,  38 .  14 
2001 ,  38 .  14 
2001 ,  38 .  14 
2002 ,  37 .  85 
2001 ,  37 .  71 
2002 ,  37 .  71 
2002 ,  38 .   0 
2000 ,  38 .   0 
2001 ,  38 .  14 
2001 ,  38 .  14 
2001 ,  38 .  14 
2002 ,  38 .  14 
2001 ,  37 .  85 
2000 ,  38 .   0 
2003 ,  38 .   0 
2004 ,  38 .  58 
2000 ,  38 .  58 
2002 ,  37 .  56 
2002 ,  38 .  58 
2000 ,  38 .  58 
2000 ,  38 .   0 
1998 ,  38 .  14 
1997 ,  38 .  14 
2001 ,  38 .   0 
1998 ,  38 .  14 
2001 ,  37 .  71 
2001 ,  37 .  85 
2003 ,  38 .  14 
1998 ,  38 .  14 
2002 ,  38 .   0 
1999 ,  37 .  56 
2005 ,  38 .   0 
2001 ,  38 .  58 
2001 ,  38 .  72 
2001 ,  37 .  71 
2002 ,  38 .  14 
2001 ,  38 .  14 
2002 ,  35 .  39 
2003 ,  36 .  98 
2002 ,  38 .  29 
2002 ,  38 .  87 
2002 ,  38 .  58 
2002 ,  38 .  58 
2002 ,  38 .  14 
2001 ,  38 .  58 
2001 ,  38 .   0 
2001 ,  38 .  14 
2000 ,  37 .  71 
2000 ,  38 .   0 
2001 ,  37 .  71 
2002 ,  38 .  87 
2001 ,  38 .  14 
2002 ,  38 .  14 
2000 ,  39 .  16 
2001 ,  38 .  14 
2001 ,  38 .   0 
2001 ,  38 .   0 
2000 ,  38 .  14 
2002 ,  38 .  14 
2003 ,  38 .  14 
2001 ,  38 .  72 
2000 ,  38 .  58 
2001 ,  38 .  58 
2001 ,  37 .  71 
2002 ,  38 .  87 
2003 ,  38 .  58 
2002 ,  37 .  56 
2002 ,  38 .  14 
2002 ,  38 .   0 
1999 ,  38 .  58 
2000 ,  38 .  58 
2000 ,  38 .  14 
2001 ,  38 .  14 
2002 ,  38 .  14 
2000 ,  39 .  16 
2000 ,  37 .  56 
2001 ,  38 .   0 
2001 ,  38 .  87 
2002 ,  38 .  14 
2002 ,  38 .  58 
2002 ,  40 .  32 
2000 ,  37 .  85 
2000 ,  36 .  55 
2000 ,  36 .  69 
2000 ,  37 .  56 
2000 ,  40 .   3 
1995 ,  36 .  84 
2001 ,  36 .  84 
2000 ,  38 .   0 
2001 ,  36 .  40 
2002 ,  38 .  14 
2000 ,  38 .  58 
2001 ,  37 .  56 
2002 ,  38 .   0 
2000 ,  36 .  98 
2001 ,  36 .  98 
2000 ,  37 .  56 
2001 ,  37 .  56 
2002 ,  37 .  56 
2000 ,  36 .  98 
2002 ,  36 .  84 
2001 ,  37 .  71 
2000 ,  38 .  58 
2002 ,  38 .   0 
2002 ,  37 .  56 
2000 ,  38 .   0 
2000 ,  38 .   0 
1999 ,  38 .  14 
2000 ,  37 .  42 
2000 ,  38 .  14 
2000 ,  38 .  14 
1998 ,  37 .  42 
2000 ,  36 .  98 
1998 ,  36 .  98 
1997 ,  37 .  85 
1999 ,  37 .  56 
1997 ,  38 .   0 
1997 ,  38 .  58 
1999 ,  37 .  85 
1999 ,  38 .   0 
2000 ,  38 .  14 
1998 ,  36 .  98 
1999 ,  39 .  30 
2000 ,  38 .  14 
1999 ,  37 .  85 
2000 ,  38 .   0 
2000 ,  38 .   0 
2000 ,  38 .  14 
1998 ,  38 .   0 
1999 ,  38 .   0 
2001 ,  37 .  71 
2001 ,  37 .  71 
1999 ,  38 .  58 
1998 ,  36 .  98 
1999 ,  38 .  14 
1999 ,  39 .  30 
1998 ,  37 .  42 
1997 ,  38 .  14 
2000 ,  38 .   0 
1999 ,  37 .  85 
1994 ,  38 .  14 
2000 ,  38 .   0 
1999 ,  38 .  14 
1999 ,  36 .  84 
1999 ,  39 .  74 
1998 ,  38 .   0 
1997 ,  38 .   0 
1997 ,  38 .   0 
1999 ,  37 .  42 
2004 ,  37 .  71 
1996 ,  38 .  58 
1998 ,  38 .  14 
2002 ,  38 .  87 
1999 ,  38 .   0 
2000 ,  37 .  56 
1999 ,  37 .  56 
2000 ,  38 .  14 
1997 ,  37 .  56 
1996 ,  37 .  56 
1997 ,  38 .   0 
1997 ,  38 .  72 
1999 ,  37 .  42 
1997 ,  37 .  85 
1999 ,  37 .  71 
1998 ,  38 .  29 
1995 ,  39 .  30 
1998 ,  38 .  29 
1998 ,  38 .   0 
1998 ,  38 .   0 
1996 ,  37 .  71 
1997 ,  38 .   0 
1998 ,  38 .   0 
1999 ,  38 .  29 
1998 ,  38 .   0 
2000 ,  38 .  14 
1998 ,  38 .  14 
1998 ,  38 .  14 
1997 ,  38 .   0 
1997 ,  38 .  72 
1997 ,  38 .  14 
1997 ,  36 .  84 
1998 ,  38 .  14 
1999 ,  38 .   0 
1997 ,  37 .  71 
1998 ,  38 .  87 
1998 ,  38 .  14 
1998 ,  38 .  14 
1998 ,  38 .  58 
1997 ,  37 .  56 
1998 ,  38 .   0 
1999 ,  38 .  14 
1997 ,  38 .  14 
1997 ,  39 .  16 
1997 ,  36 .  98 
1999 ,  40 .  46 
1999 ,  38 .   0 
1999 ,  36 .  26 
1995 ,  37 .  85 
1997 ,  38 .  14 
1997 ,  38 .  14 
1997 ,  38 .  14 
1998 ,  37 .  85 
1997 ,  38 .   0 
1998 ,  38 .  58 
1998 ,  38 .   0 
1996 ,  38 .  14 
1998 ,  36 .  26 
1997 ,  38 .  72 
1997 ,  38 .  14 
1997 ,  36 .  98 
1997 ,  36 .  84 
2000 ,  38 .  14 
1998 ,  37 .  71 
1997 ,  36 .  98 
1998 ,  36 .  98 
1998 ,  38 .  14 
2000 ,  38 .   0 
1997 ,  36 .  98 
2000 ,  36 .  98 
1998 ,  38 .  14 
1999 ,  38 .   0 
1997 ,  38 .   0 
1997 ,  37 .  56 
1998 ,  37 .  42 
1999 ,  38 .   0 
1997 ,  37 .  42 
1997 ,  37 .  71 
1998 ,  38 .  14 
1999 ,  36 .  98 
1998 ,  36 .  98 
1997 ,  37 .  85 
2000 ,  38 .   0 
2000 ,  38 .  14 
1998 ,  38 .   0 
2000 ,  37 .  56 
2000 ,  38 .  14 
1998 ,  38 .  72 
1999 ,  37 .  56 
1998 ,  36 .  98 
1997 ,  38 .   0 
1998 ,  37 .  71 
1998 ,  37 .  71 
1999 ,  37 .  42 
2000 ,  38 .  14 
2000 ,  37 .  42 
1999 ,  39 .  74 
1998 ,  38 .   0 
1997 ,  37 .  85 
1998 ,  38 .  14 
2001 ,  37 .  56 
1998 ,  37 .  85 
1999 ,  38 .  14 
2000 ,  38 .   0 
1998 ,  37 .  71 
2000 ,  38 .  72 
2002 ,  38 .  58 
2002 ,  38 .   0 
1998 ,  36 .  98 
2000 ,  38 .  58 
1997 ,  38 .  14 
1998 ,  38 .   0 
2002 ,  38 .   0 
1999 ,  38 .   0 
2000 ,  38 .  14 
1997 ,  38 .  14 
2000 ,  38 .  58 
2000 ,  38 .   0 
2001 ,  38 .  87 
1999 ,  38 .   0 
2002 ,  38 .  58 
2010 ,  38 .  87 
2002 ,  38 .  58 
2001 ,  38 .  14 
2003 ,  37 .  56 
2002 ,  38 .  14 
2002 ,  38 .  58 
2003 ,  38 .  14 
2001 ,  38 .  58 
2002 ,  38 .  14 
2002 ,  38 .  14 
2002 ,  38 .   0 
1998 ,  37 .  56 
1999 ,  38 .   0 
2001 ,  38 .  14 
2000 ,  37 .  71 
2000 ,  38 .   0 
2002 ,  38 .   0 
2002 ,  38 .  58 
2000 ,  38 .   0 
1996 ,  38 .  72 
1999 ,  38 .  14 
2001 ,  38 .  14 
2000 ,  36 .  98 
1998 ,  38 .  14 
2000 ,  38 .  29 
2000 ,  38 .   0 
2002 ,  38 .  87 
1999 ,  38 .  58 
2000 ,  38 .   0 
2001 ,  36 .  98 
2000 ,  38 .  43 
2000 ,  38 .   0 
2000 ,  36 .  98 
2000 ,  38 .   0 
2001 ,  37 .  71 
2002 ,  38 .  14 
2003 ,  37 .  71 
2001 ,  38 .  14 
1999 ,  38 .  14 
2000 ,  38 .  14 
2000 ,  38 .   0 
2001 ,  38 .   0 
2000 ,  36 .  98 
1999 ,  38 .  14 
2000 ,  40 .  46 
2002 ,  38 .  14 
2000 ,  36 .  98 
1999 ,  36 .  98 
2001 ,  37 .  71 
2002 ,  38 .   0 
2000 ,  38 .   0 
1996 ,  38 .  14 
2001 ,  38 .  14 
2000 ,  37 .  56 
2000 ,  36 .  84 
1997 ,  37 .  85 
1998 ,  36 .  84 
2002 ,  38 .   0 
2000 ,  36 .  84 
1999 ,  38 .   0 
1998 ,  36 .  84 
1998 ,  38 .  14 
1999 ,  36 .  55 
1999 ,  38 .   0 
2000 ,  37 .  71 
2000 ,  38 .   0 
2000 ,  36 .  98 
1997 ,  38 .  14 
2001 ,  37 .  42 
1997 ,  38 .  14 
2000 ,  36 .  98 
2001 ,  36 .  98 
1999 ,  36 .  55 
2000 ,  37 .  85 
2001 ,  37 .  71 
1998 ,  38 .  87 
2006 ,  36 .  98 
1999 ,  37 .  71 
2000 ,  38 .   0 
1998 ,  38 .  58 
2002 ,  38 .  58 
2000 ,  38 .  14 
2002 ,  37 .  42 
1999 ,  38 .  29 
2002 ,  38 .  14 
2000 ,  38 .  29 
2000 ,  38 .   0 
1999 ,  37 .  56 
1998 ,  37 .  56 
2000 ,  37 .  56 
2000 ,  36 .  98 
2000 ,  38 .  14 
2000 ,  36 .  98 
2002 ,  38 .   0 
2002 ,  37 .  56 
2002 ,  38 .  14 
2000 ,  37 .  42 
2002 ,  38 .  58 
1998 ,  38 .  14 
1997 ,  38 .   0 
2000 ,  38 .  14 
2000 ,  38 .  14 
2000 ,  37 .  71 
1998 ,  38 .   0 
2000 ,  38 .  87 
2002 ,  38 .  58 
2002 ,  38 .   0 
2000 ,  38 .   0 
1999 ,  38 .   0 
2000 ,  37 .  85 
1999 ,  38 .  14 
2003 ,  37 .  71 
1999 ,  38 .  58 
2002 ,  38 .  14 
2002 ,  38 .  87 
1998 ,  38 .  14 
2000 ,  38 .  14 
1998 ,  38 .   0 
2000 ,  37 .  71 
1998 ,  38 .   0 
2012 ,  38 .  14 
2000 ,  38 .  29 
1999 ,  38 .  58 
1998 ,  38 .  14 
1997 ,  38 .   0 
2000 ,  38 .   0 
2000 ,  38 .  14 
1998 ,  39 .  16 
2000 ,  38 .   0 
2000 ,  38 .  14 
2000 ,  38 .   0 
1998 ,  37 .  71 
1999 ,  38 .  58 
2000 ,  37 .  71 
1998 ,  38 .   0 
1997 ,  37 .  56 
2000 ,  38 .  14 
2000 ,  38 .  72 
1997 ,  38 .  14 
1996 ,  36 .  98 
1997 ,  37 .  42 
1997 ,  37 .  71 
1998 ,  38 .  58 
1999 ,  38 .  87 
1999 ,  38 .  58 
2000 ,  38 .  58 
1999 ,  38 .  72 
1998 ,  36 .  98 
1998 ,  38 .  14 
1999 ,  38 .   0 
1999 ,  38 .  58 
2001 ,  36 .  84 
2002 ,  38 .  58 
2000 ,  37 .  71 
2001 ,  37 .  56 
1999 ,  38 .   0 
1997 ,  38 .  14 
1999 ,  38 .   0 
1996 ,  36 .  98 
1998 ,  39 .  16 
1999 ,  40 .  32 
1999 ,  37 .  85 
1997 ,  39 .  16 
1998 ,  38 .  87 
1998 ,  39 .  16 
2000 ,  38 .  14 
1997 ,  38 .  58 
1997 ,  38 .  14 
1997 ,  36 .  84 
1997 ,  37 .  71 
1997 ,  38 .  14 
1999 ,  38 .  72 
2001 ,  38 .   0 
1999 ,  38 .  87 
2000 ,  37 .  56 
1998 ,  38 .  14 
2002 ,  36 .  40 
1999 ,  38 .  14 
1999 ,  36 .  98 
1996 ,  38 .   0 
1999 ,  36 .  55 
2000 ,  38 .   0 
2000 ,  36 .  98 
1997 ,  36 .  98 
2001 ,  36 .  98 
2000 ,  38 .  72 
1998 ,  37 .  42 
1995 ,  38 .  58 
1998 ,  37 .  56 
2000 ,  38 .  14 
1999 ,  36 .  98 
1996 ,  39 .   1 
1998 ,  37 .  56 
1996 ,  38 .  14 
1999 ,  37 .  71 
1999 ,  38 .  14 
1999 ,  38 .  14 
1997 ,  38 .   0 
1998 ,  38 .   0 
1999 ,  38 .  14 
1999 ,  38 .   0 
1997 ,  38 .   0 
1997 ,  38 .   0 
1996 ,  38 .  14 
1996 ,  38 .  14 
1997 ,  38 .  14 
1999 ,  38 .  14 
1997 ,  38 .  14 
1999 ,  38 .   0 
1999 ,  38 .  58 
2000 ,  38 .  14 
1999 ,  37 .  71 
1998 ,  36 .  98 
1997 ,  38 .  14 
1999 ,  37 .  42 
1996 ,  37 .  85 
2000 ,  37 .  71 
1998 ,  39 .  74 
1998 ,  38 .  14 
1998 ,  37 .  85 
2000 ,  38 .  14 
1999 ,  38 .   0 
1999 ,  38 .   0 
1996 ,  36 .  98 
2000 ,  38 .  58 
2000 ,  38 .  58 
1998 ,  38 .  29 
1998 ,  38 .  58 
1998 ,  39 .  16 
1998 ,  38 .  58 
2000 ,  38 .   0 
1989 ,  36 .  84 
1998 ,  38 .  14 
1997 ,  38 .   0 
1999 ,  38 .   0 
1999 ,  38 .  87 
2000 ,  38 .  58 
1999 ,  38 .   0 
1998 ,  37 .  42 
1996 ,  37 .  85 
2017 ,  38 .   0 
2000 ,  38 .   0 
1998 ,  38 .  58 
1998 ,  38 .  87 
1998 ,  38 .  58 
1999 ,  37 .  42 
1999 ,  37 .  56 
1998 ,  38 .  72 
1999 ,  38 .  14 
1998 ,  37 .  56 
1999 ,  38 .   0 
1996 ,  38 .  14 
1997 ,  38 .  14 
1997 ,  38 .   0 
1997 ,  38 .   0 
1996 ,  38 .  58 
1998 ,  38 .   0 
1998 ,  37 .  56 
1998 ,  38 .  14 
1998 ,  37 .  71 
1998 ,  38 .  72 
1998 ,  38 .  58 
1998 ,  38 .  14 
1995 ,  38 .  14 
1996 ,  37 .  56 
1998 ,  36 .  98 
1997 ,  38 .   0 
1997 ,  36 .  98 
1998 ,  38 .  14 
1999 ,  36 .  84 
1997 ,  38 .   0 
1996 ,  37 .  71 
1997 ,  38 .   0 
1998 ,  36 .  26 
1998 ,  36 .  98 
1997 ,  37 .  71 
1996 ,  38 .  14 
1998 ,  36 .  98 
1998 ,  36 .  98 
1995 ,  38 .  14 
1996 ,  38 .   0 
1997 ,  37 .  42 
1997 ,  37 .  71 
1994 ,  38 .  58 
1998 ,  38 .  29 
1998 ,  38 .   0 
2000 ,  38 .   0 
1993 ,  38 .  14 
1996 ,  36 .  98 
1996 ,  35 .  82 
1998 ,  38 .  14 
1995 ,  38 .   0 
1998 ,  38 .  72 
1998 ,  36 .  40 
1996 ,  36 .  26 
1996 ,  36 .  84 
1998 ,  36 .  98 
1999 ,  36 .  26 
1998 ,  36 .  98 
1995 ,  38 .   0 
1997 ,  36 .  98 
1998 ,  35 .  24 
1998 ,  36 .  98 
1998 ,  38 .   0 
1998 ,  36 .  84 
1996 ,  36 .  98 
1997 ,  36 .  98 
1996 ,  39 .  30 
1998 ,  36 .  98 
1996 ,  36 .  69 
1993 ,  39 .  88 
1998 ,  36 .  98 
1996 ,  37 .  71 
1996 ,  36 .  98 
1996 ,  38 .   0 
1995 ,  38 .  72 
1996 ,  38 .   0 
1997 ,  37 .  42 
1996 ,  36 .  98 
1995 ,  37 .  71 
1998 ,  38 .   0 
1994 ,  38 .   0 
1996 ,  38 .   0 
1996 ,  36 .  98 
1998 ,  38 .  14 
1996 ,  37 .  71 
1996 ,  36 .  98 
1993 ,  36 .  98 
1996 ,  38 .   0 
1994 ,  37 .  42 
1996 ,  37 .  56 
1995 ,  38 .  72 
1997 ,  38 .   0 
1995 ,  37 .  56 
1991 ,  39 .  16 
1994 ,  38 .   0 
1996 ,  37 .  71 
1995 ,  37 .  85 
1996 ,  38 .  58 
1994 ,  38 .  58 
1998 ,  36 .  98 
1996 ,  37 .  56 
1995 ,  37 .  71 
1997 ,  37 .  71 
1998 ,  38 .  14 
1998 ,  38 .  58 
1994 ,  38 .  14 
1996 ,  38 .  87 
1996 ,  38 .  58 
1998 ,  38 .  14 
1996 ,  38 .   0 
1997 ,  38 .  43 
1996 ,  38 .  58 
1993 ,  38 .   0 
1995 ,  38 .  14 
1995 ,  38 .   0 
1996 ,  39 .  16 
1998 ,  38 .  14 
1998 ,  38 .  58 
1994 ,  38 .  58 
2024 ,  38 .  58 
2003 ,  38 .  58 
1994 ,  38 .  58 
1998 ,  38 .  72 
1998 ,  38 .   0 
1996 ,  36 .  55 
1997 ,  38 .  14 
1995 ,  37 .  85 
1997 ,  38 .  43 
1997 ,  38 .   0 
1998 ,  39 .   1 
1998 ,  38 .   0 
1996 ,  38 .  14 
1995 ,  38 .  14 
1997 ,  38 .  58 
1996 ,  38 .   0 
1997 ,  38 .   0 
1995 ,  38 .  14 
1996 ,  36 .  84 
1996 ,  38 .   0 
1996 ,  38 .  87 
1998 ,  38 .  58 
1998 ,  37 .  56 
1997 ,  38 .  72 
1998 ,  38 .  72 
1998 ,  39 .  16 
1996 ,  38 .   0 
1997 ,  37 .  85 
1997 ,  38 .  14 
1998 ,  38 .   0 
1998 ,  38 .  58 
1998 ,  36 .  98 
1998 ,  38 .  14 
1997 ,  38 .  14 
1997 ,  38 .   0 
1998 ,  38 .  14 
1997 ,  38 .  58 
1998 ,  37 .  71 
1997 ,  37 .  71 
1999 ,  38 .  14 
1999 ,  38 .   0 
1999 ,  38 .  14 
1998 ,  38 .  58 
1997 ,  38 .  58 
1998 ,  37 .  56 
2000 ,  39 .  88 
1998 ,  37 .  85 
1997 ,  37 .  71 
1998 ,  36 .  84 
1998 ,  38 .  14 
1998 ,  38 .  14 
1998 ,  38 .  58 
1996 ,  38 .  72 
1998 ,  36 .  98 
1998 ,  36 .  69 
1996 ,  38 .   0 
1998 ,  36 .  84 
1999 ,  36 .  84 
1998 ,  36 .  40 
1998 ,  36 .  84 
1996 ,  36 .  84 
1998 ,  36 .  55 
1998 ,  36 .  98 
1999 ,  39 .  16 
2002 ,  37 .  56 
2001 ,  36 .  98 
1999 ,  36 .  98 
1996 ,  38 .   0 
2000 ,  36 .  98 
1999 ,  36 .  84 
2000 ,  36 .  84 
1999 ,  37 .  42 
1999 ,  38 .  58 
1998 ,  35 .  39 
2002 ,  38 .  14 
1998 ,  38 .  58 
2002 ,  38 .  14 
2000 ,  36 .  98 
1999 ,  38 .  14 
1999 ,  38 .  14 
2000 ,  36 .  98 
2000 ,  36 .  98 
1999 ,  38 .  14 
1998 ,  38 .  58 
2000 ,  37 .  56 
2000 ,  38 .   0 
1997 ,  38 .  14 
2000 ,  38 .  14 
2000 ,  38 .   0 
2000 ,  36 .  84 
2000 ,  36 .  98 
1998 ,  37 .  56 
1999 ,  36 .  98 
1998 ,  37 .  56 
2000 ,  37 .  56 
1999 ,  38 .  14 
2000 ,  37 .  85 
2000 ,  37 .  42 
1997 ,  37 .  42 
2001 ,  36 .  98 
2000 ,  37 .  56 
2001 ,  38 .  14 
2000 ,  38 .   0 
1999 ,  37 .  71 
2001 ,  38 .  14 
2001 ,  37 .  71 
2001 ,  38 .  14 
1999 ,  38 .  14 
1999 ,  38 .  14 
2001 ,  38 .  14 
1998 ,  38 .   0 
2000 ,  38 .   0 
1996 ,  38 .  14 
2000 ,  38 .  72 
2001 ,  38 .  14 
2002 ,  38 .  72 
2000 ,  38 .  14 
2000 ,  38 .  14 
1999 ,  38 .  14 
2000 ,  38 .  58 
1988 ,  37 .  56 
1996 ,  38 .  58 
2002 ,  38 .  14 
1998 ,  38 .  58 
2001 ,  39 .  45 
2000 ,  38 .  58 
1999 ,  38 .   0 
1997 ,  37 .  42 
2000 ,  37 .  42 
2000 ,  36 .  98 
1997 ,  38 .  14 
1997 ,  38 .   0 
1998 ,  38 .  14 
1998 ,  38 .  14 
1998 ,  38 .   0 
1997 ,  37 .  56 
1998 ,  38 .   0 
1996 ,  38 .  14 
1997 ,  38 .  14 
2000 ,  38 .  14 
1996 ,  38 .  14 
1997 ,  39 .  74 
1997 ,  38 .  58 
1997 ,  38 .  14 
1997 ,  38 .  14 
1998 ,  38 .  14 
1997 ,  38 .   0 
1997 ,  37 .  42 
1999 ,  38 .  14 
1997 ,  38 .   0 
1999 ,  38 .  14 
1997 ,  36 .  98 
2000 ,  38 .  58 
1999 ,  38 .  72 
1996 ,  39 .  74 
1999 ,  38 .  58 
1998 ,  38 .   0 
1998 ,  38 .  14 
2000 ,  37 .  56 
1999 ,  36 .  98 
2001 ,  39 .  16 
2002 ,  38 .  29 
2003 ,  39 .  16 
2002 ,  38 .  72 
2004 ,  38 .  14 
2004 ,  40 .  90 
2002 ,  38 .  72 
2003 ,  38 .  58 
2003 ,  36 .  55 
2000 ,  38 .  14 
2001 ,  38 .  58 
1997 ,  38 .  58 
2003 ,  38 .  87 
2001 ,  36 .  55 
2000 ,  36 .  84 
1998 ,  38 .  14 
2001 ,  37 .  42 
2000 ,  36 .  98 
2002 ,  36 .  84 
1998 ,  37 .  71 
2001 ,  39 .  16 
2000 ,  36 .  98 
2002 ,  36 .  98 
2000 ,  36 .  84 
1999 ,  37 .  56 
2001 ,  38 .  72 
1998 ,  38 .   0 
2002 ,  38 .  14 
2002 ,  36 .  98 
2000 ,  37 .  71 
2001 ,  37 .  56 
2003 ,  38 .  72 
2002 ,  37 .  71 
2003 ,  38 .   0 
2004 ,  38 .  58 
2002 ,  38 .  87 
2006 ,  38 .   0 
2007 ,  38 .  14 
2009 ,  38 .   0 
2010 ,  38 .  14 
2013 ,  38 .  14 
2013 ,  38 .  14 
2019 ,  38 .  14 
2019 ,  37 .  56 
2021 ,  38 .   0 
2025 ,  39 .  16 
2030 ,  38 .  29 
2031 ,  37 .  71 
2035 ,  38 .   0 
2037 ,  38 .  87 
2039 ,  38 .  72 
2041 ,  39 .  88 
2048 ,  38 .  87 
2051 ,  38 .  87 
2053 ,  39 .  30 
2054 ,  39 .  74 
2060 ,  39 .  16 
2067 ,  39 .  30 
2074 ,  39 .  74 
2081 ,  39 .  30 
2089 ,  40 .  32 
2095 ,  39 .  74 
2102 ,  40 .  46 
2102 ,  39 .  74 
2109 ,  39 .  45 
2112 ,  40 .  46 
2115 ,  40 .  32 
2122 ,  40 .  46 
2130 ,  40 .  90 
2137 ,  41 .  19 
2148 ,  40 .  46 
2158 ,  40 .  90 
2155 ,  41 .  48 
2153 ,  41 .  62 
2156 ,  42 .  20 
2155 ,  41 .  48 
2162 ,  41 .   4 
2176 ,  41 .  48 
2190 ,  42 .   6 
2193 ,  42 .  35 
2193 ,  42 .  20 
2182 ,  42 .   6 
2173 ,  42 .  35 
2166 ,  41 .  62 
2166 ,  41 .  62 
2159 ,  41 .  62 
2157 ,  41 .  62 
2154 ,  43 .  22 
2156 ,  41 .   4 
2150 ,  41 .  19 
2148 ,  41 .   4 
2143 ,  41 .  48 
2144 ,  41 .  62 
2145 ,  40 .  90 
2147 ,  41 .  19 
2147 ,  41 .  48 
2160 ,  41 .   4 
2185 ,  41 .  48 
2208 ,  41 .  48 
2224 ,  42 .  64 
2246 ,  43 .  51 
2264 ,  42 .  78 
2284 ,  43 .  80 
2290 ,  43 .  94 
2285 ,  44 .   9 
2275 ,  44 .  67 
2274 ,  44 .  38 
2274 ,  42 .  93 
2288 ,  44 .  38 
2296 ,  44 .  52 
2301 ,  44 .  38 
2305 ,  44 .   9 
2319 ,  44 .  38 
2333 ,  44 .  67 
2345 ,  44 .  52 
2346 ,  44 .  96 
2354 ,  46 .  26 
2356 ,  45 .  54 
2360 ,  45 .  10 
2359 ,  45 .  54 
2355 ,  45 .  68 
2348 ,  46 .  12 
2343 ,  45 .  54 
2337 ,  45 .  68 
2334 ,  45 .  68 
2330 ,  46 .  99 
2325 ,  45 .  83 
2328 ,  44 .  67 
2339 ,  43 .  22 
2347 ,  45 .  54 
2351 ,  45 .  54 
2350 ,  45 .  83 
2345 ,  46 .  26 
2337 ,  45 .  10 
2326 ,  44 .  38 
2319 ,  44 .  67 
2320 ,  44 .  52 
2316 ,  44 .  38 
2310 ,  44 .  38 
2298 ,  44 .  67 
2295 ,  44 .   9 
2299 ,  43 .  22 
2302 ,  44 .   9 
2293 ,  44 .  38 
2282 ,  43 .  80 
2270 ,  44 .  38 
2255 ,  43 .  80 
2246 ,  43 .  22 
2244 ,  43 .  22 
2236 ,  42 .  64 
2229 ,  42 .  78 
2217 ,  43 .  36 
2205 ,  42 .  78 
2197 ,  42 .  49 
2188 ,  41 .  62 
2180 ,  42 .  35 
2174 ,  41 .  48 
2170 ,  41 .  62 
2165 ,  40 .  75 
2162 ,  42 .  20 
2156 ,  41 .  62 
2150 ,  41 .  48 
2146 ,  41 .  19 
2138 ,  41 .  19 
2132 ,  40 .  46 
2123 ,  41 .  19 
2117 ,  40 .  46 
2111 ,  40 .  46 
2105 ,  40 .   3 
2102 ,  40 .  90 
2098 ,  40 .  90 
2087 ,  40 .  46 
2089 ,  39 .  88 
2085 ,  39 .  74 
2085 ,  40 .   3 
2079 ,  39 .   1 
2082 ,  39 .  16 
2082 ,  40 .  32 
2080 ,  40 .  46 
2076 ,  40 .   3 
2076 ,  40 .  46 
2077 ,  39 .  74 
2076 ,  40 .  46 
2074 ,  38 .  58 
2075 ,  39 .  30 
2076 ,  39 .  88 
2075 ,  39 .  16 
2072 ,  40 .   3 
2074 ,  40 .   3 
2075 ,  39 .  88 
2072 ,  39 .  74 
2071 ,  40 .   3 
2076 ,  39 .  74 
2070 ,  39 .  30 
2069 ,  39 .  30 
2072 ,  38 .  14 
2072 ,  40 .  32 
2073 ,  39 .  30 
2073 ,  40 .   3 
2072 ,  40 .  32 
2082 ,  40 .  46 
2068 ,  40 .   3 
2076 ,  40 .  90 
2070 ,  41 .  19 
2071 ,  40 .   3 
2072 ,  39 .  74 
2072 ,  40 .   3 
2066 ,  41 .  62 
2072 ,  40 .  32 
2072 ,  39 .  74 
2071 ,  40 .  17 
2068 ,  39 .  74 
2069 ,  40 .  17 
2071 ,  39 .  88 
2071 ,  39 .  74 
2072 ,  39 .  88 
2072 ,  40 .   3 
2071 ,  39 .  30 
2072 ,  39 .  74 
2069 ,  39 .  16 
2071 ,  40 .  17 
2072 ,  39 .  74 
2069 ,  38 .  87 
2071 ,  39 .  30 
2071 ,  39 .  74 
2073 ,  40 .  32 
2072 ,  39 .  74 
2070 ,  39 .  74 
2070 ,  40 .   3 
2073 ,  39 .  30 
2074 ,  39 .  88 
2072 ,  38 .  72 
2071 ,  39 .  88 
2071 ,  39 .  74 
2073 ,  40 .   3 
2072 ,  38 .  58 
2073 ,  39 .  30 
2074 ,  40 .  32 
2074 ,  39 .  74 
2069 ,  38 .  87 
2072 ,  39 .  74 
2072 ,  40 .  46 
2073 ,  39 .  74 
2069 ,  39 .  30 
2074 ,  40 .  90 
2073 ,  42 .  64 
2074 ,  40 .  46 
2072 ,  40 .  46 
2072 ,  38 .  87 
2072 ,  40 .  32 
2071 ,  39 .  74 
2071 ,  39 .  16 
2071 ,  38 .  58 
2071 ,  40 .  46 
2072 ,  39 .  30 
2070 ,  39 .  74 
2074 ,  39 .  16 
2072 ,  39 .  16 
2071 ,  38 .  87 
2073 ,  38 .  14 
2074 ,  38 .  58 
2073 ,  38 .  72 
2072 ,  38 .  72 
2070 ,  40 .  32 
2072 ,  38 .  87 
2071 ,  38 .  29 
2073 ,  39 .  30 
2072 ,  38 .  87 
2072 ,  38 .  72 
2071 ,  38 .  87 
2072 ,  38 .  72 
2071 ,  39 .  30 
2069 ,  39 .  16 
2072 ,  39 .  74 
2069 ,  39 .  16 
2069 ,  40 .  32 
2073 ,  39 .  59 
2072 ,  39 .  45 
2069 ,  39 .  16 
2068 ,  39 .   1 
2069 ,  39 .  45 
2070 ,  39 .  74 
2069 ,  39 .  74 
2070 ,  38 .  87 
2069 ,  40 .  46 
2068 ,  39 .  74 
2070 ,  39 .  30 
2068 ,  38 .  14 
2070 ,  39 .  74 
2069 ,  39 .  16 
2069 ,  39 .  30 
2067 ,  40 .  32 
2071 ,  39 .  16 
2070 ,  39 .  30 
2069 ,  39 .  16 
2068 ,  38 .   0 
2070 ,  39 .  74 
2069 ,  39 .  30 
2068 ,  39 .  30 
2070 ,  39 .  16 
2069 ,  39 .  30 
2070 ,  39 .  74 
2072 ,  40 .   3 
2065 ,  39 .  74 
2067 ,  39 .  88 
2068 ,  39 .  16 
2070 ,  39 .  74 
2065 ,  39 .  16 
2069 ,  39 .  74 
2072 ,  40 .  32 
2068 ,  40 .  32 
2070 ,  40 .  46 
2065 ,  40 .  32 
2067 ,  39 .  88 
2067 ,  39 .  88 
2067 ,  39 .  30 
2068 ,  39 .  74 
2069 ,  39 .  74 
2068 ,  40 .  46 
2067 ,  41 .  19 
2063 ,  40 .   3 
2072 ,  39 .  88 
2064 ,  39 .  88 
2067 ,  40 .  46 
2069 ,  40 .  32 
2069 ,  39 .  30 
2068 ,  39 .  88 
2065 ,  39 .  74 
2072 ,  40 .   3 
2068 ,  39 .  30 
2067 ,  39 .  45 
2068 ,  39 .  74 
2068 ,  40 .  32 
2068 ,  39 .  74 
2064 ,  40 .  46 
2067 ,  39 .  16 
2067 ,  39 .  59 
2069 ,  40 .  32 
2068 ,  40 .   3 
2067 ,  39 .  16 
2068 ,  40 .  46 
2070 ,  40 .   3 
2067 ,  39 .  30 
2066 ,  39 .  16 
2068 ,  39 .  74 
2068 ,  39 .  30 
2066 ,  40 .  46 
2066 ,  39 .  30 
2065 ,  40 .   3 
2069 ,  40 .  32 
2067 ,  40 .  32 
2067 ,  40 .  32 
2070 ,  40 .   3 
2068 ,  39 .  30 
2068 ,  39 .  88 
2065 ,  40 .  32 
2069 ,  39 .  88 
2069 ,  39 .  74 
2068 ,  38 .  87 
2064 ,  39 .  30 
2068 ,  39 .  88 
2070 ,  40 .  32 
2066 ,  40 .  46 
2065 ,  39 .  30 
2065 ,  40 .  32 
2067 ,  42 .  78 
2068 ,  39 .  74 
2066 ,  40 .  32 
2066 ,  39 .  16 
2069 ,  39 .  30 
2066 ,  39 .  74 
2065 ,  39 .  88 
2067 ,  41 .  19 
2064 ,  41 .   4 
2068 ,  38 .  58 
2067 ,  38 .  72 
2067 ,  38 .  87 
2065 ,  38 .  58 
2068 ,  38 .  72 
2065 ,  39 .  30 
2068 ,  38 .  72 
2068 ,  38 .  87 
2068 ,  39 .  16 
2065 ,  39 .  30 
2068 ,  39 .  45 
2067 ,  38 .  87 
2068 ,  40 .  32 
2064 ,  40 .  46 
2069 ,  39 .  74 
2068 ,  39 .  30 
2065 ,  41 .  48 
2067 ,  40 .  32 
2070 ,  39 .  74 
2068 ,  38 .  72 
2070 ,  39 .  16 
2068 ,  39 .  30 
2067 ,  39 .  16 
2065 ,  39 .  16 
2068 ,  39 .  45 
2065 ,  40 .  17 
2065 ,  39 .  88 
2065 ,  40 .  32 
2067 ,  39 .  88 
2068 ,  39 .  74 
2066 ,  40 .  46 
2067 ,  39 .  59 
2068 ,  39 .  74 
2065 ,  38 .  14 
2065 ,  39 .  88 
2067 ,  39 .  74 
2066 ,  40 .   3 
2064 ,  38 .  72 
2067 ,  40 .  32 
2068 ,  40 .  32 
2067 ,  39 .  74 
2064 ,  40 .  32 
2065 ,  39 .  30 
2068 ,  39 .  74 
2066 ,  40 .  46 
2064 ,  39 .  30 
2066 ,  39 .  88 
2067 ,  39 .  88 
2067 ,  39 .  74 
2067 ,  39 .  16 
2067 ,  39 .  74 
2069 ,  39 .  88 
2067 ,  40 .  32 
2065 ,  40 .  46 
2068 ,  40 .  46 
2068 ,  39 .  74 
2066 ,  40 .  46 
2065 ,  39 .  30 
2066 ,  39 .  88 
2067 ,  40 .  32 
2066 ,  39 .  74 
2065 ,  41 .  19 
2067 ,  40 .   3 
2068 ,  40 .   3 
2065 ,  40 .  32 
2067 ,  39 .  30 
2067 ,  39 .  88 
2074 ,  41 .   4 
2071 ,  39 .  74 
2066 ,  40 .   3 
2069 ,  39 .  88 
2068 ,  39 .  59 
2066 ,  39 .  88 
2067 ,  39 .  74 
2068 ,  40 .   3 
2068 ,  40 .  32 
2065 ,  39 .  88 
2067 ,  40 .   3 
2067 ,  39 .  74 
2066 ,  39 .  88 
2067 ,  40 .   3 
2066 ,  40 .  90 
2068 ,  40 .  32 
2068 ,  40 .   3 
2068 ,  39 .  74 
2067 ,  39 .  16 
2067 ,  40 .  32 
2068 ,  39 .  74 
2069 ,  40 .  46 
2067 ,  40 .  46 
2069 ,  39 .  88 
2068 ,  39 .  74 
2064 ,  40 .  90 
2066 ,  39 .  88 
2068 ,  39 .  88 
2068 ,  39 .  88 
2068 ,  39 .  74 
2068 ,  40 .  32 
2065 ,  39 .  16 
2067 ,  39 .  88 
2068 ,  39 .  30 
2066 ,  39 .  74 
2066 ,  39 .  30 
2067 ,  39 .  59 
2070 ,  39 .  74 
2062 ,  39 .  88 
2067 ,  40 .  32 
2066 ,  40 .   3 
2066 ,  40 .  46 
2065 ,  39 .  16 
2067 ,  40 .   3 
2067 ,  40 .  32 
2067 ,  41 .  48 
2064 ,  39 .  74 
2065 ,  38 .  72 
2067 ,  40 .  90 
2065 ,  39 .  88 
2064 ,  40 .   3 
2065 ,  39 .  59 
2067 ,  39 .  30 
2066 ,  38 .  58 
2066 ,  39 .  88 
2068 ,  39 .  45 
2066 ,  38 .  87 
2066 ,  38 .  87 
2065 ,  38 .  72 
2067 ,  38 .  87 
2066 ,  38 .  87 
2065 ,  39 .   1 
2064 ,  40 .  46 
2067 ,  39 .  16 
2067 ,  39 .   1 
2064 ,  38 .  58 
2065 ,  39 .  16 
2063 ,  39 .  30 
2066 ,  38 .  58 
2067 ,  38 .  58 
2065 ,  40 .  46 
2066 ,  39 .  30 
2065 ,  39 .  30 
2067 ,  39 .  74 
2063 ,  40 .   3 
2066 ,  39 .  16 
2066 ,  39 .  74 
2066 ,  39 .  16 
2066 ,  39 .  30 
2067 ,  39 .  88 
2066 ,  39 .  74 
2065 ,  39 .  30 
2063 ,  39 .  74 
2066 ,  39 .  88 
2066 ,  39 .  30 
2066 ,  39 .  74 
2065 ,  40 .  32 
2067 ,  39 .  74 
2064 ,  41 .  19 
2064 ,  39 .  30 
2066 ,  40 .   3 
2067 ,  38 .  87 
2066 ,  38 .  87 
2066 ,  40 .  90 
2063 ,  40 .   3 
2066 ,  38 .  72 
2068 ,  40 .  90 
2066 ,  40 .  32 
2067 ,  39 .  16 
2068 ,  39 .  59 
2067 ,  39 .  30 
2066 ,  40 .  17 
2060 ,  39 .  16 
2064 ,  39 .  88 
2065 ,  39 .  74 
2067 ,  40 .  46 
2064 ,  39 .   1 
2067 ,  39 .  74 
2064 ,  40 .  46 
2067 ,  40 .  32 
2061 ,  39 .  16 
2060 ,  39 .  88 
2064 ,  39 .  74 
2065 ,  39 .  88 
2064 ,  39 .  16 
2065 ,  39 .  30 
2064 ,  39 .  88 
2066 ,  40 .  32 
2063 ,  39 .  74 
2063 ,  40 .  32 
2077 ,  39 .  16 
2065 ,  39 .  30 
2062 ,  39 .  88 
2066 ,  39 .  74 
2066 ,  40 .   3 
2065 ,  39 .  88 
2061 ,  40 .  32 
2065 ,  39 .  74 
2066 ,  40 .  90 
2065 ,  40 .  32 
2059 ,  40 .  32 
2064 ,  40 .   3 
2065 ,  39 .  74 
2066 ,  40 .  46 
2062 ,  40 .  46 
2064 ,  39 .  88 
2065 ,  39 .  74 
2065 ,  39 .  88 
2061 ,  40 .   3 
2064 ,  39 .  74 
2063 ,  40 .  46 
2064 ,  39 .  74 
2062 ,  39 .  74 
2065 ,  41 .  33 
2065 ,  39 .  88 
2066 ,  40 .   3 
2063 ,  40 .  32 
2066 ,  40 .  90 
2066 ,  39 .  30 
2064 ,  38 .  58 
2064 ,  39 .  88 
2066 ,  39 .  88 
2066 ,  39 .  88 
2066 ,  40 .  32 
2062 ,  40 .  90 
2066 ,  40 .  32 
2066 ,  41 .   4 
2066 ,  39 .  88 
2066 ,  39 .  88 
2066 ,  39 .  88 
2064 ,  40 .  32 
2066 ,  39 .  88 
2063 ,  39 .  45 
2065 ,  40 .  46 
2061 ,  40 .  46 
2066 ,  40 .  61 
2063 ,  39 .  74 
2065 ,  38 .  14 
2062 ,  40 .  90 
2065 ,  40 .   3 
2063 ,  40 .  32 
2064 ,  38 .   0 
2066 ,  41 .   4 
2063 ,  39 .  45 
2064 ,  39 .  16 
2064 ,  38 .  14 
2064 ,  37 .  71 
2066 ,  40 .  46 
2065 ,  38 .  58 
2064 ,  39 .  16 
2064 ,  39 .  45 
2066 ,  39 .  74 
2062 ,  39 .  88 
2066 ,  39 .  16 
2066 ,  39 .  45 
2065 ,  40 .  32 
2064 ,  39 .  59 
2065 ,  39 .  16 
2068 ,  39 .  45 
2064 ,  40 .  32 
2064 ,  41 .  48 
2065 ,  39 .  30 
2067 ,  39 .  74 
2064 ,  39 .  30 
2064 ,  40 .  32 
2067 ,  39 .  16 
2066 ,  39 .  30 
2065 ,  39 .  30 
2068 ,  40 .  32 
2066 ,  39 .  74 
2065 ,  39 .  30 
2064 ,  40 .  17 
2066 ,  41 .  62 
2064 ,  39 .  88 
2064 ,  39 .  30 
2068 ,  40 .  46 
2062 ,  40 .   3 
2065 ,  39 .  74 
2066 ,  40 .   3 
2062 ,  40 .  17 
2063 ,  41 .  48 
2067 ,  40 .   3 
2065 ,  40 .  46 
2062 ,  40 .  46 
2065 ,  38 .  72 
2066 ,  39 .  74 
2064 ,  39 .  88 
2065 ,  40 .  32 
2064 ,  39 .  30 
2067 ,  39 .  74 
2066 ,  39 .  74 
2065 ,  39 .  88 
2064 ,  39 .  30 
2068 ,  39 .  88 
2066 ,  39 .  45 
2067 ,  40 .  32 
2062 ,  40 .   3 
2064 ,  40 .   3 
2066 ,  40 .   3 
2065 ,  40 .  17 
2065 ,  39 .  74 
2062 ,  39 .  74 
2069 ,  40 .   3 
2063 ,  40 .   3 
2061 ,  39 .  74 
2065 ,  40 .  32 
2067 ,  39 .  74 
2066 ,  39 .  30 
2061 ,  40 .   3 
2056 ,  42 .  35 
2065 ,  39 .  30 
2065 ,  40 .  32 
2064 ,  40 .  46 
2065 ,  40 .  32 
2066 ,  40 .  17 
2065 ,  39 .  88 
2063 ,  39 .  30 
2067 ,  40 .  46 
2064 ,  39 .  30 
2066 ,  40 .  32 
2065 ,  40 .  32 
2066 ,  39 .  74 
2065 ,  39 .  16 
2062 ,  40 .  32 
2061 ,  40 .  17 
2067 ,  39 .  74 
2064 ,  40 .   3 
2062 ,  40 .  46 
2066 ,  40 .  61 
2064 ,  40 .   3 
2064 ,  39 .  16 
2064 ,  39 .  88 
2063 ,  39 .  16 
2066 ,  40 .  17 
2065 ,  40 .  32 
2064 ,  39 .  88 
2063 ,  39 .  74 
2070 ,  39 .  74 
2065 ,  40 .  46 
2065 ,  39 .  45 
2066 ,  39 .  16 
2065 ,  39 .  30 
2065 ,  39 .  74 
2063 ,  40 .   3 
2064 ,  36 .  98 
2067 ,  39 .  30 
2066 ,  39 .  88 
2066 ,  39 .  74 
2064 ,  39 .  30 
2066 ,  39 .  74 
2066 ,  40 .  46 
2065 ,  40 .   3 
2064 ,  39 .  45 
2065 ,  40 .  46 
2065 ,  39 .  74 
2067 ,  40 .   3 
2062 ,  39 .  88 
2068 ,  37 .  56 
2065 ,  38 .  14 
2064 ,  39 .  30 
2063 ,  39 .  88 
2064 ,  39 .  88 
2065 ,  40 .  46 
2066 ,  40 .  32 
2066 ,  38 .  58 
2064 ,  39 .  30 
2064 ,  38 .  58 
2064 ,  40 .   3 
2064 ,  39 .  74 
2066 ,  39 .  16 
2066 ,  38 .  72 
2065 ,  39 .  74 
2066 ,  40 .  46 
2065 ,  38 .  87 
2063 ,  39 .  30 
2066 ,  40 .  46 
2065 ,  39 .  30 
2066 ,  39 .  16 
2066 ,  39 .  16 
2065 ,  40 .  46 
2066 ,  38 .  87 
2066 ,  38 .  72 
2065 ,  39 .  30 
2066 ,  39 .  88 
2065 ,  40 .  32 
2069 ,  39 .  16 
2066 ,  39 .  45 
2065 ,  39 .  74 
2065 ,  39 .  30 
2067 ,  40 .   3 
2065 ,  39 .  30 
2066 ,  39 .  74 
2068 ,  40 .  61 
2065 ,  39 .  30 
2065 ,  39 .  74 
2065 ,  40 .   3 
2064 ,  39 .  74 
2067 ,  39 .  16 
2068 ,  38 .  87 
2065 ,  40 .   3 
2066 ,  39 .  16 
2066 ,  40 .  46 
2066 ,  39 .  16 
2065 ,  39 .  88 
2065 ,  39 .  74 
2064 ,  40 .  32 
2066 ,  39 .  30 
2064 ,  39 .  88 
2067 ,  39 .  30 
2066 ,  39 .  88 
2064 ,  40 .  32 
2063 ,  40 .  32 
2064 ,  41 .  48 
2064 ,  39 .  30 
2064 ,  39 .  16 
2066 ,  39 .  74 
2064 ,  41 .  19 
2069 ,  40 .  32 
2066 ,  39 .  88 
2066 ,  40 .   3 
2066 ,  39 .  16 
2061 ,  39 .  74 
2062 ,  40 .   3 
2067 ,  40 .  32 
2064 ,  39 .  16 
2065 ,  39 .  16 
2066 ,  39 .  30 
2064 ,  39 .  74 
2064 ,  38 .  58 
2066 ,  39 .  74 
2070 ,  40 .  32 
2068 ,  40 .  32 
2063 ,  38 .  87 
2065 ,  40 .  32 
2065 ,  40 .  32 
2065 ,  40 .  32 
2065 ,  39 .  74 
2065 ,  40 .  32 
2065 ,  39 .  30 
2068 ,  40 .   3 
2064 ,  40 .  32 
2067 ,  39 .  30 
2067 ,  39 .  74 
2064 ,  39 .  74 
2065 ,  39 .  16 
2066 ,  39 .  45 
2065 ,  38 .  87 
2068 ,  39 .  88 
2066 ,  39 .  30 
2067 ,  39 .  74 
2067 ,  39 .  30 
2065 ,  39 .  30 
2066 ,  39 .  74 
2068 ,  39 .  30 
2067 ,  39 .  88 
2067 ,  39 .  88 
2066 ,  39 .  88 
2067 ,  39 .  88 
2067 ,  39 .  74 
2067 ,  40 .   3 
2064 ,  39 .  16 
2070 ,  39 .  88 
2068 ,  40 .  32 
2070 ,  39 .  88 
2067 ,  40 .  32 
2068 ,  39 .  74 
2068 ,  40 .  90 
2067 ,  39 .  30 
2066 ,  40 .  32 
2068 ,  39 .  74 
2069 ,  39 .  74 
2067 ,  40 .  32 
2065 ,  38 .  72 
2068 ,  39 .  30 
2069 ,  39 .  16 
2069 ,  39 .  88 
2066 ,  39 .  88 
2065 ,  38 .  72 
2067 ,  39 .  74 
2068 ,  39 .  16 
2064 ,  39 .  88 
2068 ,  39 .  88 
2068 ,  38 .  58 
2070 ,  39 .  74 
2066 ,  39 .  74 
2068 ,  38 .  72 
2068 ,  39 .   1 
2066 ,  40 .  32 
2064 ,  40 .  46 
2070 ,  38 .  87 
2068 ,  40 .  32 
2068 ,  39 .  30 
2063 ,  40 .  32 
2069 ,  38 .  87 
2069 ,  38 .  72 
2067 ,  40 .  32 
2065 ,  39 .  74 
2066 ,  39 .   1 
2070 ,  38 .  58 
2066 ,  39 .  30 
2066 ,  40 .  61 
2068 ,  39 .  16 
2067 ,  39 .  30 
2065 ,  39 .  88 
2065 ,  40 .  32 
2065 ,  39 .  30 
2067 ,  39 .  30 
2066 ,  38 .  72 
2070 ,  39 .  74 
2069 ,  39 .  16 
2065 ,  39 .  16 
2061 ,  39 .  16 
2063 ,  39 .  74 
2064 ,  39 .  16 
2066 ,  39 .  30 
2060 ,  39 .  88 
2067 ,  39 .  74 
2065 ,  39 .  30 
2066 ,  38 .  72 
2067 ,  40 .  32 
2064 ,  39 .  16 
2067 ,  38 .  87 
2066 ,  39 .  30 
2069 ,  39 .  74 
2064 ,  38 .  29 
2067 ,  39 .  88 
2064 ,  39 .  30 
2068 ,  40 .  32 
2064 ,  40 .  46 
2064 ,  39 .   1 
2067 ,  39 .  74 
2067 ,  40 .   3 
2064 ,  38 .  14 
2067 ,  39 .  74 
2067 ,  40 .   3 
2066 ,  39 .  74 
2065 ,  39 .  30 
2067 ,  39 .  74 
2066 ,  39 .  30 
2065 ,  38 .  72 
2066 ,  39 .  88 
2068 ,  40 .  32 
2062 ,  38 .  58 
2065 ,  40 .  32 
2067 ,  39 .  30 
2064 ,  39 .  74 
2066 ,  39 .  30 
2066 ,  39 .  30 
2066 ,  39 .  88 
2062 ,  39 .  16 
2078 ,  39 .  30 
2068 ,  39 .  30 
2066 ,  39 .  45 
2069 ,  39 .  74 
2069 ,  39 .  16 
2069 ,  38 .  58 
2064 ,  39 .  30 
2066 ,  39 .  88 
2066 ,  38 .  58 
2068 ,  40 .  32 
2066 ,  40 .   3 
2067 ,  39 .  30 
2069 ,  40 .  46 
2065 ,  39 .  88 
2065 ,  40 .   3 
2066 ,  39 .  30 
2067 ,  39 .  74 
2065 ,  39 .  30 
2066 ,  40 .  32 
2066 ,  39 .  74 
2068 ,  38 .  87 
2066 ,  39 .  30 
2066 ,  39 .  88 
2067 ,  39 .  74 
2067 ,  40 .  32 
2067 ,  38 .  14 
2067 ,  39 .  16 
2067 ,  39 .  88 
2070 ,  39 .  74 
2065 ,  38 .  58 
2068 ,  40 .  32 
2066 ,  39 .  30 
2070 ,  38 .  87 
2069 ,  37 .  71 
2067 ,  39 .  59 
2072 ,  39 .  74 
2071 ,  39 .  30 
2072 ,  39 .  30 
2072 ,  41 .  19 
2073 ,  39 .  74 
2072 ,  39 .  74 
2073 ,  39 .  88 
2071 ,  40 .   3 
2072 ,  39 .  74 
2072 ,  40 .  90 
2070 ,  39 .  16 
2067 ,  39 .  74 
2070 ,  38 .  14 
2069 ,  38 .  58 
2068 ,  37 .  71 
2066 ,  40 .  46 
2066 ,  40 .   3 
2068 ,  38 .  58 
2068 ,  38 .  87 
2067 ,  39 .  74 
2066 ,  38 .   0 
2068 ,  38 .  58 
2068 ,  36 .  98 
2067 ,  40 .   3 
2063 ,  38 .  72 
2068 ,  39 .  16 
2066 ,  38 .  14 
2068 ,  38 .  87 
2066 ,  39 .  74 
2068 ,  36 .  98 
2068 ,  38 .  87 
2066 ,  39 .  30 
2069 ,  38 .  72 
2069 ,  39 .  16 
2068 ,  39 .   1 
2066 ,  41 .   4 
2067 ,  39 .  16 
2070 ,  38 .  58 
2067 ,  39 .  16 
2065 ,  39 .  88 
2067 ,  39 .  30 
2068 ,  39 .  88 
2068 ,  38 .  72 
2065 ,  38 .  14 
2065 ,  39 .  30 
2070 ,  39 .  30 
2066 ,  39 .  88 
2065 ,  39 .  88 
2066 ,  39 .  74 
2068 ,  39 .  88 
2067 ,  39 .  16 
2064 ,  39 .  74 
2065 ,  39 .  30 
2068 ,  38 .  72 
2068 ,  39 .  16 
2066 ,  38 .  14 
2070 ,  40 .  32 
2070 ,  39 .  45 
2067 ,  39 .  30 
2067 ,  39 .  16 
2070 ,  39 .  45 
2067 ,  38 .  58 
2067 ,  39 .  74 
2070 ,  38 .   0 
2069 ,  39 .  16 
2067 ,  39 .  30 
2070 ,  39 .  74 
2067 ,  38 .  87 
2069 ,  39 .  30 
2068 ,  39 .  74 
2069 ,  41 .  62 
2067 ,  39 .  88 
2067 ,  39 .  30 
2070 ,  39 .  30 
2069 ,  39 .  74 
2067 ,  40 .  46 
2073 ,  40 .  46 
2068 ,  39 .  74 
2070 ,  40 .  32 
2068 ,  39 .   1 
2068 ,  39 .  30 
2072 ,  39 .  74 
2069 ,  39 .  45 
2069 ,  40 .  32 
2069 ,  40 .  46 
2072 ,  40 .   3 
2075 ,  39 .  74 
2068 ,  40 .  46 
2071 ,  39 .   1 
2069 ,  39 .  74 
2067 ,  40 .  32 
2070 ,  40 .   3 
2071 ,  39 .  30 
2070 ,  39 .  88 
2072 ,  39 .  74 
2071 ,  40 .   3 
2068 ,  39 .  30 
2068 ,  40 .   3 
2067 ,  39 .  30 
2068 ,  39 .  88 
2070 ,  39 .  74 
2068 ,  39 .  74 
2067 ,  39 .  88 
2068 ,  39 .  30 
2068 ,  40 .  32 
2072 ,  39 .  30 
2069 ,  39 .  30 
2072 ,  39 .  74 
2070 ,  39 .  74 
2069 ,  39 .  30 
2070 ,  40 .  46 
2070 ,  39 .  88 
2071 ,  39 .  88 
2069 ,  39 .  74 
2072 ,  39 .  74 
2068 ,  39 .  30 
2068 ,  40 .  46 
2072 ,  40 .   3 
2069 ,  40 .   3 
2070 ,  39 .  74 
2069 ,  38 .  87 
2073 ,  39 .  59 
2071 ,  40 .  32 
2070 ,  40 .  32 
2065 ,  39 .  74 
2071 ,  39 .  16 
2069 ,  36 .  98 
2071 ,  39 .  30 
2070 ,  39 .  16 
2070 ,  39 .  74 
2069 ,  43 .  22 
2069 ,  41 .   4 
2070 ,  38 .  72 
2072 ,  39 .  74 
2069 ,  39 .   1 
2068 ,  40 .  90 
2067 ,  39 .  30 
2062 ,  40 .  32 
2068 ,  39 .   1 
2070 ,  39 .  74 
2071 ,  39 .  16 
2069 ,  39 .  16 
2069 ,  38 .  14 
2068 ,  40 .  32 
2070 ,  39 .  30 
2063 ,  38 .  14 
2067 ,  40 .  90 
2067 ,  40 .  46 
2071 ,  38 .  14 
2070 ,  39 .  45 
2071 ,  38 .  87 
2069 ,  39 .  30 
2070 ,  39 .  74 
2067 ,  38 .  87 
2067 ,  38 .  14 
2070 ,  39 .  88 
2070 ,  38 .  72 
2071 ,  38 .  87 
2069 ,  38 .  87 
2066 ,  40 .   3 
2067 ,  39 .  30 
2069 ,  38 .  72 
2070 ,  38 .  14 
2070 ,  40 .   3 
2069 ,  39 .  74 
2070 ,  39 .  74 
2068 ,  39 .   1 
2068 ,  41 .  48 
2068 ,  39 .  30 
2069 ,  39 .  30 
2072 ,  40 .   3 
2069 ,  39 .  74 
2068 ,  39 .  16 
2068 ,  39 .  30 
2065 ,  38 .   0 
2070 ,  38 .  87 
2071 ,  39 .  74 
2071 ,  39 .  30 
2068 ,  39 .  16 
2068 ,  38 .  72 
2068 ,  40 .   3 
2069 ,  39 .  16 
2071 ,  38 .  72 
2067 ,  39 .   1 
2069 ,  39 .  16 
2066 ,  39 .  74 
2068 ,  39 .  74 
2066 ,  39 .   1 
2070 ,  40 .  32 
2072 ,  39 .  74 
2068 ,  39 .  30 
2067 ,  39 .  88 
2070 ,  39 .  88 
2070 ,  38 .  14 
2069 ,  40 .   3 
2072 ,  37 .  71 
2072 ,  39 .  88 
2065 ,  39 .  88 
2070 ,  40 .  46 
2069 ,  39 .  16 
2069 ,  39 .  30 
2070 ,  40 .  32 
2068 ,  39 .  74 
2071 ,  38 .  14 
2069 ,  39 .  74 
2082 ,  40 .   3 
2074 ,  40 .   3 
2066 ,  39 .  88 
2073 ,  39 .  88 
2072 ,  40 .  32 
2070 ,  40 .  32 
2070 ,  39 .  88 
2070 ,  38 .  72 
2070 ,  40 .  32 
2069 ,  39 .  30 
2068 ,  40 .   3 
2070 ,  40 .  46 
2068 ,  39 .  88 
2068 ,  40 .  17 
2070 ,  39 .  45 
2069 ,  39 .  30 
2070 ,  39 .  74 
2070 ,  39 .  30 
2065 ,  39 .  30 
2068 ,  40 .  32 
2068 ,  39 .  88 
2072 ,  40 .  32 
2070 ,  38 .  58 
206