 ,  54 .  39 
1417 ,  56 .  71 
1403 ,  54 .  97 
1374 ,  55 .  55 
1346 ,  55 .  40 
1320 ,  56 .  42 
1284 ,  55 .  98 
1240 ,  55 .  40 
1211 ,  54 .  97 
1204 ,  54 .  97 
1198 ,  55 .  55 
1195 ,  55 .  55 
1189 ,  55 .  55 
1202 ,  55 .  98 
1231 ,  55 .  55 
1279 ,  56 .  42 
1347 ,  55 .  55 
1423 ,  54 .  97 
1497 ,  55 .  55 
1564 ,  55 .  98 
1629 ,  56 .  71 
1694 ,  55 .  55 
1747 ,  53 .  52 
1785 ,  55 .  40 
1825 ,  55 .  26 
1862 ,  54 .  97 
1880 ,  55 .  55 
1878 ,  55 .  40 
1866 ,  55 .  55 
1866 ,  56 .  42 
1854 ,  55 .  98 
1820 ,  54 .  82 
1769 ,  55 .  55 
1708 ,  54 .  97 
1638 ,  55 .  98 
1578 ,  55 .  55 
1541 ,  54 .  97 
1534 ,  55 .  55 
1540 ,  55 .  55 
1558 ,  55 .  55 
1592 ,  54 .  97 
1645 ,  55 .  55 
1704 ,  53 .  81 
1756 ,  55 .  55 
1808 ,  56 .  71 
1863 ,  55 .  55 
1917 ,  55 .  98 
1958 ,  53 .  95 
2003 ,  55 .  98 
2040 ,  57 .  14 
2072 ,  56 .  13 
2091 ,  55 .  55 
2110 ,  55 .  40 
2125 ,  55 .  40 
2137 ,  55 .  55 
2150 ,  55 .  55 
2155 ,  55 .  55 
2162 ,  55 .  98 
2170 ,  56 .  13 
2176 ,  54 .  39 
2181 ,  56 .  13 
2190 ,  56 .  27 
2187 ,  55 .  55 
2238 ,  55 .  55 
2316 ,  54 .  82 
2352 ,  54 .  97 
2349 ,  55 .  55 
2314 ,  55 .  55 
2259 ,  56 .  42 
2189 ,  54 .  39 
2096 ,  55 .  98 
1988 ,  53 .  95 
1882 ,  55 .  55 
1790 ,  55 .  26 
1710 ,  55 .  98 
1634 ,  55 .  40 
1568 ,  55 .  98 
1507 ,  55 .  26 
1444 ,  53 .  81 
1379 ,  55 .  26 
1322 ,  55 .  84 
1272 ,  55 .  98 
1224 ,  55 .  55 
1178 ,  56 .  56 
1141 ,  55 .  26 
1118 ,  56 .  13 
1089 ,  54 .  97 
1062 ,  56 .  71 
1037 ,  55 .  26 
1021 ,  54 .  24 
1003 ,  56 .  13 
 974 ,  54 .  97 
 961 ,  54 .  97 
 959 ,  54 .  39 
 952 ,  55 .  26 
 939 ,  54 .  24 
 937 ,  54 .  53 
 936 ,  55 .  55 
 930 ,  55 .  11 
 924 ,  54 .  82 
 924 ,  54 .  97 
 926 ,  55 .  40 
 923 ,  54 .  68 
 917 ,  56 .  13 
 912 ,  55 .  40 
 918 ,  54 .  24 
 915 ,  54 .  39 
 909 ,  56 .  13 
 910 ,  56 .  13 
 915 ,  54 .  97 
 920 ,  55 .  26 
 914 ,  55 .  40 
 918 ,  56 .  56 
 926 ,  55 .  40 
 924 ,  55 .  55 
 915 ,  55 .  55 
 919 ,  54 .  39 
 932 ,  54 .  68 
 939 ,  55 .  55 
 938 ,  56 .  56 
 943 ,  55 .  98 
 948 ,  55 .  40 
 953 ,  55 .  40 
 951 ,  54 .  24 
 953 ,  54 .  39 
 957 ,  54 .  39 
1065 ,  55 .  55 
1237 ,  55 .  98 
1423 ,  55 .  55 
1606 ,  54 .  97 
1774 ,  56 .  13 
1924 ,  54 .  10 
2067 ,  56 .  42 
2185 ,  55 .  55 
2268 ,  53 .  66 
2321 ,  55 .  55 
2352 ,  55 .  55 
2361 ,  54 .  97 
2356 ,  56 .  13 
2351 ,  55 .  40 
2357 ,  55 .  11 
2372 ,  55 .  11 
2389 ,  55 .  55 
2411 ,  55 .  55 
2442 ,  55 .  55 
2480 ,  55 .  40 
2518 ,  55 .  98 
2555 ,  55 .  55 
2592 ,  54 .  97 
2622 ,  55 .  98 
2639 ,  55 .  98 
2649 ,  56 .  13 
2656 ,  56 .  56 
2660 ,  56 .  27 
2660 ,  55 .  84 
2657 ,  54 .  39 
2659 ,  56 .  71 
2660 ,  56 .  56 
2660 ,  55 .  55 
2660 ,  55 .  55 
2666 ,  55 .  40 
2675 ,  55 .  26 
2676 ,  55 .  98 
2680 ,  56 .  56 
2680 ,  55 .  98 
2681 ,  55 .  55 
2680 ,  55 .  55 
2673 ,  54 .  97 
2671 ,  56 .  42 
2672 ,  55 .  40 
2666 ,  55 .  40 
2663 ,  55 .  55 
2659 ,  56 .  71 
2655 ,  54 .  39 
2646 ,  55 .  55 
2638 ,  56 .  42 
2628 ,  55 .  84 
2621 ,  55 .  11 
2615 ,  56 .  13 
2608 ,  55 .  26 
2606 ,  55 .  84 
2605 ,  55 .  40 
2603 ,  56 .  13 
2600 ,  55 .  55 
2599 ,  55 .  11 
2601 ,  54 .  82 
2600 ,  56 .  56 
2595 ,  54 .  97 
2596 ,  54 .  97 
2594 ,  54 .  97 
2592 ,  55 .  98 
2587 ,  56 .  13 
2588 ,  56 .  42 
2588 ,  55 .  98 
2590 ,  55 .  55 
2591 ,  56 .  13 
2598 ,  55 .  40 
2605 ,  55 .  55 
2609 ,  55 .  55 
2618 ,  55 .  40 
2619 ,  55 .  55 
2624 ,  55 .  55 
2629 ,  55 .  55 
2629 ,  55 .  84 
2631 ,  55 .  55 
2634 ,  55 .  55 
2632 ,  55 .  55 
2628 ,  54 .  39 
2626 ,  55 .  40 
2625 ,  55 .  55 
2624 ,  56 .  13 
2623 ,  56 .  27 
2624 ,  55 .  84 
2626 ,  56 .  71 
2630 ,  55 .  55 
2630 ,  54 .  97 
2636 ,  55 .  55 
2644 ,  56 .  27 
2648 ,  55 .  55 
2650 ,  55 .  40 
2656 ,  55 .  84 
2657 ,  56 .  13 
2656 ,  55 .  55 
2656 ,  56 .  56 
2655 ,  55 .  55 
2653 ,  55 .  26 
2654 ,  56 .  42 
2651 ,  55 .  98 
2647 ,  56 .  13 
2646 ,  55 .  98 
2637 ,  54 .  97 
2632 ,  54 .  97 
2629 ,  54 .  97 
2630 ,  55 .  40 
2625 ,  54 .  97 
2622 ,  55 .  40 
2622 ,  55 .  98 
2622 ,  56 .  13 
2616 ,  55 .  55 
2613 ,  54 .  82 
2614 ,  55 .  55 
2611 ,  55 .  55 
2610 ,  55 .  55 
2608 ,  56 .  71 
2605 ,  55 .  40 
2604 ,  56 .  13 
2596 ,  55 .  26 
2593 ,  57 .  14 
2590 ,  55 .  55 
2590 ,  56 .  71 
2586 ,  55 .  55 
2583 ,  55 .  40 
2586 ,  56 .  56 
2583 ,  55 .  40 
2578 ,  55 .  55 
2578 ,  55 .  55 
2576 ,  56 .  13 
2574 ,  54 .  97 
2576 ,  55 .  40 
2576 ,  56 .  13 
2577 ,  54 .  97 
2582 ,  55 .  55 
2579 ,  54 .  97 
2581 ,  54 .  39 
2579 ,  56 .  13 
2578 ,  54 .  39 
2573 ,  55 .  11 
2566 ,  54 .  97 
2564 ,  55 .  26 
2560 ,  54 .  82 
2552 ,  55 .  11 
2543 ,  55 .  84 
2543 ,  55 .  55 
2541 ,  54 .  97 
2538 ,  56 .  71 
2535 ,  55 .  98 
2533 ,  54 .  10 
2536 ,  56 .  42 
2533 ,  55 .  55 
2534 ,  55 .  98 
2536 ,  56 .  27 
2542 ,  55 .  55 
2546 ,  55 .  55 
2546 ,  55 .  26 
2551 ,  54 .  82 
2556 ,  54 .  97 
2556 ,  56 .  42 
2554 ,  54 .  97 
2551 ,  55 .  55 
2548 ,  56 .  85 
2541 ,  55 .  55 
2532 ,  56 .  27 
2524 ,  55 .  98 
2515 ,  55 .  55 
2503 ,  56 .  13 
2488 ,  55 .  98 
2473 ,  54 .  82 
2457 ,  54 .  97 
2440 ,  55 .  55 
2427 ,  55 .  55 
2413 ,  54 .  82 
2403 ,  55 .  55 
2394 ,  55 .  98 
2385 ,  55 .  55 
2390 ,  54 .  97 
2403 ,  54 .  97 
2408 ,  55 .  55 
2407 ,  56 .  13 
2411 ,  55 .  40 
2409 ,  55 .  55 
2406 ,  55 .  55 
2410 ,  55 .  55 
2414 ,  55 .  98 
2425 ,  54 .  97 
2434 ,  56 .  13 
2441 ,  54 .  97 
2451 ,  55 .  11 
2457 ,  54 .  97 
2455 ,  55 .  55 
2453 ,  55 .  26 
2449 ,  55 .  40 
2452 ,  55 .  55 
2441 ,  55 .  98 
2431 ,  56 .  27 
2418 ,  57 .  14 
2398 ,  55 .  11 
2371 ,  55 .  55 
2342 ,  55 .  40 
2311 ,  55 .  55 
2282 ,  55 .  98 
2250 ,  55 .  40 
2211 ,  55 .  26 
2180 ,  55 .  55 
2153 ,  55 .  55 
2117 ,  55 .  26 
2090 ,  55 .  55 
2071 ,  56 .  71 
2052 ,  54 .  97 
2030 ,  55 .  55 
2016 ,  56 .  27 
2014 ,  54 .  82 
2018 ,  55 .  40 
2016 ,  55 .  55 
2014 ,  55 .  55 
2018 ,  54 .  97 
2023 ,  54 .  39 
2029 ,  55 .  55 
2041 ,  53 .  66 
2065 ,  56 .  13 
2085 ,  55 .  55 
2106 ,  56 .  27 
2124 ,  54 .  24 
2151 ,  54 .  82 
2174 ,  56 .  27 
2185 ,  55 .  26 
2199 ,  55 .  55 
2217 ,  57 .  14 
2239 ,  54 .  10 
2258 ,  55 .  55 
2271 ,  53 .  22 
2293 ,  55 .  55 
2308 ,  54 .  97 
2316 ,  55 .  55 
2322 ,  56 .  13 
2327 ,  56 .  13 
2329 ,  54 .  24 
2324 ,  55 .  98 
2313 ,  55 .  55 
2309 ,  54 .  97 
2304 ,  53 .  22 
2297 ,  55 .  55 
2289 ,  56 .  13 
2286 ,  56 .  27 
2288 ,  53 .  52 
2289 ,  55 .  55 
2293 ,  55 .  40 
2303 ,  55 .  11 
2312 ,  55 .  55 
2325 ,  55 .  55 
2349 ,  55 .  55 
2382 ,  56 .  27 
2414 ,  55 .  55 
2436 ,  55 .  55 
2446 ,  55 .  40 
2460 ,  56 .  13 
2479 ,  55 .  98 
2492 ,  55 .  40 
2491 ,  56 .  42 
2474 ,  55 .  55 
2444 ,  54 .  82 
2407 ,  55 .  26 
2370 ,  55 .  55 
2337 ,  55 .  11 
2306 ,  54 .  97 
2274 ,  55 .  55 
2249 ,  55 .  55 
2227 ,  55 .  40 
2210 ,  55 .  26 
2188 ,  55 .  11 
2163 ,  55 .  55 
2150 ,  56 .  56 
2135 ,  54 .  97 
2117 ,  55 .  26 
2108 ,  56 .  56 
2106 ,  56 .  13 
2107 ,  55 .  26 
2104 ,  55 .  40 
2102 ,  56 .  56 
2102 ,  55 .  40 
2104 ,  54 .  97 
2100 ,  56 .  13 
2107 ,  54 .  39 
2120 ,  56 .  56 
2133 ,  56 .  13 
2142 ,  55 .  84 
2156 ,  55 .  40 
2175 ,  54 .  97 
2188 ,  54 .  97 
2198 ,  55 .  55 
2202 ,  54 .  39 
2212 ,  54 .  82 
2221 ,  55 .  98 
2226 ,  56 .  42 
2231 ,  54 .  97 
2239 ,  54 .  97 
2246 ,  53 .  81 
2240 ,  55 .  11 
2239 ,  55 .  11 
2238 ,  54 .  97 
2234 ,  54 .  82 
2231 ,  55 .  40 
2227 ,  54 .  10 
2227 ,  55 .  40 
2226 ,  54 .  10 
2222 ,  55 .  84 
2220 ,  54 .  39 
2220 ,  55 .  55 
2222 ,  56 .  42 
2217 ,  55 .  55 
2212 ,  56 .  71 
2210 ,  55 .  40 
2205 ,  55 .  40 
2195 ,  57 .  43 
2186 ,  54 .  82 
2181 ,  55 .  55 
2179 ,  56 .  27 
2168 ,  54 .  39 
2156 ,  57 .  29 
2149 ,  55 .  55 
2138 ,  55 .  55 
2126 ,  54 .  39 
2120 ,  54 .  97 
2116 ,  56 .  56 
2113 ,  55 .  55 
2108 ,  55 .  55 
2110 ,  54 .  10 
2109 ,  54 .  97 
2109 ,  54 .  97 
2106 ,  56 .  13 
2105 ,  56 .  13 
2109 ,  54 .  97 
2116 ,  55 .  55 
2118 ,  55 .  55 
2119 ,  55 .  40 
2130 ,  56 .  71 
2132 ,  54 .  97 
2130 ,  55 .  55 
2134 ,  56 .  71 
2138 ,  55 .  55 
2141 ,  55 .  55 
2139 ,  55 .  55 
2140 ,  55 .  40 
2142 ,  55 .  55 
2146 ,  54 .  39 
2141 ,  55 .  55 
2138 ,  55 .  11 
2140 ,  55 .  55 
2141 ,  54 .  39 
2139 ,  55 .  55 
2135 ,  55 .  55 
2137 ,  56 .  56 
2138 ,  55 .  55 
2133 ,  55 .  26 
2129 ,  54 .  10 
2132 ,  55 .  55 
2134 ,  54 .  39 
2129 ,  55 .  55 
2130 ,  55 .  55 
2131 ,  54 .  97 
2135 ,  55 .  84 
2133 ,  55 .  40 
2136 ,  55 .  11 
2137 ,  55 .  26 
2143 ,  54 .  39 
2142 ,  54 .  97 
2144 ,  56 .  13 
2148 ,  55 .  26 
2154 ,  55 .  55 
2150 ,  55 .  55 
2148 ,  56 .  42 
2152 ,  54 .  24 
2153 ,  54 .  82 
2152 ,  56 .  13 
2154 ,  55 .  40 
2156 ,  55 .  26 
2163 ,  55 .  98 
2162 ,  55 .  55 
2167 ,  55 .  40 
2171 ,  56 .  71 
2179 ,  56 .  56 
2179 ,  55 .  40 
2186 ,  56 .  56 
2195 ,  56 .  27 
2200 ,  55 .  55 
2202 ,  55 .  55 
2203 ,  56 .  13 
2207 ,  54 .  82 
2212 ,  54 .  24 
2211 ,  53 .  22 
2209 ,  55 .  55 
2214 ,  55 .  11 
2217 ,  55 .  55 
2213 ,  56 .  42 
2216 ,  55 .  55 
2219 ,  55 .  55 
2227 ,  55 .  40 
2225 ,  55 .  84 
2228 ,  56 .  27 
2232 ,  56 .  71 
2238 ,  56 .  27 
2233 ,  55 .  55 
2232 ,  56 .  56 
2239 ,  54 .  97 
2236 ,  55 .  11 
2231 ,  55 .  98 
2229 ,  56 .  42 
2232 ,  56 .  13 
2233 ,  55 .  98 
2227 ,  55 .  55 
2226 ,  56 .  71 
2228 ,  55 .  55 
2230 ,  55 .  98 
2223 ,  55 .  55 
2215 ,  54 .  97 
2215 ,  54 .  39 
2214 ,  55 .  55 
2199 ,  55 .  55 
2185 ,  56 .  42 
2176 ,  57 .   0 
2165 ,  55 .  55 
2155 ,  55 .  26 
2158 ,  56 .  13 
2160 ,  55 .  26 
2162 ,  55 .  55 
2158 ,  56 .  13 
2149 ,  55 .  40 
2146 ,  55 .  55 
2140 ,  53 .  81 
2128 ,  55 .  55 
2118 ,  55 .  55 
2111 ,  55 .  11 
2103 ,  55 .  55 
2094 ,  56 .  13 
2080 ,  55 .  55 
2082 ,  54 .  82 
2082 ,  55 .  40 
2072 ,  55 .  98 
2068 ,  56 .  71 
2067 ,  55 .  55 
2064 ,  55 .  55 
2060 ,  55 .  40 
2060 ,  56 .  13 
2067 ,  56 .  42 
2078 ,  55 .  55 
2080 ,  54 .  97 
2087 ,  55 .  11 
2100 ,  56 .  13 
2105 ,  55 .  26 
2107 ,  55 .  55 
2110 ,  56 .  71 
2115 ,  55 .  55 
2120 ,  54 .  82 
2122 ,  55 .  55 
2123 ,  54 .  24 
2132 ,  54 .  82 
2144 ,  56 .  13 
2147 ,  55 .  55 
2154 ,  55 .  55 
2165 ,  55 .  40 
2177 ,  54 .  97 
2187 ,  55 .  55 
2201 ,  55 .  26 
2217 ,  55 .  40 
2234 ,  55 .  98 
2242 ,  55 .  98 
2253 ,  55 .  84 
2267 ,  56 .  13 
2277 ,  56 .  13 
2284 ,  55 .  98 
2293 ,  54 .  39 
2304 ,  55 .  55 
2312 ,  54 .  82 
2311 ,  55 .  55 
2310 ,  55 .  55 
2312 ,  55 .  55 
2313 ,  55 .  40 
2310 ,  54 .  97 
2310 ,  55 .  98 
2311 ,  55 .  55 
2311 ,  55 .  26 
2308 ,  55 .  98 
2305 ,  55 .  40 
2306 ,  56 .  56 
2306 ,  54 .  97 
2300 ,  54 .  97 
2299 ,  53 .  22 
2297 ,  54 .  39 
2300 ,  56 .  56 
2298 ,  55 .  26 
2293 ,  54 .  97 
2295 ,  55 .  55 
2298 ,  55 .  55 
2298 ,  55 .  26 
2300 ,  55 .  98 
2310 ,  55 .  55 
2313 ,  55 .  26 
2314 ,  55 .  55 
2315 ,  56 .  71 
2318 ,  55 .  55 
2323 ,  55 .  98 
2322 ,  55 .  55 
2325 ,  56 .  71 
2331 ,  56 .  56 
2337 ,  55 .  55 
2338 ,  55 .  84 
2340 ,  54 .  39 
2346 ,  56 .  56 
2349 ,  55 .  40 
2346 ,  55 .  84 
2350 ,  54 .  39 
2353 ,  54 .  97 
2359 ,  54 .  82 
2357 ,  56 .  13 
2356 ,  54 .  97 
2355 ,  55 .  26 
2360 ,  56 .  27 
2358 ,  55 .  40 
2362 ,  52 .  50 
2366 ,  55 .  55 
2372 ,  55 .  40 
2374 ,  55 .  55 
2372 ,  55 .  26 
2376 ,  54 .  82 
2375 ,  55 .  98 
2373 ,  55 .  11 
2372 ,  54 .  39 
2375 ,  55 .  55 
2378 ,  55 .  40 
2372 ,  56 .  13 
2370 ,  56 .  56 
2367 ,  55 .  98 
2365 ,  56 .  13 
2361 ,  55 .  55 
2360 ,  56 .  71 
2361 ,  56 .  13 
2364 ,  55 .  55 
2364 ,  56 .  13 
2365 ,  54 .  82 
2369 ,  56 .  56 
2370 ,  55 .  55 
2367 ,  55 .  55 
2367 ,  55 .  40 
2371 ,  55 .  26 
2371 ,  54 .  97 
2370 ,  54 .  97 
2371 ,  58 .  30 
2368 ,  55 .  55 
2368 ,  55 .  55 
2364 ,  55 .  55 
2363 ,  56 .  71 
2366 ,  55 .  55 
2367 ,  54 .  24 
2365 ,  55 .  55 
2362 ,  54 .  39 
2363 ,  56 .  13 
2363 ,  55 .  98 
2360 ,  55 .  55 
2356 ,  55 .  55 
2360 ,  56 .  13 
2359 ,  55 .  55 
2349 ,  55 .  55 
2344 ,  56 .  71 
2339 ,  54 .  39 
2332 ,  54 .  97 
2323 ,  55 .  98 
2320 ,  57 .   0 
2313 ,  54 .  82 
2309 ,  55 .  40 
2302 ,  55 .  55 
2294 ,  56 .  13 
2294 ,  55 .  40 
2291 ,  56 .  56 
2283 ,  55 .  98 
2281 ,  54 .  39 
2281 ,  55 .  55 
2282 ,  56 .  27 
2276 ,  55 .  55 
2274 ,  56 .  71 
2271 ,  55 .  55 
2270 ,  55 .  40 
2264 ,  55 .  40 
2259 ,  54 .  39 
2261 ,  54 .  97 
2261 ,  56 .  13 
2259 ,  54 .  97 
2257 ,  55 .  26 
2259 ,  54 .  82 
2262 ,  55 .  55 
2260 ,  55 .  55 
2264 ,  55 .  40 
2275 ,  56 .  56 
2283 ,  55 .  26 
2288 ,  55 .  55 
2294 ,  56 .  71 
2302 ,  54 .  97 
2308 ,  54 .  82 
2312 ,  55 .  98 
2313 ,  55 .  55 
2319 ,  55 .  26 
2323 ,  56 .  56 
2320 ,  55 .  55 
2320 ,  55 .  55 
2323 ,  56 .  13 
2322 ,  55 .  55 
2319 ,  55 .  55 
2311 ,  55 .  26 
2315 ,  55 .  26 
2314 ,  55 .  55 
2311 ,  55 .  55 
2313 ,  56 .  13 
2314 ,  54 .  82 
2313 ,  55 .  40 
2312 ,  55 .  98 
2310 ,  56 .  13 
2311 ,  55 .  26 
2310 ,  55 .  55 
2307 ,  54 .  97 
2306 ,  55 .  40 
2305 ,  55 .  55 
2299 ,  55 .  55 
2288 ,  54 .  97 
2275 ,  54 .  97 
2270 ,  55 .  98 
2257 ,  55 .  40 
2236 ,  54 .  97 
2219 ,  56 .  13 
2185 ,  54 .  97 
2153 ,  55 .  55 
2118 ,  56 .  56 
2088 ,  55 .  40 
2061 ,  55 .  55 
2038 ,  54 .  97 
2007 ,  55 .  98 
1980 ,  54 .  39 
1960 ,  55 .  11 
1946 ,  56 .  27 
1926 ,  56 .  27 
1912 ,  55 .  40 
1898 ,  55 .  11 
1885 ,  55 .  55 
1870 ,  54 .  97 
1865 ,  56 .  13 
1869 ,  54 .  39 
1863 ,  53 .  66 
1853 ,  55 .  11 
1850 ,  55 .  11 
1852 ,  55 .  40 
1854 ,  55 .  40 
1849 ,  55 .  40 
1850 ,  55 .  55 
1862 ,  54 .  82 
1873 ,  55 .  40 
1887 ,  55 .  40 
1909 ,  56 .  71 
1940 ,  54 .  97 
1964 ,  53 .  81 
1985 ,  55 .  55 
2017 ,  56 .  71 
2045 ,  55 .  55 
2076 ,  54 .  39 
2102 ,  55 .  40 
2136 ,  56 .  13 
2169 ,  55 .  55 
2203 ,  54 .  97 
2231 ,  55 .  40 
2258 ,  55 .  98 
2283 ,  55 .  55 
2300 ,  55 .  55 
2309 ,  55 .  55 
2317 ,  55 .  11 
2328 ,  56 .  56 
2334 ,  54 .  39 
2333 ,  55 .  40 
2332 ,  55 .  55 
2334 ,  56 .  71 
2325 ,  55 .  11 
2313 ,  55 .  55 
2302 ,  55 .  11 
2293 ,  54 .  97 
2281 ,  55 .  55 
2269 ,  55 .  55 
2259 ,  56 .  71 
2255 ,  55 .  40 
2251 ,  55 .  55 
2243 ,  54 .  97 
2237 ,  55 .  40 
2244 ,  55 .  55 
2246 ,  54 .  39 
2244 ,  55 .  55 
2250 ,  56 .  56 
2255 ,  55 .  55 
2257 ,  54 .  97 
2264 ,  55 .  55 
2268 ,  55 .  98 
2276 ,  55 .  55 
2280 ,  54 .  97 
2274 ,  56 .  27 
2268 ,  55 .  40 
2270 ,  56 .  13 
2268 ,  55 .  26 
2263 ,  56 .  13 
2262 ,  54 .  39 
2261 ,  55 .  11 
2265 ,  54 .  68 
2267 ,  55 .  98 
2268 ,  56 .  13 
2273 ,  55 .  98 
2263 ,  54 .  39 
2254 ,  54 .  82 
2244 ,  53 .   8 
2237 ,  55 .  26 
2237 ,  55 .  26 
2234 ,  56 .  27 
2236 ,  54 .  39 
2235 ,  55 .  55 
2238 ,  55 .  55 
2231 ,  55 .  55 
2226 ,  54 .  97 
2220 ,  56 .  13 
2214 ,  54 .  39 
2201 ,  55 .  55 
2198 ,  56 .  71 
2191 ,  54 .  97 
2185 ,  54 .  97 
2172 ,  55 .  98 
2166 ,  56 .  85 
2161 ,  55 .  26 
2161 ,  55 .  40 
2162 ,  55 .  55 
2166 ,  54 .  39 
2180 ,  54 .  39 
2194 ,  54 .  82 
2206 ,  56 .  27 
2221 ,  55 .  55 
2242 ,  55 .  98 
2265 ,  55 .  55 
2282 ,  56 .  13 
2306 ,  55 .  40 
2331 ,  56 .  27 
2353 ,  54 .  97 
2368 ,  56 .  13 
2384 ,  55 .  40 
2397 ,  55 .  26 
2408 ,  56 .  13 
2413 ,  55 .  55 
2418 ,  55 .  98 
2430 ,  56 .  27 
2430 ,  56 .  13 
2426 ,  55 .  55 
2426 ,  54 .  97 
2428 ,  56 .  42 
2430 ,  56 .  71 
2429 ,  55 .  55 
2431 ,  56 .  13 
2432 ,  55 .  55 
2429 ,  55 .  40 
2422 ,  56 .  56 
2422 ,  57 .  14 
2417 ,  54 .  39 
2417 ,  55 .  55 
2416 ,  55 .  55 
2420 ,  54 .  39 
2425 ,  54 .  97 
2427 ,  55 .  40 
2424 ,  55 .  55 
2425 ,  54 .  97 
2424 ,  54 .  82 
2424 ,  55 .  40 
2416 ,  56 .  71 
2418 ,  57 .  14 
2411 ,  55 .  55 
2406 ,  54 .  97 
2394 ,  54 .  97 
2383 ,  54 .  97 
2373 ,  54 .  39 
2361 ,  54 .  97 
2347 ,  55 .  55 
2336 ,  55 .  40 
2330 ,  55 .  11 
2320 ,  54 .  39 
2304 ,  54 .  97 
2291 ,  55 .  98 
2281 ,  56 .  56 
2268 ,  54 .  10 
2254 ,  56 .  13 
2245 ,  56 .  56 
2239 ,  55 .  55 
2231 ,  55 .  55 
2217 ,  57 .  14 
2211 ,  56 .  13 
2204 ,  55 .  98 
2195 ,  55 .  11 
2188 ,  54 .  82 
2185 ,  55 .  26 
2190 ,  55 .  55 
2183 ,  54 .  39 
2176 ,  54 .  97 
2174 ,  54 .  97 
2171 ,  56 .  42 
2162 ,  55 .  98 
2151 ,  54 .  97 
2146 ,  56 .  56 
2148 ,  55 .  98 
2149 ,  55 .  26 
2149 ,  55 .  98 
2155 ,  56 .  56 
2159 ,  55 .  98 
2161 ,  56 .  13 
2161 ,  56 .  13 
2170 ,  55 .  55 
2178 ,  55 .  55 
2184 ,  55 .  40 
2181 ,  55 .  55 
2183 ,  55 .  26 
2188 ,  55 .  98 
2182 ,  54 .  97 
2181 ,  54 .  39 
2180 ,  54 .  97 
2184 ,  55 .  55 
2181 ,  55 .  98 
2176 ,  56 .  42 
2176 ,  56 .  56 
2176 ,  54 .  82 
2175 ,  55 .  40 
2172 ,  55 .  98 
2176 ,  55 .  40 
2179 ,  55 .  69 
2180 ,  55 .  55 
2182 ,  55 .  55 
2183 ,  54 .  39 
2191 ,  55 .  55 
2194 ,  55 .  55 
2191 ,  55 .  55 
2198 ,  56 .  13 
2203 ,  57 .   0 
2204 ,  54 .  97 
2204 ,  55 .  55 
2208 ,  55 .  98 
2214 ,  53 .  81 
2209 ,  54 .  97 
2208 ,  54 .  82 
2211 ,  55 .  40 
2214 ,  55 .  26 
2219 ,  54 .  82 
2218 ,  54 .  39 
2220 ,  56 .  13 
2224 ,  55 .  11 
2223 ,  54 .  39 
2222 ,  55 .  55 
2223 ,  56 .  27 
2224 ,  54 .  97 
2226 ,  55 .  55 
2221 ,  55 .  55 
2221 ,  56 .  13 
2223 ,  55 .  55 
2221 ,  54 .  68 
2219 ,  56 .  56 
2219 ,  56 .  27 
2221 ,  55 .  84 
2222 ,  55 .  98 
2219 ,  54 .  39 
2222 ,  55 .  40 
2224 ,  56 .  13 
2221 ,  54 .  39 
2218 ,  55 .  55 
2218 ,  56 .  71 
2221 ,  56 .  13 
2220 ,  56 .  13 
2215 ,  55 .  40 
2217 ,  55 .  98 
2218 ,  55 .  55 
2215 ,  54 .  97 
2208 ,  54 .  97 
2211 ,  55 .  55 
2212 ,  54 .  97 
2214 ,  54 .  10 
2212 ,  55 .  40 
2213 ,  55 .  40 
2215 ,  55 .  98 
2212 ,  55 .  55 
2205 ,  55 .  40 
2209 ,  56 .  71 
2214 ,  55 .  55 
2216 ,  54 .  39 
2213 ,  55 .  55 
2218 ,  56 .  13 
2223 ,  55 .  55 
2222 ,  55 .  55 
2220 ,  55 .  55 
2221 ,  54 .  97 
2227 ,  55 .  40 
2226 ,  55 .  55 
2224 ,  55 .  55 
2227 ,  55 .  55 
2229 ,  54 .  97 
2227 ,  55 .  26 
2223 ,  55 .  40 
2224 ,  56 .  42 
2230 ,  55 .  55 
2229 ,  54 .  39 
2228 ,  54 .  97 
2233 ,  54 .  82 
2236 ,  54 .  97 
2238 ,  55 .  55 
2231 ,  55 .  55 
2235 ,  55 .  55 
2234 ,  55 .  55 
2239 ,  54 .  39 
2236 ,  55 .  40 
2238 ,  55 .  55 
2243 ,  55 .  98 
2242 ,  55 .  55 
2237 ,  54 .  97 
2237 ,  55 .  55 
2239 ,  56 .  56 
2242 ,  55 .  55 
2239 ,  56 .  42 
2242 ,  56 .  71 
2241 ,  55 .  55 
2240 ,  56 .  13 
2235 ,  56 .  71 
2233 ,  54 .  97 
2238 ,  54 .  97 
2239 ,  55 .  55 
2236 ,  55 .  40 
2240 ,  55 .  11 
2243 ,  56 .  71 
2240 ,  55 .  26 
2236 ,  55 .  55 
2238 ,  56 .  13 
2237 ,  55 .  26 
2239 ,  55 .  40 
2231 ,  55 .  40 
2228 ,  55 .  40 
2232 ,  55 .  98 
2224 ,  54 .  97 
2217 ,  55 .  55 
2214 ,  56 .  56 
2216 ,  55 .  55 
2211 ,  55 .  26 
2208 ,  55 .  55 
2209 ,  56 .  13 
2213 ,  55 .  26 
2216 ,  55 .  98 
2213 ,  55 .  55 
2215 ,  56 .  71 
2221 ,  55 .  55 
2222 ,  54 .  97 
2222 ,  55 .  55 
2226 ,  56 .  56 
2230 ,  55 .  11 
2229 ,  54 .  39 
2225 ,  55 .  55 
2226 ,  56 .  71 
2229 ,  56 .  13 
2231 ,  54 .  97 
2230 ,  55 .  55 
2229 ,  54 .  39 
2236 ,  56 .  71 
2235 ,  56 .  42 
2231 ,  55 .  55 
2233 ,  56 .  71 
2235 ,  53 .  81 
2233 ,  55 .  55 
2233 ,  55 .  55 
2233 ,  56 .  13 
2234 ,  55 .  26 
2239 ,  55 .  55 
2232 ,  56 .  13 
2232 ,  55 .  55 
2233 ,  55 .  55 
2233 ,  54 .  97 
2230 ,  54 .  97 
2234 ,  55 .  98 
2237 ,  56 .  71 
2231 ,  55 .  55 
2228 ,  55 .  55 
2231 ,  55 .  55 
2228 ,  55 .  55 
2227 ,  55 .  55 
2225 ,  56 .  71 
2228 ,  57 .  14 
2231 ,  55 .  26 
2232 ,  56 .  56 
2230 ,  56 .  27 
2229 ,  53 .   8 
2233 ,  56 .  71 
2235 ,  56 .  56 
2233 ,  55 .  55 
2235 ,  55 .  69 
2238 ,  55 .  55 
2237 ,  54 .  97 
2233 ,  54 .  97 
2230 ,  55 .  55 
2233 ,  56 .  27 
2231 ,  55 .  55 
2230 ,  55 .  55 
2230 ,  55 .  40 
2234 ,  54 .  97 
2234 ,  57 .   0 
2231 ,  55 .  98 
2229 ,  55 .  26 
2232 ,  54 .  97 
2234 ,  55 .  40 
2229 ,  55 .  55 
2232 ,  55 .  55 
2236 ,  55 .  55 
2237 ,  54 .  97 
2235 ,  54 .  82 
2238 ,  57 .  43 
2241 ,  55 .  40 
2240 ,  54 .  82 
2239 ,  56 .  27 
2244 ,  54 .  39 
2249 ,  54 .  82 
2250 ,  55 .  55 
2248 ,  54 .  97 
2248 ,  53 .  95 
2252 ,  56 .  13 
2251 ,  55 .  55 
2247 ,  55 .  55 
2247 ,  55 .  55 
2248 ,  55 .  55 
2245 ,  55 .  55 
2242 ,  55 .  55 
2239 ,  55 .  55 
2238 ,  55 .  98 
2238 ,  55 .  26 
2235 ,  55 .  98 
2237 ,  56 .  56 
2246 ,  55 .  98 
2248 ,  54 .  39 
2246 ,  55 .  40 
2253 ,  55 .  55 
2258 ,  55 .  55 
2257 ,  55 .  55 
2258 ,  55 .  55 
2252 ,  56 .  13 
2257 ,  56 .  13 
2254 ,  56 .  13 
2246 ,  55 .  55 
2242 ,  56 .  71 
2238 ,  57 .  29 
2235 ,  55 .  11 
2231 ,  55 .  55 
2232 ,  55 .  98 
2235 ,  55 .  55 
2235 ,  55 .  98 
2238 ,  55 .  40 
2236 ,  56 .  27 
2237 ,  55 .  26 
2239 ,  56 .  71 
2235 ,  54 .  97 
2236 ,  56 .  71 
2240 ,  56 .  71 
2239 ,  56 .  13 
2232 ,  55 .  55 
2231 ,  55 .  55 
2228 ,  56 .  13 
2227 ,  55 .  98 
2221 ,  55 .  55 
2223 ,  55 .  40 
2227 ,  56 .  71 
2224 ,  54 .  39 
2221 ,  54 .  97 
2224 ,  55 .  55 
2225 ,  55 .  55 
2225 ,  56 .  13 
2226 ,  56 .  56 
2229 ,  55 .  55 
2235 ,  55 .  98 
2238 ,  55 .  40 
2236 ,  54 .  82 
2239 ,  56 .  13 
2242 ,  55 .  40 
2240 ,  55 .  55 
2237 ,  54 .  97 
2240 ,  56 .  13 
2240 ,  55 .  55 
2238 ,  56 .  13 
2234 ,  56 .  42 
2237 ,  54 .  39 
2236 ,  56 .  71 
2234 ,  56 .  56 
2228 ,  55 .  55 
2228 ,  56 .  13 
2228 ,  55 .  98 
2221 ,  55 .  55 
2207 ,  55 .  98 
2194 ,  56 .  13 
2173 ,  56 .  13 
2149 ,  55 .  55 
2130 ,  56 .  71 
2111 ,  54 .  97 
2099 ,  54 .  97 
2086 ,  56 .  13 
2074 ,  55 .  40 
2070 ,  54 .  39 
2071 ,  54 .  39 
2070 ,  56 .  56 
2064 ,  55 .  55 
2066 ,  53 .  81 
2072 ,  55 .  55 
2072 ,  55 .  55 
2076 ,  54 .  97 
2084 ,  57 .  29 
2092 ,  54 .  97 
2093 ,  55 .  55 
2097 ,  56 .  13 
2108 ,  56 .  71 
2113 ,  55 .  84 
2119 ,  54 .  39 
2123 ,  56 .  13 
2130 ,  56 .  27 
2137 ,  56 .  42 
2137 ,  55 .  55 
2131 ,  55 .  40 
2125 ,  55 .  55 
2125 ,  56 .  71 
2108 ,  54 .  39 
2098 ,  55 .  55 
2098 ,  56 .  71 
2100 ,  55 .  98 
2097 ,  55 .  40 
2099 ,  55 .  40 
2104 ,  54 .  39 
2109 ,  55 .  98 
2108 ,  55 .  40 
2098 ,  55 .  55 
2088 ,  55 .  40 
2070 ,  55 .  55 
2041 ,  56 .  13 
2013 ,  55 .  84 
2002 ,  55 .  55 
1998 ,  56 .  13 
1999 ,  55 .  55 
2002 ,  56 .  56 
2001 ,  55 .  40 
2004 ,  54 .  82 
2006 ,  54 .  97 
2009 ,  55 .  55 
2027 ,  55 .  98 
2045 ,  55 .  55 
2062 ,  55 .  40 
2067 ,  55 .  55 
2078 ,  55 .  40 
2084 ,  56 .  13 
2088 ,  55 .  98 
2094 ,  56 .  71 
2108 ,  55 .  26 
2128 ,  55 .  40 
2145 ,  55 .  55 
2161 ,  55 .  55 
2182 ,  55 .  98 
2195 ,  55 .  55 
2201 ,  55 .  55 
2208 ,  56 .  27 
2214 ,  54 .  39 
2221 ,  54 .  68 
2224 ,  56 .  13 
2225 ,  55 .  55 
2232 ,  56 .  13 
2237 ,  54 .  97 
2232 ,  55 .  26 
2230 ,  54 .  97 
2235 ,  55 .  55 
2238 ,  56 .  13 
2236 ,  55 .  98 
2235 ,  55 .  55 
2236 ,  54 .  39 
2239 ,  56 .  71 
2237 ,  56 .  27 
2232 ,  54 .  39 
2231 ,  56 .  71 
2234 ,  56 .  27 
2232 ,  55 .  40 
2230 ,  55 .  55 
2229 ,  55 .  26 
2229 ,  55 .  26 
2226 ,  56 .  71 
2217 ,  55 .  55 
2215 ,  54 .  97 
2214 ,  55 .  11 
2206 ,  54 .  82 
2203 ,  55 .  55 
2205 ,  56 .  71 
2205 ,  55 .  55 
2201 ,  54 .  97 
2194 ,  55 .  55 
2192 ,  55 .  55 
2188 ,  55 .  26 
2174 ,  56 .  13 
2153 ,  55 .  55 
2136 ,  55 .  55 
2115 ,  55 .  55 
2085 ,  54 .  39 
2059 ,  56 .  13 
2037 ,  56 .  13 
2020 ,  57 .  14 
2000 ,  55 .  40 
1984 ,  55 .  40 
1979 ,  56 .  27 
1973 ,  54 .  97 
1962 ,  55 .  11 
1947 ,  54 .  97 
1935 ,  56 .  27 
1920 ,  55 .  55 
1900 ,  54 .  97 
1884 ,  55 .  98 
1870 ,  55 .  40 
1850 ,  55 .  98 
1826 ,  54 .  97 
1807 ,  55 .  40 
1802 ,  55 .  55 
1806 ,  56 .  71 
1804 ,  54 .  97 
1808 ,  55 .  40 
1821 ,  55 .  55 
1839 ,  55 .  98 
1847 ,  55 .  55 
1852 ,  55 .  55 
1865 ,  54 .  24 
1877 ,  53 .  95 
1882 ,  54 .  68 
1885 ,  54 .  39 
1899 ,  55 .  98 
1914 ,  54 .  39 
1920 ,  56 .  13 
1927 ,  55 .  40 
1936 ,  55 .  55 
1941 ,  55 .  26 
1927 ,  55 .  55 
1913 ,  56 .  13 
1903 ,  56 .  56 
1885 ,  55 .  55 
1853 ,  55 .  55 
1825 ,  54 .  97 
1806 ,  56 .  13 
1795 ,  55 .  26 
1783 ,  55 .  40 
1772 ,  55 .  55 
1773 ,  54 .  82 
1780 ,  56 .  71 
1778 ,  56 .  42 
1776 ,  56 .  13 
1784 ,  55 .  98 
1794 ,  56 .  13 
1794 ,  54 .  82 
1800 ,  56 .  13 
1797 ,  56 .  13 
1805 ,  54 .  24 
1799 ,  55 .  55 
1793 ,  55 .  55 
1799 ,  54 .  97 
1806 ,  55 .  26 
1803 ,  55 .  55 
1797 ,  55 .  55 
1801 ,  55 .  55 
1812 ,  55 .  26 
1811 ,  54 .  97 
1811 ,  55 .  55 
1818 ,  55 .  11 
1827 ,  55 .  40 
1830 ,  55 .  55 
1834 ,  55 .  98 
1855 ,  55 .  55 
1878 ,  55 .  55 
1890 ,  55 .  40 
1901 ,  56 .  13 
1920 ,  56 .  13 
1934 ,  55 .  55 
1938 ,  55 .  55 
1936 ,  55 .  55 
1948 ,  54 .  97 
1956 ,  54 .  97 
1953 ,  51 .  48 
1949 ,  55 .  55 
1950 ,  55 .  55 
1951 ,  56 .  13 
1938 ,  54 .  82 
1926 ,  56 .  13 
1922 ,  54 .  82 
1922 ,  55 .  55 
1919 ,  54 .  82 
1908 ,  55 .  98 
1910 ,  55 .  55 
1914 ,  53 .  81 
1909 ,  55 .  40 
1906 ,  55 .  40 
1915 ,  54 .  39 
1928 ,  55 .  55 
1931 ,  56 .  71 
1939 ,  56 .  42 
1958 ,  56 .  42 
1982 ,  55 .  26 
1990 ,  55 .  55 
1996 ,  56 .  56 
2008 ,  54 .  97 
2024 ,  55 .  11 
2034 ,  55 .  55 
2049 ,  55 .  55 
2074 ,  56 .  71 
2096 ,  55 .  11 
2113 ,  54 .  97 
2126 ,  55 .  55 
2139 ,  55 .  40 
2142 ,  56 .  13 
2138 ,  56 .  13 
2133 ,  55 .  40 
2133 ,  55 .  98 
2136 ,  57 .  14 
2133 ,  55 .  26 
2137 ,  54 .  97 
2144 ,  55 .  55 
2155 ,  56 .  13 
2157 ,  55 .  55 
2162 ,  55 .  55 
2171 ,  54 .  97 
2178 ,  54 .  82 
2182 ,  55 .  40 
2188 ,  56 .  13 
2197 ,  55 .  55 
2206 ,  56 .  27 
2207 ,  54 .  97 
2207 ,  56 .  13 
2208 ,  55 .  98 
2210 ,  56 .  56 
2205 ,  54 .  68 
2202 ,  55 .  40 
2202 ,  56 .  71 
2205 ,  54 .  39 
2208 ,  55 .  40 
2202 ,  56 .  13 
2201 ,  56 .  13 
2200 ,  55 .  55 
2189 ,  55 .  11 
2180 ,  55 .  55 
2180 ,  55 .  55 
2177 ,  55 .  26 
2174 ,  55 .  40 
2166 ,  55 .  11 
2166 ,  54 .  97 
2161 ,  54 .  97 
2151 ,  55 .  55 
2138 ,  55 .  55 
2135 ,  55 .  40 
2132 ,  54 .  24 
2124 ,  55 .  55 
2119 ,  56 .  13 
2116 ,  55 .  40 
2115 ,  54 .  39 
2106 ,  55 .  98 
2100 ,  56 .  56 
2101 ,  55 .  98 
2101 ,  55 .  55 
2094 ,  54 .  39 
2088 ,  56 .  27 
2083 ,  54 .  10 
2082 ,  56 .  13 
2070 ,  55 .  98 
2063 ,  55 .  98 
2057 ,  54 .  68 
2058 ,  56 .  27 
2050 ,  55 .  55 
2046 ,  55 .  40 
2048 ,  57 .  14 
2049 ,  54 .  82 
2044 ,  54 .  39 
2038 ,  55 .  55 
2042 ,  54 .  97 
2048 ,  56 .  56 
2047 ,  55 .  55 
2049 ,  54 .  39 
2054 ,  54 .  82 
2054 ,  54 .  82 
2052 ,  54 .  53 
2042 ,  57 .  72 
2039 ,  55 .  55 
2036 ,  56 .  71 
2026 ,  55 .  26 
2017 ,  55 .  40 
2015 ,  56 .  27 
2013 ,  55 .  11 
2006 ,  55 .  40 
1998 ,  55 .  98 
1998 ,  55 .  40 
2000 ,  55 .  55 
1994 ,  55 .  55 
1998 ,  55 .  98 
2003 ,  56 .  13 
2009 ,  54 .  97 
2006 ,  55 .  26 
2004 ,  55 .  55 
2008 ,  55 .  55 
2014 ,  54 .  97 
2009 ,  54 .  97 
2003 ,  55 .  55 
2002 ,  55 .  40 
1998 ,  55 .  55 
1990 ,  56 .  56 
1980 ,  56 .  71 
1982 ,  55 .  55 
1982 ,  54 .  97 
1977 ,  54 .  97 
1974 ,  55 .  98 
1979 ,  55 .  55 
1985 ,  55 .  55 
1984 ,  55 .  40 
1985 ,  55 .  11 
1994 ,  56 .  85 
1998 ,  55 .  98 
2002 ,  56 .  27 
2001 ,  56 .  56 
2008 ,  54 .  39 
2013 ,  55 .  11 
2016 ,  55 .  11 
2013 ,  55 .  55 
2016 ,  55 .  40 
2022 ,  55 .  55 
2020 ,  54 .  39 
2017 ,  55 .  55 
2020 ,  56 .  13 
2025 ,  54 .  97 
2021 ,  55 .  55 
2018 ,  55 .  26 
2025 ,  56 .  13 
2031 ,  55 .  55 
2032 ,  56 .  13 
2033 ,  57 .  14 
2043 ,  56 .  13 
2048 ,  54 .  97 
2047 ,  56 .  13 
2049 ,  55 .  55 
2056 ,  55 .  55 
2058 ,  54 .  97 
2058 ,  54 .  39 
2058 ,  56 .  56 
2062 ,  56 .  27 
2065 ,  55 .  55 
2063 ,  56 .  13 
2060 ,  55 .  55 
2061 ,  56 .  42 
2066 ,  55 .  55 
2064 ,  55 .  40 
2063 ,  55 .  55 
2066 ,  55 .  55 
2068 ,  53 .  81 
2066 ,  54 .  82 
2066 ,  55 .  98 
2066 ,  55 .  40 
2072 ,  54 .  97 
2070 ,  55 .  40 
2068 ,  55 .  11 
2072 ,  55 .  11 
2073 ,  54 .  97 
2072 ,  54 .  97 
2068 ,  55 .  98 
2070 ,  56 .  13 
2073 ,  54 .  82 
2073 ,  54 .  97 
2073 ,  56 .  56 
2077 ,  56 .  42 
2077 ,  54 .  97 
2076 ,  56 .  56 
2075 ,  55 .  55 
2076 ,  55 .  55 
2078 ,  56 .  71 
2073 ,  55 .  55 
2071 ,  55 .  84 
2073 ,  55 .  55 
2078 ,  55 .  55 
2073 ,  55 .  11 
2070 ,  56 .  13 
2072 ,  56 .  13 
2074 ,  56 .  71 
2074 ,  55 .  55 
2072 ,  55 .  55 
2077 ,  54 .  39 
2083 ,  54 .  53 
2078 ,  55 .  55 
2076 ,  55 .  55 
2078 ,  56 .  27 
2080 ,  54 .  97 
2077 ,  55 .  26 
2076 ,  55 .  40 
2078 ,  54 .  39 
2081 ,  55 .  11 
2079 ,  55 .  98 
2076 ,  55 .  55 
2079 ,  55 .  55 
2080 ,  56 .  13 
2080 ,  55 .  55 
2076 ,  55 .  55 
2082 ,  56 .  71 
2084 ,  56 .  42 
2084 ,  55 .  55 
2081 ,  55 .  55 
2084 ,  54 .  97 
2085 ,  55 .  55 
2082 ,  56 .  71 
2079 ,  56 .  71 
2083 ,  55 .  55 
2086 ,  56 .  42 
2082 ,  54 .  82 
2080 ,  55 .  55 
2081 ,  56 .  27 
2086 ,  55 .  55 
2089 ,  54 .  39 
2085 ,  55 .  55 
2090 ,  55 .  98 
2094 ,  55 .  55 
2089 ,  55 .  40 
2083 ,  55 .  55 
2085 ,  54 .  39 
2087 ,  54 .  82 
2084 ,  56 .  71 
2082 ,  56 .  27 
2082 ,  55 .  55 
2086 ,  53 .  66 
2082 ,  55 .  26 
2081 ,  55 .  55 
2084 ,  56 .  13 
2087 ,  55 .  55 
2085 ,  55 .  55 
2086 ,  56 .  56 
2089 ,  55 .  26 
2092 ,  56 .  13 
2086 ,  55 .  55 
2087 ,  55 .  11 
2088 ,  54 .  97 
2090 ,  55 .  55 
2089 ,  56 .  13 
2086 ,  55 .  55 
2092 ,  56 .  42 
2093 ,  55 .  40 
2091 ,  56 .  13 
2092 ,  55 .  55 
2093 ,  56 .  71 
2098 ,  55 .  11 
2096 ,  56 .  71 
2095 ,  54 .  97 
2100 ,  55 .  55 
2104 ,  55 .  40 
2103 ,  55 .  40 
2098 ,  58 .  30 
2099 ,  54 .  97 
2101 ,  55 .  55 
2098 ,  55 .  55 
2095 ,  55 .  55 
2097 ,  55 .  40 
2103 ,  56 .  71 
2101 ,  55 .  40 
2100 ,  55 .  98 
2103 ,  56 .  71 
2105 ,  55 .  55 
2104 ,  55 .  55 
2103 ,  55 .  40 
2105 ,  56 .  13 
2105 ,  55 .  55 
2100 ,  55 .  40 
2099 ,  55 .  98 
2098 ,  55 .  55 
2097 ,  55 .  98 
2094 ,  54 .  97 
2091 ,  55 .  84 
2092 ,  56 .  13 
2093 ,  56 .  71 
2092 ,  56 .  56 
2090 ,  55 .  84 
2092 ,  55 .  55 
2091 ,  55 .  55 
2090 ,  55 .  55 
2090 ,  55 .  98 
2093 ,  54 .  97 
2097 ,  53 .  81 
2099 ,  55 .  40 
2099 ,  56 .  56 
2103 ,  54 .  10 
2107 ,  55 .  40 
2106 ,  56 .  56 
2108 ,  55 .  55 
2114 ,  55 .  55 
2117 ,  52 .  79 
2115 ,  55 .  55 
2114 ,  55 .  55 
2123 ,  55 .  98 
2116 ,  55 .  55 
2111 ,  55 .  55 
2108 ,  55 .  55 
2110 ,  55 .  98 
2114 ,  55 .  55 
2110 ,  54 .  39 
2108 ,  54 .  39 
2112 ,  56 .  13 
2116 ,  56 .  56 
2111 ,  54 .  10 
2111 ,  54 .  82 
2114 ,  56 .  27 
2117 ,  55 .  26 
2116 ,  56 .  13 
2116 ,  55 .  55 
2117 ,  55 .  55 
2120 ,  55 .  26 
2116 ,  55 .  40 
2114 ,  55 .  55 
2116 ,  55 .  55 
2116 ,  55 .  84 
2114 ,  56 .  13 
2114 ,  56 .  27 
2113 ,  55 .  26 
2116 ,  54 .  97 
2112 ,  55 .  40 
2111 ,  55 .  98 
2116 ,  55 .  40 
2119 ,  56 .  71 
2118 ,  54 .  39 
2118 ,  55 .  26 
2123 ,  55 .  40 
2124 ,  56 .  13 
2121 ,  55 .  40 
2117 ,  55 .  55 
2121 ,  56 .  56 
2126 ,  56 .  13 
2120 ,  54 .  97 
2117 ,  54 .  97 
2118 ,  55 .  55 
2122 ,  56 .  71 
2117 ,  55 .  40 
2114 ,  54 .  24 
2118 ,  55 .  40 
2121 ,  56 .  56 
2118 ,  55 .  55 
2119 ,  55 .  55 
2121 ,  55 .  26 
2126 ,  55 .  55 
2126 ,  55 .  84 
2127 ,  56 .  13 
2131 ,  55 .  98 
2134 ,  56 .  13 
2132 ,  55 .  55 
2134 ,  55 .  98 
2138 ,  55 .  55 
2141 ,  55 .  55 
2138 ,  55 .  55 
2138 ,  56 .  13 
2142 ,  55 .  40 
2150 ,  55 .  55 
2151 ,  54 .  82 
2149 ,  55 .  40 
2155 ,  55 .  55 
2156 ,  54 .  39 
2151 ,  55 .  40 
2152 ,  56 .  13 
2151 ,  54 .  97 
2153 ,  54 .  97 
2148 ,  55 .  55 
2147 ,  55 .  55 
2148 ,  56 .  56 
2148 ,  55 .  55 
2144 ,  56 .  13 
2140 ,  55 .  55 
2147 ,  57 .  14 
2151 ,  54 .  97 
2149 ,  54 .  39 
2152 ,  55 .  55 
2157 ,  56 .  56 
2161 ,  54 .  39 
2158 ,  54 .  97 
2154 ,  56 .  13 
2158 ,  56 .  27 
2160 ,  54 .  39 
2158 ,  55 .  55 
2155 ,  55 .  40 
2153 ,  54 .  82 
2155 ,  56 .  13 
2153 ,  55 .  98 
2149 ,  54 .  82 
2153 ,  56 .  13 
2158 ,  55 .  55 
2154 ,  55 .  26 
2154 ,  53 .   8 
2158 ,  57 .   0 
2157 ,  55 .  98 
2155 ,  55 .  26 
2154 ,  54 .  82 
2155 ,  55 .  55 
2160 ,  55 .  40 
2156 ,  55 .  55 
2154 ,  55 .  11 
2157 ,  54 .  39 
2157 ,  55 .  40 
2154 ,  56 .  71 
2150 ,  55 .  40 
2154 ,  54 .  97 
2156 ,  56 .  71 
2152 ,  54 .  39 
2150 ,  55 .  55 
2154 ,  56 .  71 
2154 ,  55 .  55 
2152 ,  55 .  40 
2149 ,  55 .  55 
2151 ,  55 .  55 
2155 ,  56 .  13 
2152 ,  55 .  26 
2154 ,  56 .  85 
2155 ,  56 .  13 
2159 ,  55 .  55 
2156 ,  55 .  98 
2155 ,  55 .  40 
2157 ,  54 .  82 
2158 ,  55 .  55 
2159 ,  54 .  24 
2159 ,  55 .  26 
2164 ,  56 .  13 
2165 ,  55 .  55 
2160 ,  55 .  55 
2162 ,  55 .  11 
2165 ,  56 .  27 
2168 ,  55 .  55 
2168 ,  55 .  55 
2166 ,  55 .  11 
2171 ,  55 .  26 
2176 ,  55 .  55 
2172 ,  55 .  55 
2172 ,  55 .  40 
2175 ,  56 .  13 
2180 ,  54 .  97 
2184 ,  56 .  56 
2186 ,  55 .  55 
2188 ,  56 .  13 
2190 ,  55 .  55 
2188 ,  55 .  40 
2185 ,  55 .  55 
2190 ,  57 .  14 
2188 ,  55 .  11 
2185 ,  55 .  55 
2180 ,  56 .  71 
2184 ,  54 .  97 
2185 ,  55 .  40 
2182 ,  56 .  56 
2179 ,  55 .  55 
2181 ,  55 .  55 
2184 ,  55 .  98 
2177 ,  53 .  95 
2173 ,  54 .  82 
2177 ,  56 .  71 
2179 ,  56 .  13 
2173 ,  55 .  26 
2174 ,  55 .  55 
2172 ,  56 .  71 
2174 ,  56 .  56 
2174 ,  55 .  40 
2172 ,  55 .  26 
2177 ,  54 .  97 
2181 ,  55 .  40 
2177 ,  54 .  97 
2174 ,  55 .  55 
2174 ,  54 .  97 
2178 ,  57 .  14 
2174 ,  55 .  26 
2170 ,  55 .  98 
2176 ,  56 .  71 
2178 ,  53 .  81 
2174 ,  55 .  55 
2175 ,  56 .  71 
2176 ,  54 .  68 
2179 ,  54 .  97 
2178 ,  55 .  40 
2178 ,  56 .  27 
2186 ,  55 .  55 
2187 ,  55 .  98 
2184 ,  56 .  71 
2185 ,  55 .  55 
2187 ,  55 .  40 
2189 ,  56 .  13 
2184 ,  56 .  27 
2181 ,  55 .  40 
2186 ,  54 .  24 
2186 ,  55 .  40 
2181 ,  55 .  55 
2182 ,  55 .  55 
2184 ,  56 .  71 
2184 ,  57 .  14 
2181 ,  55 .  55 
2181 ,  55 .  55 
2187 ,  56 .  27 
2191 ,  56 .  56 
2185 ,  54 .  97 
2184 ,  55 .  40 
2188 ,  55 .  26 
2189 ,  55 .  40 
2187 ,  56 .  27 
2183 ,  55 .  55 
2190 ,  55 .  40 
2190 ,  54 .  97 
2186 ,  55 .  55 
2186 ,  55 .  55 
2185 ,  56 .  27 
2184 ,  54 .  97 
2184 ,  55 .  55 
2182 ,  55 .  55 
2185 ,  58 .  45 
2188 ,  55 .  55 
2183 ,  54 .  97 
2185 ,  55 .  55 
2187 ,  55 .  55 
2189 ,  55 .  11 
2185 ,  55 .  84 
2183 ,  55 .  55 
2188 ,  55 .  55 
2191 ,  55 .  55 
2188 ,  55 .  40 
2186 ,  55 .  55 
2189 ,  55 .  40 
2188 ,  55 .  55 
2184 ,  54 .  39 
2184 ,  55 .  55 
2186 ,  56 .  71 
2188 ,  55 .  55 
2184 ,  56 .  13 
2183 ,  54 .  82 
2184 ,  55 .  55 
2186 ,  56 .  71 
2182 ,  54 .  97 
2181 ,  55 .  40 
2188 ,  55 .  40 
2192 ,  56 .  71 
2191 ,  55 .  55 
2191 ,  56 .  13 
2196 ,  55 .  40 
2200 ,  55 .  55 
2196 ,  55 .  55 
2197 ,  56 .  13 
2202 ,  55 .  98 
2205 ,  55 .  40 
2203 ,  55 .  26 
2202 ,  56 .  56 
2204 ,  55 .  98 
2207 ,  56 .  13 
2200 ,  57 .  72 
2199 ,  55 .  55 
2199 ,  55 .  98 
2194 ,  55 .  55 
2185 ,  56 .  13 
2177 ,  56 .  13 
2178 ,  56 .  56 
2170 ,  55 .  55 
2161 ,  56 .  13 
2152 ,  56 .  27 
2146 ,  53 .  81 
2136 ,  55 .  55 
2122 ,  55 .  55 
2112 ,  56 .  13 
2102 ,  55 .  40 
2094 ,  55 .  55 
2081 ,  55 .  55 
2076 ,  55 .  11 
2077 ,  56 .  56 
2077 ,  55 .  26 
2078 ,  55 .  40 
2083 ,  55 .  55 
2096 ,  55 .  55 
2110 ,  56 .  71 
2116 ,  55 .  26 
2128 ,  55 .  40 
2143 ,  55 .  26 
2155 ,  55 .  55 
2166 ,  55 .  55 
2172 ,  55 .  11 
2185 ,  56 .  71 
2195 ,  57 .  29 
2202 ,  54 .  97 
2213 ,  54 .  97 
2227 ,  55 .  55 
2242 ,  55 .  55 
2252 ,  55 .  55 
2266 ,  55 .  55 
2277 ,  56 .  71 
2279 ,  55 .  55 
2275 ,  55 .  55 
2273 ,  56 .  13 
2277 ,  54 .  82 
2280 ,  55 .  55 
2278 ,  54 .  39 
2281 ,  54 .  97 
2286 ,  56 .  13 
2289 ,  55 .  55 
2284 ,  55 .  26 
2282 ,  55 .  98 
2284 ,  55 .  55 
2284 ,  56 .  71 
2278 ,  55 .  11 
2277 ,  55 .  55 
2271 ,  55 .  40 
2270 ,  54 .  82 
2259 ,  55 .  55 
2257 ,  55 .  98 
2262 ,  56 .  13 
2262 ,  54 .  39 
2262 ,  54 .  97 
2265 ,  56 .  42 
2272 ,  56 .  42 
2273 ,  56 .  13 
2279 ,  55 .  55 
2284 ,  55 .  11 
2293 ,  55 .  55 
2298 ,  54 .  97 
2299 ,  56 .  13 
2303 ,  55 .  55 
2303 ,  55 .  40 
2304 ,  55 .  55 
2296 ,  55 .  55 
2296 ,  55 .  40 
2297 ,  54 .  97 
2298 ,  55 .  40 
2296 ,  55 .  55 
2299 ,  55 .  55 
2302 ,  54 .  82 
2302 ,  55 .  55 
2296 ,  55 .  98 
2296 ,  55 .  55 
2302 ,  56 .  71 
2301 ,  56 .  71 
2302 ,  54 .  97 
2304 ,  56 .  71 
2305 ,  55 .  55 
2310 ,  55 .  55 
2301 ,  55 .  40 
2298 ,  55 .  55 
2302 ,  56 .  56 
2297 ,  55 .  55 
2296 ,  54 .  10 
2300 ,  55 .  55 
2298 ,  54 .  68 
2298 ,  55 .  55 
2292 ,  55 .  55 
2288 ,  55 .  26 
2294 ,  57 .  14 
2293 ,  53 .  81 
2292 ,  55 .  26 
2297 ,  56 .  13 
2300 ,  55 .  98 
2301 ,  54 .  39 
2296 ,  55 .  55 
2295 ,  56 .  27 
2296 ,  55 .  55 
2299 ,  57 .  29 
2293 ,  55 .  55 
2293 ,  56 .  71 
2294 ,  55 .  69 
2291 ,  54 .  97 
2285 ,  56 .  13 
2282 ,  54 .  82 
2285 ,  56 .  71 
2284 ,  56 .  71 
2282 ,  55 .  11 
2284 ,  55 .  40 
2287 ,  56 .  42 
2287 ,  55 .  55 
2284 ,  54 .  39 
2285 ,  55 .  55 
2290 ,  57 .  43 
2292 ,  55 .  55 
2293 ,  55 .  40 
2293 ,  54 .  97 
2300 ,  55 .  55 
2299 ,  55 .  98 
2298 ,  54 .  82 
2295 ,  55 .  26 
2299 ,  56 .  42 
2299 ,  55 .  40 
2294 ,  55 .  26 
2294 ,  55 .  55 
2297 ,  56 .  56 
2293 ,  54 .  97 
2288 ,  55 .  26 
2288 ,  56 .  42 
2287 ,  54 .  39 
2287 ,  54 .  39 
2284 ,  55 .  55 
2282 ,  55 .  55 
2286 ,  56 .  13 
2287 ,  54 .  82 
2284 ,  55 .  40 
2281 ,  55 .  55 
2286 ,  56 .  71 
2283 ,  55 .  26 
2281 ,  55 .  55 
2279 ,  55 .  11 
2282 ,  55 .  55 
2281 ,  55 .  40 
2275 ,  55 .  98 
2271 ,  54 .  97 
2271 ,  56 .  13 
2270 ,  55 .  55 
2265 ,  54 .  24 
2267 ,  57 .  29 
2266 ,  55 .  55 
2271 ,  55 .  98 
2268 ,  54 .  39 
2270 ,  55 .  55 
2273 ,  55 .  40 
2269 ,  55 .  55 
2272 ,  57 .  72 
2274 ,  55 .  40 
2278 ,  55 .  40 
2278 ,  55 .  55 
2275 ,  55 .  55 
2278 ,  55 .  98 
2277 ,  54 .  97 
2280 ,  56 .  13 
2278 ,  55 .  55 
2283 ,  55 .  40 
2287 ,  55 .  98 
2288 ,  56 .  56 
2286 ,  55 .  55 
2286 ,  56 .  42 
2290 ,  56 .  13 
2288 ,  56 .  27 
2284 ,  55 .  55 
2290 ,  56 .  27 
2288 ,  55 .  26 
2288 ,  55 .  40 
2282 ,  55 .  98 
2280 ,  56 .  27 
2282 ,  55 .  98 
2278 ,  55 .  55 
2276 ,  55 .  40 
2272 ,  55 .  98 
2274 ,  56 .  56 
2270 ,  55 .  55 
2267 ,  54 .  97 
2263 ,  55 .  40 
2257 ,  55 .  11 
2251 ,  55 .  55 
2238 ,  56 .  56 
2228 ,  55 .  11 
2217 ,  56 .  42 
2199 ,  54 .  68 
2176 ,  56 .  27 
2154 ,  55 .  55 
2132 ,  55 .  40 
2107 ,  56 .  56 
2076 ,  54 .  39 
2046 ,  54 .  97 
2013 ,  54 .  97 
1975 ,  55 .  55 
1940 ,  55 .  26 
1913 ,  56 .  27 
1893 ,  56 .  71 
1879 ,  56 .  71 
1868 ,  55 .  55 
1867 ,  56 .  13 
1869 ,  53 .  52 
1867 ,  54 .  39 
1858 ,  56 .  71 
1851 ,  55 .  98 
1842 ,  54 .  97 
1829 ,  55 .  55 
1811 ,  55 .  55 
1805 ,  54 .  82 
1805 ,  55 .  55 
1794 ,  55 .  26 
1772 ,  55 .  55 
1748 ,  56 .  27 
1725 ,  55 .  26 
1700 ,  54 .  97 
1679 ,  56 .  13 
1674 ,  56 .  56 
1680 ,  57 .  29 
1679 ,  54 .  97 
1677 ,  55 .  55 
1689 ,  54 .  97 
1704 ,  54 .  39 
1709 ,  55 .  55 
1705 ,  55 .  11 
1707 ,  55 .  84 
1712 ,  55 .  55 
1709 ,  55 .  26 
1701 ,  55 .  84 
1698 ,  54 .  39 
1702 ,  56 .  71 
1694 ,  55 .  40 
1688 ,  55 .  55 
1698 ,  56 .  27 
1714 ,  55 .  98 
1723 ,  54 .  97 
1722 ,  55 .  26 
1729 ,  55 .  55 
1746 ,  54 .  97 
1758 ,  55 .  98 
1773 ,  56 .  71 
1795 ,  55 .  40 
1823 ,  55 .  55 
1833 ,  55 .  98 
1842 ,  55 .  55 
1852 ,  56 .  42 
1866 ,  56 .  71 
1870 ,  56 .  42 
1866 ,  55 .  55 
1867 ,  55 .  55 
1870 ,  56 .  13 
1860 ,  56 .  56 
1848 ,  54 .  82 
1841 ,  54 .  97 
1832 ,  55 .  55 
1823 ,  56 .  13 
1807 ,  54 .  39 
1801 ,  56 .  71 
1794 ,  55 .  40 
1780 ,  56 .  71 
1765 ,  55 .  55 
1757 ,  55 .  40 
1743 ,  55 .  55 
1724 ,  55 .  40 
1710 ,  55 .  55 
1705 ,  56 .  56 
1710 ,  55 .  11 
1708 ,  56 .  13 
1704 ,  54 .  82 
1700 ,  55 .  55 
1696 ,  55 .  98 
1693 ,  55 .  55 
1692 ,  55 .  40 
1703 ,  54 .  39 
1717 ,  55 .  55 
1727 ,  56 .  42 
1731 ,  55 .  40 
1753 ,  55 .  55 
1795 ,  56 .  56 
1839 ,  55 .  40 
1888 ,  55 .  55 
1946 ,  55 .  55 
2011 ,  57 .  58 
2052 ,  55 .  11 
2081 ,  55 .  40 
2124 ,  55 .  55 
2175 ,  56 .  71 
2211 ,  55 .  11 
2233 ,  55 .  11 
2252 ,  55 .  55 
2263 ,  56 .  13 
2261 ,  56 .  13 
2259 ,  55 .  40 
2264 ,  55 .  55 
2274 ,  56 .  71 
2279 ,  56 .  56 
2283 ,  55 .  26 
2286 ,  56 .  13 
2293 ,  56 .  71 
2293 ,  55 .  55 
2296 ,  57 .  14 
2303 ,  54 .  97 
2307 ,  56 .  71 
2302 ,  56 .  42 
2290 ,  53 .  81 
2281 ,  55 .  11 
2274 ,  55 .  55 
2260 ,  55 .  55 
2247 ,  55 .  55 
2238 ,  56 .  56 
2229 ,  56 .  13 
2213 ,  55 .  55 
2202 ,  55 .  11 
2190 ,  55 .  55 
2180 ,  56 .  13 
2172 ,  55 .  55 
2159 ,  55 .  26 
2152 ,  55 .  55 
2137 ,  55 .  55 
2121 ,  56 .  13 
2102 ,  56 .  13 
2088 ,  55 .  11 
2080 ,  55 .  40 
2062 ,  56 .  71 
2044 ,  54 .  97 
2030 ,  55 .  55 
2019 ,  55 .  84 
2003 ,  55 .  55 
1990 ,  55 .  55 
1983 ,  55 .  55 
1980 ,  56 .  13 
1970 ,  55 .  55 
1963 ,  54 .  82 
1965 ,  56 .  13 
1969 ,  55 .  40 
1969 ,  54 .  97 
1969 ,  55 .  11 
1973 ,  55 .  55 
1983 ,  56 .  13 
1984 ,  55 .  55 
1985 ,  55 .  55 
1992 ,  55 .  98 
1999 ,  55 .  98 
2002 ,  55 .  98 
2004 ,  54 .  97 
2010 ,  55 .  84 
2024 ,  56 .  71 
2030 ,  55 .  55 
2034 ,  55 .  11 
2048 ,  54 .  82 
2059 ,  56 .  71 
2065 ,  55 .  55 
2067 ,  56 .  13 
2071 ,  55 .  26 
2075 ,  54 .  97 
2074 ,  55 .  55 
2071 ,  55 .  40 
2072 ,  55 .  55 
2078 ,  56 .  71 
2070 ,  54 .  97 
2063 ,  55 .  55 
2066 ,  57 .  14 
2064 ,  55 .  55 
2060 ,  56 .  13 
2060 ,  55 .  55 
2060 ,  55 .  40 
2063 ,  56 .  27 
2059 ,  55 .  26 
2055 ,  55 .  98 
2056 ,  56 .  56 
2056 ,  55 .  98 
2050 ,  55 .  55 
2048 ,  56 .  13 
2047 ,  55 .  55 
2055 ,  56 .  13 
2045 ,  54 .  39 
2042 ,  55 .  55 
2045 ,  55 .  55 
2050 ,  56 .  13 
2046 ,  54 .  82 
2044 ,  54 .  82 
2050 ,  55 .  55 
2055 ,  54 .  97 
2056 ,  55 .  55 
2052 ,  56 .  71 
2056 ,  55 .  40 
2061 ,  56 .  13 
2055 ,  55 .  55 
2056 ,  55 .  55 
2059 ,  55 .  55 
2064 ,  56 .  56 
2062 ,  55 .  55 
2060 ,  55 .  26 
2064 ,  56 .  71 
2062 ,  56 .  13 
2061 ,  55 .  55 
2062 ,  55 .  55 
2064 ,  55 .  26 
2067 ,  55 .  40 
2065 ,  55 .  55 
2064 ,  55 .  55 
2068 ,  57 .  14 
2066 ,  55 .  55 
2065 ,  56 .  13 
2061 ,  55 .  55 
2065 ,  56 .  13 
2072 ,  57 .  29 
2068 ,  55 .  55 
2067 ,  55 .  55 
2072 ,  56 .  27 
2077 ,  55 .  40 
2081 ,  55 .  98 
2086 ,  55 .  55 
2099 ,  56 .  42 
2115 ,  55 .  55 
2117 ,  55 .  40 
2123 ,  56 .  13 
2130 ,  56 .  56 
2135 ,  55 .  55 
2135 ,  56 .  71 
2134 ,  55 .  26 
2139 ,  54 .  82 
2143 ,  56 .  13 
2144 ,  56 .  27 
2148 ,  55 .  40 
2152 ,  55 .  55 
2156 ,  56 .  71 
2157 ,  54 .  97 
2163 ,  55 .  55 
2170 ,  55 .  55 
2177 ,  55 .  55 
2182 ,  55 .  55 
2181 ,  55 .  40 
2189 ,  55 .  55 
2195 ,  55 .  55 
2196 ,  56 .  56 
2197 ,  55 .  98 
2204 ,  56 .  56 
2212 ,  56 .  71 
2213 ,  55 .  55 
2220 ,  57 .  14 
2232 ,  56 .  13 
2243 ,  55 .  55 
2245 ,  55 .  26 
2252 ,  55 .  98 
2258 ,  56 .  13 
2261 ,  55 .  26 
2259 ,  55 .  26 
2258 ,  55 .  11 
2258 ,  56 .  13 
2255 ,  55 .  55 
2254 ,  55 .  55 
2245 ,  55 .  55 
2246 ,  55 .  40 
2247 ,  56 .  71 
2243 ,  55 .  26 
2242 ,  55 .  40 
2240 ,  54 .  39 
2243 ,  55 .  55 
2242 ,  56 .  27 
2247 ,  54 .  97 
2260 ,  55 .  40 
2268 ,  55 .  98 
2268 ,  55 .  40 
2269 ,  54 .  39 
2274 ,  56 .  13 
2269 ,  55 .  84 
2263 ,  56 .  56 
2253 ,  55 .  55 
2248 ,  55 .  55 
2240 ,  56 .  71 
2221 ,  54 .  39 
2208 ,  55 .  98 
2195 ,  56 .  42 
2180 ,  55 .  55 
2160 ,  55 .  55 
2148 ,  55 .  40 
2139 ,  55 .  40 
2132 ,  55 .  98 
2123 ,  55 .  11 
2119 ,  55 .  40 
2122 ,  55 .  55 
2124 ,  56 .  71 
2125 ,  55 .  55 
2132 ,  55 .  55 
2146 ,  55 .  55 
2163 ,  56 .  71 
2171 ,  55 .  55 
2181 ,  55 .  40 
2194 ,  56 .  13 
2203 ,  52 .  93 
2202 ,  55 .  55 
2206 ,  55 .  98 
2209 ,  56 .  71 
2211 ,  55 .  26 
2206 ,  55 .  55 
2203 ,  55 .  55 
2201 ,  55 .  40 
2202 ,  56 .  13 
2195 ,  56 .  71 
2194 ,  54 .  97 
2195 ,  55 .  84 
2196 ,  56 .  71 
2195 ,  55 .  55 
2196 ,  55 .  98 
2200 ,  56 .  42 
2201 ,  54 .  97 
2196 ,  55 .  40 
2195 ,  56 .  27 
2191 ,  54 .  82 
2187 ,  55 .  55 
2181 ,  55 .  55 
2173 ,  55 .  26 
2171 ,  55 .  40 
2164 ,  55 .  55 
2156 ,  55 .  40 
2148 ,  56 .  42 
2149 ,  55 .  55 
2150 ,  56 .  71 
2149 ,  56 .  71 
2149 ,  55 .  55 
2155 ,  56 .  71 
2160 ,  56 .  13 
2158 ,  55 .  55 
2159 ,  55 .  26 
2162 ,  55 .  55 
2168 ,  56 .  13 
2165 ,  56 .  42 
2164 ,  55 .  55 
2172 ,  55 .  40 
2169 ,  55 .  55 
2168 ,  54 .  10 
2163 ,  55 .  40 
2168 ,  56 .  13 
2172 ,  56 .  56 
2169 ,  56 .  13 
2168 ,  57 .  14 
2173 ,  56 .  27 
2175 ,  55 .  98 
2172 ,  55 .  55 
2172 ,  54 .  97 
2172 ,  55 .  55 
2176 ,  55 .  98 
2172 ,  55 .  98 
2169 ,  55 .  98 
2170 ,  55 .  11 
2165 ,  55 .  26 
2162 ,  56 .  71 
2156 ,  55 .  55 
2157 ,  55 .  55 
2157 ,  55 .  55 
2151 ,  56 .  56 
2152 ,  55 .  40 
2154 ,  55 .  40 
2156 ,  56 .  56 
2155 ,  55 .  55 
2159 ,  55 .  98 
2164 ,  56 .  42 
2168 ,  55 .  55 
2165 ,  54 .  82 
2166 ,  55 .  40 
2174 ,  55 .  55 
2172 ,  55 .  98 
2169 ,  55 .  26 
2170 ,  55 .  55 
2169 ,  55 .  55 
2169 ,  56 .  71 
2166 ,  55 .  98 
2164 ,  53 .  81 
2167 ,  55 .  11 
2167 ,  55 .  55 
2166 ,  55 .  98 
2165 ,  55 .  55 
2169 ,  56 .  56 
2176 ,  55 .  40 
2172 ,  56 .  27 
2171 ,  54 .  82 
2176 ,  56 .  56 
2180 ,  56 .  13 
2175 ,  55 .  55 
2176 ,  54 .  97 
2178 ,  55 .  55 
2176 ,  55 .  40 
2176 ,  56 .  56 
2176 ,  56 .  13 
2180 ,  55 .  55 
2181 ,  55 .  55 
2177 ,  55 .  55 
2177 ,  56 .  56 
2186 ,  56 .  56 
2191 ,  56 .  56 
2186 ,  55 .  26 
2189 ,  55 .  55 
2194 ,  56 .  71 
2196 ,  54 .  97 
2193 ,  54 .  97 
2191 ,  55 .  55 
2193 ,  55 .  40 
2192 ,  55 .  40 
2190 ,  56 .  42 
2191 ,  54 .  10 
2195 ,  55 .  55 
2197 ,  56 .  56 
2190 ,  55 .  55 
2193 ,  54 .  97 
2194 ,  55 .  98 
2194 ,  55 .  26 
2192 ,  55 .  55 
2194 ,  56 .  71 
2197 ,  55 .  55 
2196 ,  56 .  13 
2192 ,  55 .  55 
2190 ,  55 .  26 
2194 ,  56 .  56 
2193 ,  56 .  71 
2189 ,  55 .  55 
2190 ,  55 .  98 
2191 ,  55 .  55 
2192 ,  55 .  55 
2190 ,  56 .  27 
2189 ,  54 .  82 
2191 ,  56 .  13 
2192 ,  54 .  97 
2187 ,  55 .  40 
2189 ,  55 .  55 
2195 ,  55 .  55 
2195 ,  56 .  42 
2190 ,  55 .  40 
2191 ,  56 .  13 
2189 ,  55 .  40 
2192 ,  55 .  40 
2189 ,  55 .  55 
2190 ,  55 .  55 
2193 ,  56 .  13 
2194 ,  55 .  26 
2194 ,  55 .  55 
2192 ,  55 .  55 
2196 ,  56 .  13 
2196 ,  55 .  11 
2193 ,  55 .  40 
2194 ,  55 .  55 
2198 ,  55 .  55 
2197 ,  55 .  98 
2196 ,  56 .  13 
2195 ,  56 .  13 
2197 ,  55 .  55 
2198 ,  56 .  71 
2194 ,  55 .  40 
2196 ,  55 .  40 
2200 ,  55 .  55 
2201 ,  54 .  97 
2197 ,  55 .  55 
2198 ,  55 .  55 
2199 ,  55 .  26 
2200 ,  56 .  71 
2195 ,  55 .  55 
2196 ,  56 .  13 
2195 ,  56 .  71 
2199 ,  55 .  55 
2195 ,  55 .  55 
2195 ,  55 .  40 
2200 ,  54 .  97 
2198 ,  56 .  71 
2191 ,  56 .  13 
2195 ,  55 .  40 
2198 ,  55 .  55 
2198 ,  56 .  56 
2195 ,  55 .  55 
2201 ,  55 .  40 
2199 ,  55 .  55 
2198 ,  55 .  11 
2191 ,  55 .  55 
2193 ,  55 .  40 
2198 ,  55 .  98 
2197 ,  56 .  13 
2193 ,  56 .  56 
2192 ,  55 .  98 
2194 ,  56 .  13 
2185 ,  56 .  42 
2176 ,  54 .  97 
2170 ,  56 .  42 
2164 ,  55 .  55 
2154 ,  54 .  82 
2142 ,  56 .  13 
2136 ,  54 .  39 
2133 ,  56 .  42 
2128 ,  55 .  98 
2124 ,  56 .  13 
2125 ,  55 .  40 
2130 ,  54 .  97 
2130 ,  54 .  82 
2129 ,  54 .  97 
2131 ,  55 .  55 
2136 ,  56 .  71 
2135 ,  56 .  27 
2134 ,  54 .  97 
2136 ,  55 .  98 
2143 ,  54 .  97 
2146 ,  55 .  84 
2144 ,  55 .  55 
2148 ,  56 .  56 
2155 ,  56 .  42 
2157 ,  54 .  39 
2153 ,  54 .  97 
2160 ,  55 .  40 
2161 ,  54 .  24 
2160 ,  55 .  40 
2159 ,  56 .  71 
2157 ,  54 .  97 
2163 ,  56 .  42 
2162 ,  57 .  29 
2154 ,  55 .  55 
2149 ,  55 .  55 
2146 ,  56 .  27 
2133 ,  55 .  40 
2123 ,  55 .  98 
2119 ,  55 .  98 
2117 ,  55 .  84 
2115 ,  56 .  27 
2115 ,  54 .  82 
2122 ,  56 .  13 
2131 ,  55 .  98 
2142 ,  55 .  84 
2145 ,  55 .  40 
2156 ,  55 .  55 
2168 ,  55 .  11 
2175 ,  56 .  42 
2182 ,  55 .  40 
2188 ,  56 .  27 
2193 ,  56 .  13 
2195 ,  56 .  71 
2189 ,  54 .  97 
2189 ,  55 .  26 
2190 ,  55 .  40 
2183 ,  54 .  97 
2181 ,  55 .  40 
2182 ,  57 .  14 
2184 ,  55 .  84 
2180 ,  55 .  11 
2175 ,  55 .  98 
2175 ,  55 .  55 
2178 ,  55 .  55 
2175 ,  55 .  55 
2176 ,  56 .  71 
2175 ,  55 .  26 
2178 ,  55 .  55 
2177 ,  56 .  71 
2175 ,  55 .  26 
2179 ,  56 .  27 
2181 ,  56 .  42 
2184 ,  55 .  40 
2184 ,  55 .  55 
2188 ,  55 .  55 
2200 ,  55 .  55 
2202 ,  54 .  97 
2201 ,  55 .  55 
2208 ,  55 .  55 
2211 ,  55 .  55 
2211 ,  56 .  56 
2208 ,  56 .  71 
2210 ,  54 .  39 
2213 ,  56 .  42 
2216 ,  56 .  71 
2213 ,  55 .  11 
2216 ,  56 .  27 
2220 ,  56 .  42 
2219 ,  53 .  22 
2218 ,  54 .  97 
2222 ,  56 .  56 
2224 ,  55 .  98 
2224 ,  55 .  55 
2222 ,  55 .  40 
2226 ,  55 .  98 
2228 ,  55 .  40 
2228 ,  57 .  14 
2221 ,  55 .  55 
2220 ,  55 .  40 
2223 ,  55 .  55 
2219 ,  54 .  97 
2219 ,  55 .  84 
2223 ,  55 .  55 
2230 ,  55 .  55 
2229 ,  55 .  55 
2228 ,  54 .  97 
2230 ,  55 .  55 
2232 ,  54 .  97 
2231 ,  56 .  56 
2232 ,  56 .  71 
2231 ,  54 .  97 
2234 ,  55 .  55 
2230 ,  55 .  55 
2226 ,  55 .  55 
2227 ,  55 .  40 
2230 ,  56 .  71 
2226 ,  56 .  42 
2227 ,  55 .  55 
2227 ,  56 .  13 
2232 ,  56 .  56 
2228 ,  54 .  39 
2227 ,  56 .  13 
2226 ,  55 .  55 
2231 ,  55 .  98 
2232 ,  55 .  55 
2227 ,  56 .  71 
2230 ,  54 .  97 
2232 ,  56 .  42 
2228 ,  56 .  71 
2223 ,  56 .  71 
2221 ,  56 .  13 
2223 ,  54 .  97 
2223 ,  54 .  82 
2219 ,  55 .  55 
2223 ,  53 .  81 
2225 ,  55 .  55 
2230 ,  55 .  98 
2227 ,  55 .  11 
2232 ,  55 .  55 
2240 ,  55 .  55 
2241 ,  54 .  97 
2241 ,  55 .  11 
2244 ,  55 .  98 
2248 ,  55 .  55 
2244 ,  54 .  39 
2244 ,  55 .  55 
2246 ,  55 .  40 
2249 ,  55 .  40 
2252 ,  56 .  71 
2252 ,  56 .  13 
2257 ,  56 .  13 
2262 ,  56 .  13 
2263 ,  55 .  11 
2259 ,  55 .  55 
2260 ,  55 .  55 
2260 ,  55 .  98 
2257 ,  55 .  55 
2253 ,  56 .  71 
2252 ,  55 .  55 
2255 ,  55 .  55 
2255 ,  55 .  55 
2248 ,  55 .  26 
2252 ,  55 .  55 
2249 ,  55 .  40 
2247 ,  56 .  13 
2244 ,  54 .  97 
2243 ,  56 .  42 
2243 ,  55 .  55 
2243 ,  55 .  55 
2238 ,  54 .  10 
2240 ,  55 .  55 
2239 ,  54 .  39 
2235 ,  55 .  55 
2235 ,  54 .  97 
2234 ,  55 .  55 
2237 ,  55 .  98 
2231 ,  55 .  26 
2224 ,  56 .  56 
2220 ,  55 .  55 
2217 ,  55 .  26 
2210 ,  56 .  71 
2202 ,  55 .  98 
2199 ,  55 .  55 
2198 ,  56 .  13 
2188 ,  54 .  39 
2180 ,  55 .  84 
2173 ,  54 .  97 
2172 ,  54 .  97 
2166 ,  55 .  40 
2161 ,  56 .  71 
2165 ,  55 .  40 
2165 ,  55 .  55 
2163 ,  55 .  55 
2162 ,  55 .  55 
2162 ,  54 .  97 
2163 ,  56 .  13 
2163 ,  56 .  71 
2160 ,  55 .  26 
2168 ,  56 .  13 
2175 ,  56 .  42 
2177 ,  54 .  39 
2184 ,  55 .  40 
2193 ,  55 .  40 
2206 ,  55 .  26 
2218 ,  56 .  13 
2230 ,  55 .  55 
2247 ,  56 .  56 
2266 ,  56 .  13 
2278 ,  55 .  55 
2288 ,  54 .  97 
2298 ,  56 .  13 
2305 ,  56 .  42 
2311 ,  56 .  56 
2304 ,  56 .  13 
2303 ,  55 .  98 
2305 ,  54 .  97 
2302 ,  53 .  81 
2299 ,  55 .  55 
2299 ,  56 .  27 
2301 ,  55 .  98 
2299 ,  55 .  55 
2301 ,  54 .  97 
2309 ,  55 .  55 
2314 ,  56 .  42 
2313 ,  54 .  24 
2310 ,  55 .  40 
2308 ,  55 .  40 
2301 ,  54 .  97 
2292 ,  56 .  71 
2281 ,  55 .  98 
2277 ,  54 .  97 
2272 ,  55 .  55 
2266 ,  55 .  98 
2259 ,  55 .  26 
2261 ,  55 .  55 
2270 ,  56 .  13 
2273 ,  55 .  26 
2283 ,  56 .  71 
2295 ,  55 .  11 
2304 ,  56 .  42 
2314 ,  57 .  14 
2318 ,  56 .  42 
2324 ,  55 .  55 
2332 ,  56 .  27 
2328 ,  56 .  13 
2328 ,  55 .  55 
2326 ,  55 .  11 
2327 ,  55 .  40 
2320 ,  55 .  98 
2314 ,  55 .  40 
2308 ,  54 .  39 
2304 ,  55 .  55 
2298 ,  56 .  42 
2289 ,  56 .  71 
2290 ,  54 .  82 
2290 ,  56 .  85 
2285 ,  56 .  13 
2280 ,  54 .  97 
2282 ,  55 .  40 
2283 ,  55 .  40 
2275 ,  56 .  56 
2273 ,  55 .  55 
2270 ,  55 .  11 
2267 ,  55 .  55 
2259 ,  55 .  55 
2255 ,  56 .  56 
2250 ,  55 .  40 
2250 ,  55 .  40 
2241 ,  55 .  26 
2236 ,  56 .  71 
2236 ,  55 .  40 
2234 ,  55 .  55 
2234 ,  56 .  71 
2231 ,  54 .  39 
2235 ,  54 .  97 
2239 ,  55 .  55 
2237 ,  57 .   0 
2235 ,  56 .  27 
2239 ,  55 .  55 
2242 ,  56 .  71 
2238 ,  54 .  39 
2239 ,  55 .  55 
2243 ,  55 .  55 
2241 ,  56 .  13 
2234 ,  55 .  55 
2233 ,  56 .  56 
2237 ,  55 .  26 
2240 ,  55 .  55 
2237 ,  57 .  29 
2237 ,  55 .  55 
2236 ,  54 .  53 
2234 ,  55 .  55 
2226 ,  55 .  55 
2226 ,  55 .  55 
2225 ,  54 .  39 
2228 ,  55 .  55 
2226 ,  55 .  98 
2221 ,  55 .  40 
2225 ,  54 .  39 
2224 ,  54 .  97 
2222 ,  56 .  13 
2217 ,  55 .  26 
2219 ,  55 .  55 
2222 ,  56 .  71 
2218 ,  55 .  55 
2224 ,  55 .  26 
2228 ,  55 .  55 
2233 ,  54 .  82 
2231 ,  56 .  71 
2228 ,  55 .  55 
2232 ,  55 .  98 
2232 ,  56 .  56 
2230 ,  55 .  55 
2227 ,  56 .  42 
2232 ,  57 .  14 
2231 ,  55 .  40 
2230 ,  55 .  40 
2228 ,  56 .  71 
2233 ,  55 .  11 
2236 ,  55 .  55 
2237 ,  56 .  56 
2240 ,  55 .  55 
2248 ,  55 .  55 
2249 ,  56 .  56 
2246 ,  55 .  98 
2241 ,  55 .  40 
2242 ,  55 .  55 
2242 ,  56 .  13 
2240 ,  55 .  55 
2234 ,  55 .  55 
2240 ,  55 .  55 
2242 ,  55 .  55 
2239 ,  55 .  84 
2240 ,  56 .  27 
2244 ,  57 .  29 
2249 ,  55 .  55 
2243 ,  55 .  55 
2243 ,  56 .  13 
2245 ,  54 .  68 
2245 ,  55 .  55 
2239 ,  56 .  71 
2235 ,  54 .  82 
2236 ,  55 .  55 
2238 ,  56 .  13 
2233 ,  55 .  55 
2232 ,  55 .  55 
2231 ,  56 .  71 
2231 ,  55 .  84 
2229 ,  55 .  84 
2225 ,  55 .  40 
2227 ,  55 .  55 
2225 ,  55 .  84 
2221 ,  54 .  97 
2220 ,  55 .  55 
2220 ,  56 .  56 
2218 ,  55 .  84 
2213 ,  56 .  42 
2212 ,  55 .  55 
2212 ,  56 .  27 
2213 ,  56 .  42 
2214 ,  55 .  98 
2216 ,  55 .  55 
2218 ,  54 .  39 
2222 ,  55 .  40 
2222 ,  55 .  40 
2222 ,  55 .  26 
2223 ,  56 .  13 
2224 ,  55 .  26 
2220 ,  55 .  55 
2219 ,  56 .  27 
2223 ,  54 .  97 
2225 ,  55 .  55 
2223 ,  55 .  55 
2222 ,  55 .  55 
2222 ,  55 .  98 
2222 ,  56 .  27 
2216 ,  55 .  26 
2216 ,  55 .  98 
2222 ,  56 .  71 
2224 ,  55 .  11 
2221 ,  54 .  82 
2224 ,  55 .  55 
2227 ,  55 .  55 
2228 ,  56 .  13 
2231 ,  56 .  71 
2229 ,  56 .  13 
2236 ,  55 .  55 
2237 ,  53 .  81 
2233 ,  56 .  13 
2233 ,  54 .  97 
2234 ,  55 .  55 
2233 ,  54 .  10 
2228 ,  55 .  55 
2225 ,  56 .  71 
2228 ,  55 .  40 
2227 ,  56 .  56 
2223 ,  55 .  55 
2222 ,  54 .  82 
2226 ,  55 .  55 
2227 ,  55 .  26 
2225 ,  55 .  55 
2228 ,  56 .  13 
2232 ,  54 .  39 
2233 ,  54 .  97 
2228 ,  55 .  55 
2227 ,  56 .  42 
2225 ,  55 .  55 
2228 ,  56 .  27 
2220 ,  54 .  39 
2220 ,  56 .  71 
2223 ,  56 .  71 
2220 ,  55 .  40 
2221 ,  56 .  13 
2220 ,  56 .  56 
2220 ,  55 .  40 
2217 ,  55 .  98 
2218 ,  57 .  14 
2215 ,  55 .  26 
2218 ,  54 .  97 
2220 ,  55 .  98 
2215 ,  56 .  71 
2215 ,  56 .  42 
2220 ,  54 .  97 
2221 ,  55 .  55 
2220 ,  55 .  55 
2226 ,  55 .  98 
2226 ,  55 .  55 
2229 ,  54 .  68 
2230 ,  57 .  43 
2230 ,  56 .  71 
2230 ,  55 .  55 
2233 ,  55 .  98 
2231 ,  55 .  55 
2227 ,  54 .  82 
2232 ,  56 .  27 
2221 ,  54 .  68 
2219 ,  55 .  98 
2210 ,  55 .  98 
2205 ,  55 .  55 
2193 ,  56 .  13 
2180 ,  55 .  55 
2172 ,  55 .  55 
2168 ,  55 .  55 
2164 ,  55 .  55 
2157 ,  56 .  13 
2155 ,  55 .  40 
2152 ,  56 .  56 
2147 ,  55 .  84 
2140 ,  56 .  13 
2140 ,  56 .  56 
2147 ,  56 .  13 
2151 ,  55 .  55 
2154 ,  55 .  98 
2159 ,  55 .  55 
2163 ,  55 .  55 
2170 ,  55 .  98 
2172 ,  55 .  40 
2179 ,  56 .  13 
2192 ,  56 .  13 
2199 ,  55 .  55 
2204 ,  56 .  13 
2212 ,  55 .  55 
2219 ,  55 .  55 
2224 ,  55 .  55 
2225 ,  55 .  55 
2232 ,  56 .  13 
2244 ,  55 .  40 
2252 ,  55 .  40 
2260 ,  55 .  55 
2269 ,  55 .  26 
2275 ,  55 .  98 
2278 ,  56 .  56 
2272 ,  54 .  97 
2272 ,  55 .  55 
2274 ,  56 .  71 
2273 ,  55 .  55 
2275 ,  55 .  40 
2278 ,  57 .   0 
2279 ,  55 .  98 
2281 ,  56 .  27 
2280 ,  57 .  14 
2287 ,  57 .  14 
2292 ,  54 .  82 
2296 ,  56 .  56 
2296 ,  57 .  43 
2296 ,  55 .  55 
2301 ,  55 .  98 
2298 ,  56 .  27 
2297 ,  55 .  40 
2299 ,  55 .  55 
2304 ,  55 .  55 
2307 ,  54 .  82 
2308 ,  55 .  55 
2309 ,  54 .  68 
2309 ,  55 .  40 
2306 ,  55 .  55 
2303 ,  54 .  97 
2299 ,  55 .  84 
2301 ,  55 .  40 
2302 ,  56 .  27 
2297 ,  54 .  10 
2296 ,  56 .  13 
2296 ,  55 .  55 
2293 ,  54 .  97 
2290 ,  55 .  40 
2291 ,  56 .  71 
2291 ,  56 .  42 
2291 ,  56 .  27 
2287 ,  54 .  97 
2288 ,  55 .  11 
2290 ,  55 .  55 
2286 ,  55 .  40 
2279 ,  56 .  71 
2278 ,  55 .  55 
2276 ,  54 .  39 
2275 ,  55 .  55 
2272 ,  56 .  56 
2269 ,  54 .  24 
2268 ,  56 .  13 
2266 ,  56 .  56 
2263 ,  55 .  55 
2261 ,  54 .  39 
2264 ,  54 .  97 
2264 ,  55 .  55 
2260 ,  55 .  26 
2263 ,  57 .  14 
2267 ,  53 .  66 
2265 ,  55 .  55 
2262 ,  55 .  55 
2262 ,  54 .  82 
2267 ,  55 .  26 
2269 ,  55 .  55 
2265 ,  55 .  40 
2268 ,  54 .  68 
2272 ,  55 .  55 
2269 ,  55 .  55 
2267 ,  54 .  82 
2268 ,  53 .  95 
2271 ,  55 .  55 
2269 ,  54 .  97 
2268 ,  55 .  55 
2269 ,  54 .  97 
2270 ,  56 .  42 
2266 ,  55 .  40 
2263 ,  55 .  55 
2262 ,  56 .  42 
2266 ,  55 .  55 
2264 ,  55 .  98 
2261 ,  56 .  13 
2266 ,  55 .  55 
2265 ,  55 .  11 
2265 ,  56 .  13 
2264 ,  55 .  55 
2263 ,  55 .  55 
2267 ,  55 .  40 
2265 ,  55 .  55 
2262 ,  55 .  40 
2264 ,  55 .  98 
2265 ,  55 .  55 
2263 ,  55 .  55 
2261 ,  55 .  40 
2263 ,  55 .  55 
2266 ,  55 .  55 
2263 ,  55 .  55 
2261 ,  55 .  98 
2266 ,  55 .  55 
2269 ,  55 .  40 
2266 ,  55 .  40 
2264 ,  55 .  40 
2263 ,  55 .  55 
2265 ,  56 .  71 
2261 ,  55 .  98 
2257 ,  55 .  26 
2261 ,  56 .  56 
2264 ,  56 .  27 
2259 ,  55 .  84 
2258 ,  54 .  68 
2262 ,  56 .  56 
2266 ,  55 .  55 
2266 ,  55 .  55 
2267 ,  55 .  98 
2274 ,  56 .  27 
2279 ,  55 .  55 
2282 ,  56 .  13 
2283 ,  55 .  55 
2285 ,  56 .  13 
2292 ,  56 .  27 
2290 ,  55 .  55 
2290 ,  54 .  82 
2291 ,  56 .  56 
2296 ,  55 .  40 
2296 ,  55 .  40 
2299 ,  56 .  71 
2300 ,  55 .  84 
2298 ,  54 .  97 
2303 ,  55 .  55 
2302 ,  56 .  71 
2299 ,  54 .  97 
2303 ,  55 .  40 
2302 ,  54 .  39 
2295 ,  55 .  26 
2292 ,  54 .  97 
2294 ,  56 .  71 
2288 ,  55 .  55 
2284 ,  55 .  55 
2284 ,  55 .  11 
2282 ,  55 .  55 
2275 ,  55 .  55 
2268 ,  54 .  24 
2265 ,  56 .  42 
2264 ,  55 .  55 
2257 ,  55 .  40 
2256 ,  55 .  26 
2255 ,  56 .  71 
2256 ,  54 .  68 
2254 ,  56 .  13 
2250 ,  55 .  55 
2252 ,  54 .  39 
2252 ,  55 .  98 
2251 ,  56 .  42 
2245 ,  56 .  56 
2248 ,  55 .  84 
2249 ,  55 .  55 
2249 ,  56 .  13 
2244 ,  56 .  71