5 
 160 ,  59 .  61 
 163 ,  59 .  61 
 162 ,  59 .   3 
 159 ,  59 .  61 
 163 ,  60 .   4 
 161 ,  58 .  88 
 160 ,  59 .  90 
 160 ,  60 .   4 
 163 ,  59 .  75 
 160 ,  59 .  61 
 163 ,  60 .   4 
 161 ,  59 .   3 
 164 ,  59 .  61 
 164 ,  59 .  46 
 159 ,  59 .  32 
 160 ,  59 .  46 
 162 ,  60 .  19 
 163 ,  59 .  90 
 161 ,  59 .  61 
 164 ,  58 .  88 
 178 ,  59 .  75 
 196 ,  59 .   3 
 230 ,  59 .  61 
 268 ,  59 .  32 
 311 ,  59 .   3 
 362 ,  60 .  19 
 409 ,  59 .   3 
 464 ,  59 .  61 
 523 ,  60 .  19 
 571 ,  60 .  62 
 609 ,  59 .   3 
 640 ,  59 .  90 
 679 ,  59 .  75 
 726 ,  59 .  90 
 798 ,  59 .  46 
 878 ,  60 .   4 
 963 ,  60 .   4 
1052 ,  59 .  61 
1154 ,  59 .   3 
1253 ,  59 .   3 
1348 ,  59 .  61 
1428 ,  60 .  19 
1498 ,  60 .  19 
1548 ,  59 .  46 
1585 ,  59 .  75 
1620 ,  59 .  61 
1645 ,  59 .   3 
1669 ,  59 .   3 
1692 ,  59 .   3 
1710 ,  60 .  19 
1745 ,  60 .  19 
1779 ,  59 .  17 
1820 ,  59 .   3 
1865 ,  60 .  19 
1920 ,  59 .  75 
1962 ,  60 .  19 
1978 ,  59 .  61 
1960 ,  60 .  62 
1930 ,  59 .  61 
1894 ,  60 .   4 
1866 ,  60 .   4 
1856 ,  61 .  20 
1873 ,  59 .  46 
1905 ,  59 .  61 
1957 ,  60 .  19 
2033 ,  59 .  46 
2121 ,  59 .  61 
2197 ,  59 .  61 
2250 ,  60 .   4 
2287 ,  58 .  74 
2300 ,  60 .   4 
2306 ,  59 .  75 
2302 ,  59 .  90 
2304 ,  60 .  91 
2309 ,  59 .  61 
2312 ,  60 .   4 
2305 ,  59 .  61 
2300 ,  60 .  77 
2290 ,  60 .   4 
2271 ,  59 .   3 
2240 ,  60 .  19 
2204 ,  60 .   4 
2166 ,  59 .  61 
2124 ,  60 .  19 
2080 ,  59 .  46 
2040 ,  60 .  19 
2011 ,  59 .  75 
1993 ,  59 .  46 
1988 ,  60 .  19 
1995 ,  58 .  45 
2022 ,  60 .   4 
2059 ,  59 .  46 
2090 ,  60 .   4 
2123 ,  59 .  46 
2159 ,  59 .  61 
2182 ,  60 .  19 
2186 ,  60 .   4 
2189 ,  59 .  90 
2191 ,  59 .  61 
2179 ,  59 .  61 
2165 ,  59 .  90 
2164 ,  59 .  46 
2168 ,  59 .  90 
2168 ,  59 .  75 
2170 ,  59 .  17 
2168 ,  60 .  19 
2177 ,  59 .  61 
2183 ,  59 .  32 
2190 ,  59 .  61 
2187 ,  60 .  48 
2184 ,  60 .   4 
2167 ,  60 .  62 
2148 ,  59 .  61 
2120 ,  59 .  90 
2105 ,  59 .   3 
2077 ,  58 .   1 
2052 ,  59 .  46 
2024 ,  61 .  20 
2006 ,  60 .   4 
1991 ,  59 .  90 
1978 ,  59 .  46 
1975 ,  60 .  19 
1983 ,  59 .   3 
1991 ,  59 .   3 
1998 ,  60 .   4 
2006 ,  60 .  19 
2013 ,  59 .  90 
2016 ,  59 .  75 
2006 ,  60 .   4 
2004 ,  60 .   4 
1998 ,  59 .  75 
1992 ,  59 .  75 
1978 ,  59 .  75 
1968 ,  60 .   4 
1964 ,  60 .  19 
1956 ,  59 .  61 
1944 ,  58 .   1 
1939 ,  60 .  77 
1937 ,  59 .  61 
1932 ,  59 .  90 
1929 ,  60 .   4 
1929 ,  60 .  19 
1933 ,  59 .  75 
1935 ,  59 .  46 
1936 ,  58 .  59 
1937 ,  60 .  19 
1946 ,  59 .  61 
1946 ,  59 .  61 
1946 ,  60 .   4 
1940 ,  59 .  61 
1944 ,  59 .  46 
1940 ,  59 .  46 
1936 ,  59 .  61 
1929 ,  60 .  19 
1923 ,  59 .  46 
1914 ,  60 .   4 
1904 ,  60 .  19 
1888 ,  60 .  77 
1878 ,  60 .   4 
1862 ,  59 .  61 
1842 ,  60 .  77 
1827 ,  60 .  19 
1812 ,  59 .  61 
1799 ,  59 .  61 
1790 ,  59 .  61 
1792 ,  59 .  61 
1801 ,  59 .  61 
1816 ,  59 .  61 
1838 ,  59 .  61 
1873 ,  60 .  48 
1898 ,  59 .   3 
1902 ,  59 .  32 
1893 ,  59 .   3 
1866 ,  59 .  90 
1844 ,  59 .   3 
1815 ,  59 .   3 
1790 ,  60 .  19 
1770 ,  59 .   3 
1749 ,  59 .  61 
1719 ,  59 .   3 
1692 ,  59 .  61 
1672 ,  60 .  19 
1654 ,  60 .   4 
1630 ,  59 .  75 
1600 ,  59 .  90 
1570 ,  60 .  19 
1537 ,  60 .  19 
1498 ,  59 .   3 
1467 ,  59 .  32 
1442 ,  60 .  19 
1426 ,  59 .   3 
1402 ,  60 .  19 
1384 ,  60 .  77 
1362 ,  61 .  64 
1336 ,  59 .  46 
1313 ,  59 .  61 
1299 ,  59 .  61 
1286 ,  59 .   3 
1290 ,  59 .   3 
1287 ,  59 .   3 
1289 ,  59 .  61 
1291 ,  60 .  62 
1290 ,  59 .  61 
1291 ,  59 .  61 
1290 ,  58 .   1 
1289 ,  60 .  19 
1293 ,  59 .   3 
1295 ,  59 .  75 
1303 ,  58 .  88 
1310 ,  60 .  19 
1323 ,  59 .  61 
1334 ,  60 .   4 
1351 ,  59 .  61 
1362 ,  60 .  62 
1370 ,  59 .  46 
1368 ,  59 .  61 
1365 ,  61 .  35 
1369 ,  60 .  77 
1377 ,  59 .  46 
1387 ,  59 .   3 
1396 ,  59 .   3 
1403 ,  60 .  19 
1410 ,  59 .  90 
1418 ,  59 .  61 
1419 ,  60 .  19 
1426 ,  60 .  19 
1437 ,  59 .  61 
1431 ,  59 .  46 
1421 ,  59 .  61 
1412 ,  59 .   3 
1405 ,  59 .   3 
1403 ,  59 .  46 
1401 ,  59 .  61 
1402 ,  59 .   3 
1405 ,  59 .  90 
1406 ,  59 .  61 
1408 ,  60 .   4 
1408 ,  61 .  20 
1416 ,  59 .  46 
1424 ,  58 .  88 
1437 ,  59 .  61 
1453 ,  59 .  46 
1480 ,  59 .  75 
1511 ,  59 .   3 
1537 ,  59 .   3 
1564 ,  60 .  19 
1599 ,  59 .  61 
1631 ,  59 .  46 
1662 ,  60 .   4 
1688 ,  60 .   4 
1720 ,  60 .  91 
1743 ,  59 .  46 
1760 ,  60 .  77 
1773 ,  60 .  19 
1784 ,  59 .  90 
1790 ,  60 .  19 
1796 ,  58 .  88 
1795 ,  59 .  90 
1805 ,  60 .  19 
1809 ,  59 .  46 
1814 ,  59 .  75 
1818 ,  59 .  75 
1827 ,  58 .  88 
1832 ,  59 .  46 
1836 ,  59 .  61 
1847 ,  60 .  19 
1864 ,  59 .   3 
1884 ,  58 .  74 
1901 ,  60 .  77 
1917 ,  60 .  62 
1935 ,  59 .  46 
1946 ,  60 .   4 
1954 ,  60 .  48 
1952 ,  60 .  19 
1952 ,  59 .   3 
1951 ,  59 .  46 
1946 ,  59 .  61 
1937 ,  59 .  61 
1934 ,  59 .  61 
1926 ,  59 .  90 
1919 ,  60 .  19 
1918 ,  59 .  75 
1917 ,  59 .  90 
1919 ,  60 .  19 
1922 ,  59 .  46 
1927 ,  60 .  19 
1939 ,  60 .  19 
1945 ,  59 .  75 
1948 ,  59 .  75 
1951 ,  61 .  20 
1962 ,  60 .   4 
1968 ,  59 .  90 
1971 ,  60 .  48 
1982 ,  59 .  75 
2000 ,  60 .  19 
2011 ,  59 .  61 
2016 ,  59 .  61 
2024 ,  59 .  61 
2032 ,  59 .  46 
2038 ,  58 .  16 
2036 ,  59 .  61 
2038 ,  60 .  19 
2041 ,  59 .  61 
2033 ,  59 .   3 
2023 ,  60 .  19 
2017 ,  59 .  61 
2013 ,  58 .  74 
2008 ,  59 .  75 
2002 ,  60 .   4 
1994 ,  60 .   4 
1994 ,  60 .  19 
1987 ,  59 .  46 
1972 ,  59 .   3 
1965 ,  59 .   3 
1963 ,  59 .   3 
1951 ,  61 .  35 
1951 ,  59 .  61 
1945 ,  60 .  19 
1951 ,  59 .  61 
1952 ,  59 .   3 
1949 ,  60 .  19 
1952 ,  60 .   4 
1959 ,  57 .  87 
1963 ,  59 .  75 
1970 ,  59 .  75 
1970 ,  60 .  62 
1978 ,  60 .  19 
1981 ,  59 .  46 
1981 ,  59 .   3 
1981 ,  60 .  62 
1985 ,  60 .  19 
1986 ,  59 .   3 
1984 ,  59 .  46 
1989 ,  60 .  19 
1999 ,  59 .  75 
2007 ,  60 .  62 
2006 ,  60 .   4 
2010 ,  60 .  19 
2020 ,  59 .  61 
2020 ,  59 .  61 
2018 ,  59 .  61 
2022 ,  60 .  77 
2030 ,  60 .   4 
2030 ,  59 .  61 
2030 ,  58 .   1 
2025 ,  60 .  48 
2029 ,  59 .   3 
2029 ,  60 .  77 
2029 ,  59 .  90 
2028 ,  59 .   3 
2033 ,  59 .   3 
2036 ,  59 .  46 
2033 ,  59 .  61 
2033 ,  60 .  19 
2038 ,  59 .  90 
2035 ,  59 .  46 
2039 ,  60 .   4 
2033 ,  59 .  61 
2041 ,  59 .  61 
2044 ,  58 .  88 
2046 ,  59 .  61 
2042 ,  60 .  77 
2049 ,  59 .  75 
2054 ,  60 .   4 
2052 ,  60 .  19 
2057 ,  59 .  90 
2061 ,  59 .   3 
2063 ,  59 .  75 
2068 ,  59 .   3 
2060 ,  59 .  46 
2063 ,  59 .  61 
2058 ,  59 .   3 
2062 ,  59 .  46 
2059 ,  60 .  19 
2061 ,  60 .   4 
2061 ,  59 .  61 
2058 ,  60 .   4 
2057 ,  59 .   3 
2056 ,  59 .  61 
2057 ,  59 .  90 
2055 ,  60 .  19 
2061 ,  60 .  77 
2068 ,  59 .  90 
2069 ,  59 .  61 
2068 ,  59 .  61 
2067 ,  60 .  48 
2069 ,  59 .   3 
2070 ,  59 .  61 
2076 ,  59 .  61 
2072 ,  60 .   4 
2082 ,  59 .  75 
2085 ,  58 .  88 
2090 ,  59 .  61 
2091 ,  60 .  19 
2099 ,  59 .  61 
2099 ,  57 .  87 
2102 ,  60 .   4 
2096 ,  60 .  19 
2100 ,  59 .  61 
2105 ,  59 .  46 
2104 ,  60 .   4 
2098 ,  61 .   6 
2104 ,  60 .   4 
2105 ,  58 .  88 
2109 ,  59 .  61 
2108 ,  59 .  61 
2115 ,  59 .  61 
2119 ,  59 .  61 
2126 ,  60 .  19 
2124 ,  60 .  48 
2132 ,  59 .  32 
2134 ,  60 .  19 
2131 ,  59 .  61 
2133 ,  60 .  19 
2139 ,  59 .  46 
2142 ,  59 .  61 
2138 ,  59 .  90 
2135 ,  59 .  61 
2142 ,  60 .  19 
2141 ,  59 .   3 
2140 ,  59 .  90 
2136 ,  59 .   3 
2139 ,  59 .  17 
2140 ,  59 .  61 
2136 ,  60 .  62 
2135 ,  58 .  59 
2139 ,  59 .  46 
2138 ,  59 .  46 
2129 ,  59 .  90 
2128 ,  60 .  19 
2131 ,  60 .   4 
2132 ,  60 .  19 
2128 ,  59 .  46 
2133 ,  59 .   3 
2135 ,  59 .   3 
2133 ,  60 .  19 
2129 ,  59 .  61 
2128 ,  60 .  19 
2136 ,  60 .   4 
2137 ,  59 .   3 
2134 ,  58 .  88 
2136 ,  59 .  90 
2137 ,  59 .  61 
2139 ,  59 .   3 
2136 ,  59 .  75 
2136 ,  59 .  61 
2138 ,  59 .  61 
2139 ,  60 .   4 
2137 ,  59 .   3 
2138 ,  60 .  19 
2145 ,  59 .  61 
2145 ,  58 .  88 
2138 ,  59 .  46 
2138 ,  59 .  61 
2145 ,  59 .   3 
2145 ,  59 .  61 
2145 ,  58 .  59 
2141 ,  58 .  16 
2147 ,  59 .  75 
2146 ,  59 .   3 
2142 ,  60 .  77 
2146 ,  58 .  16 
2147 ,  59 .  46 
2150 ,  58 .  30 
2145 ,  60 .  19 
2148 ,  58 .  30 
2154 ,  59 .  46 
2154 ,  60 .  19 
2145 ,  60 .  19 
2147 ,  60 .  19 
2153 ,  59 .   3 
2158 ,  60 .   4 
2156 ,  59 .  61 
2158 ,  60 .  62 
2160 ,  59 .   3 
2161 ,  59 .  46 
2159 ,  60 .   4 
2154 ,  60 .  62 
2157 ,  58 .  74 
2158 ,  59 .   3 
2149 ,  59 .  61 
2146 ,  58 .  45 
2147 ,  60 .  19 
2145 ,  59 .   3 
2137 ,  59 .   3 
2138 ,  60 .  19 
2146 ,  59 .   3 
2151 ,  59 .   3 
2154 ,  59 .  61 
2157 ,  59 .   3 
2159 ,  59 .   3 
2160 ,  59 .  61 
2151 ,  59 .  61 
2154 ,  61 .  20 
2157 ,  58 .  45 
2159 ,  59 .  46 
2154 ,  60 .   4 
2155 ,  58 .  88 
2160 ,  59 .   3 
2158 ,  59 .  75 
2154 ,  59 .   3 
2155 ,  60 .  19 
2159 ,  59 .  61 
2161 ,  59 .  46 
2157 ,  58 .  88 
2160 ,  60 .  19 
2162 ,  59 .  46 
2161 ,  59 .  61 
2152 ,  60 .  19 
2153 ,  60 .  77 
2153 ,  59 .   3 
2155 ,  59 .  46 
2152 ,  59 .  46 
2154 ,  60 .   4 
2150 ,  60 .   4 
2154 ,  59 .  46 
2150 ,  60 .  19 
2148 ,  59 .  75 
2151 ,  59 .   3 
2152 ,  59 .  75 
2147 ,  60 .   4 
2150 ,  60 .  77 
2153 ,  59 .  61 
2153 ,  59 .  61 
2154 ,  59 .  61 
2145 ,  60 .  19 
2146 ,  59 .   3 
2147 ,  60 .  19 
2146 ,  60 .   4 
2141 ,  60 .  19 
2148 ,  59 .   3 
2146 ,  59 .   3 
2147 ,  60 .   4 
2138 ,  60 .  62 
2140 ,  59 .   3 
2139 ,  59 .  46 
2136 ,  60 .   4 
2129 ,  59 .   3 
2133 ,  59 .  46 
2132 ,  60 .  19 
2125 ,  59 .  61 
2120 ,  60 .  19 
2124 ,  60 .   4 
2119 ,  60 .  19 
2113 ,  60 .   4 
2112 ,  59 .  61 
2115 ,  59 .  75 
2111 ,  59 .   3 
2110 ,  60 .   4 
2105 ,  59 .  61 
2110 ,  60 .  19 
2108 ,  60 .   4 
2103 ,  59 .  61 
2105 ,  60 .  62 
2112 ,  59 .   3 
2111 ,  59 .   3 
2107 ,  60 .  19 
2105 ,  60 .  77 
2108 ,  59 .  61 
2110 ,  60 .   4 
2111 ,  57 .  87 
2112 ,  59 .  46 
2112 ,  59 .  46 
2114 ,  58 .  74 
2112 ,  59 .   3 
2107 ,  60 .  62 
2110 ,  60 .  19 
2109 ,  59 .  61 
2109 ,  59 .  61 
2104 ,  60 .   4 
2111 ,  59 .  90 
2112 ,  59 .  61 
2110 ,  59 .  46 
2108 ,  60 .  19 
2113 ,  59 .  61 
2114 ,  59 .  46 
2111 ,  60 .  19 
2113 ,  60 .  19 
2118 ,  58 .  74 
2123 ,  59 .  46 
2118 ,  59 .  46 
2122 ,  60 .  19 
2114 ,  59 .  90 
2118 ,  59 .   3 
2115 ,  60 .   4 
2117 ,  60 .  19 
2124 ,  59 .  75 
2126 ,  59 .   3 
2120 ,  59 .  61 
2119 ,  60 .  48 
2122 ,  60 .   4 
2123 ,  58 .  74 
2119 ,  59 .  61 
2120 ,  60 .  19 
2124 ,  59 .  61 
2125 ,  59 .  32 
2126 ,  60 .   4 
2119 ,  60 .  19 
2123 ,  58 .  88 
2124 ,  60 .   4 
2117 ,  60 .   4 
2121 ,  60 .  62 
2126 ,  60 .   4 
2127 ,  59 .   3 
2123 ,  59 .  61 
2121 ,  60 .  19 
2123 ,  59 .  75 
2123 ,  59 .  46 
2122 ,  60 .  91 
2122 ,  59 .  75 
2125 ,  59 .   3 
2128 ,  59 .  46 
2128 ,  59 .  75 
2121 ,  58 .  59 
2125 ,  59 .  61 
2124 ,  59 .   3 
2123 ,  59 .  46 
2120 ,  60 .  19 
2126 ,  60 .   4 
2124 ,  59 .   3 
2123 ,  60 .  19 
2123 ,  60 .  91 
2123 ,  59 .  61 
2117 ,  59 .  32 
2123 ,  59 .  61 
2122 ,  59 .  61 
2134 ,  59 .  90 
2142 ,  59 .  61 
2149 ,  59 .   3 
2149 ,  60 .  19 
2153 ,  59 .  61 
2145 ,  59 .   3 
2143 ,  58 .  88 
2139 ,  59 .  46 
2136 ,  59 .   3 
2133 ,  59 .  46 
2135 ,  59 .  61 
2130 ,  60 .  62 
2132 ,  59 .  90 
2131 ,  59 .   3 
2128 ,  60 .  19 
2129 ,  60 .  19 
2135 ,  59 .   3 
2138 ,  59 .  46 
2138 ,  59 .  75 
2136 ,  59 .   3 
2140 ,  59 .  46 
2136 ,  59 .  75 
2135 ,  59 .  90 
2139 ,  59 .   3 
2142 ,  58 .  88 
2140 ,  59 .  90 
2147 ,  59 .  46 
2148 ,  59 .   3 
2150 ,  59 .  90 
2148 ,  59 .  61 
2145 ,  59 .   3 
2146 ,  60 .   4 
2144 ,  59 .  90 
2145 ,  59 .  61 
2142 ,  59 .  32 
2140 ,  59 .   3 
2143 ,  59 .  61 
2138 ,  59 .  61 
2135 ,  58 .  88 
2130 ,  60 .  19 
2134 ,  60 .   4 
2136 ,  58 .  74 
2136 ,  59 .   3 
2134 ,  61 .   6 
2133 ,  59 .   3 
2139 ,  59 .  61 
2138 ,  59 .   3 
2141 ,  60 .  19 
2142 ,  59 .  61 
2150 ,  57 .  87 
2154 ,  59 .  61 
2158 ,  60 .  19 
2162 ,  59 .  75 
2161 ,  59 .  32 
2163 ,  59 .  46 
2164 ,  59 .  61 
2164 ,  59 .   3 
2166 ,  59 .  46 
2168 ,  60 .   4 
2168 ,  59 .   3 
2170 ,  59 .  46 
2172 ,  60 .   4 
2166 ,  59 .   3 
2172 ,  59 .  61 
2169 ,  59 .   3 
2173 ,  59 .  61 
2166 ,  60 .  19 
2167 ,  58 .  88 
2170 ,  59 .  61 
2164 ,  61 .  20 
2157 ,  59 .   3 
2145 ,  59 .  61 
2146 ,  59 .  90 
2137 ,  60 .  19 
2127 ,  59 .   3 
2124 ,  60 .  77 
2125 ,  59 .  90 
2124 ,  59 .   3 
2118 ,  60 .   4 
2116 ,  60 .   4 
2121 ,  59 .  46 
2122 ,  59 .  61 
2124 ,  59 .   3 
2121 ,  59 .  46 
2129 ,  58 .  45 
2128 ,  58 .  59 
2121 ,  59 .  61 
2120 ,  60 .   4 
2125 ,  59 .   3 
2129 ,  59 .  46 
2127 ,  60 .  91 
2126 ,  61 .  20 
2131 ,  59 .   3 
2134 ,  59 .  46 
2132 ,  59 .  46 
2125 ,  59 .  75 
2130 ,  58 .  45 
2134 ,  59 .  75 
2131 ,  59 .   3 
2130 ,  60 .  62 
2135 ,  59 .   3 
2133 ,  59 .   3 
2136 ,  59 .  61 
2128 ,  59 .  75 
2133 ,  59 .  46 
2134 ,  59 .  46 
2128 ,  59 .  61 
2128 ,  60 .  48 
2132 ,  59 .   3 
2130 ,  58 .  59 
2123 ,  59 .  61 
2123 ,  59 .  46 
2126 ,  59 .  61 
2130 ,  60 .  19 
2131 ,  59 .  90 
2129 ,  59 .   3 
2135 ,  59 .   3 
2138 ,  59 .  61 
2133 ,  60 .   4 
2134 ,  60 .  77 
2138 ,  59 .   3 
2139 ,  59 .  61 
2140 ,  60 .  19 
2137 ,  60 .  62 
2141 ,  59 .   3 
2144 ,  60 .  62 
2141 ,  59 .  61 
2142 ,  59 .  46 
2142 ,  59 .  46 
2142 ,  59 .   3 
2140 ,  59 .  61 
2146 ,  60 .  77 
2149 ,  59 .  90 
2149 ,  58 .  45 
2150 ,  59 .  75 
2144 ,  59 .  90 
2149 ,  59 .   3 
2147 ,  60 .   4 
2147 ,  60 .   4 
2148 ,  59 .  61 
2153 ,  60 .  19 
2155 ,  58 .  30 
2149 ,  59 .  61 
2146 ,  59 .  46 
2149 ,  59 .  90 
2151 ,  59 .   3 
2155 ,  60 .   4 
2150 ,  59 .  61 
2156 ,  59 .  46 
2157 ,  59 .  61 
2154 ,  60 .  77 
2150 ,  60 .   4 
2154 ,  59 .   3 
2156 ,  56 .  71 
2159 ,  59 .  61 
2153 ,  60 .   4 
2160 ,  59 .  46 
2162 ,  59 .  17 
2158 ,  59 .   3 
2154 ,  59 .  61 
2157 ,  59 .  32 
2152 ,  60 .  19 
2159 ,  59 .   3 
2156 ,  60 .  62 
2160 ,  59 .   3 
2160 ,  59 .  46 
2160 ,  59 .   3 
2153 ,  59 .  61 
2158 ,  59 .  75 
2157 ,  59 .   3 
2151 ,  60 .  19 
2152 ,  60 .  91 
2158 ,  59 .  46 
2157 ,  59 .   3 
2151 ,  59 .  61 
2156 ,  59 .  75 
2155 ,  59 .   3 
2152 ,  59 .  61 
2153 ,  58 .  45 
2150 ,  59 .  61 
2155 ,  60 .   4 
2154 ,  58 .  45 
2154 ,  59 .  46 
2148 ,  61 .  20 
2149 ,  58 .  74 
2149 ,  59 .  61 
2146 ,  60 .   4 
2147 ,  60 .  19 
2150 ,  59 .   3 
2152 ,  59 .  61 
2148 ,  59 .  75 
2144 ,  60 .  19 
2146 ,  60 .  19 
2145 ,  59 .   3 
2147 ,  59 .   3 
2147 ,  59 .  61 
2149 ,  58 .  45 
2150 ,  59 .   3 
2144 ,  59 .   3 
2143 ,  60 .  19 
2148 ,  59 .  61 
2147 ,  58 .  88 
2141 ,  59 .  90 
2149 ,  59 .  61 
2152 ,  59 .  75 
2149 ,  59 .  61 
2146 ,  60 .  19 
2146 ,  60 .  77 
2145 ,  58 .  88 
2145 ,  59 .   3 
2144 ,  59 .  90 
2143 ,  59 .  75 
2149 ,  59 .  61 
2150 ,  59 .  46 
2142 ,  59 .  61 
2145 ,  60 .  19 
2146 ,  59 .  46 
2146 ,  59 .  75 
2141 ,  58 .  74 
2142 ,  60 .  19 
2150 ,  59 .   3 
2150 ,  58 .  88 
2146 ,  59 .  61 
2148 ,  58 .  88 
2154 ,  60 .   4 
2153 ,  58 .  88 
2155 ,  59 .  46 
2152 ,  60 .  77 
2157 ,  59 .  46 
2155 ,  57 .  87 
2157 ,  57 .  58 
2154 ,  60 .   4 
2157 ,  59 .   3 
2160 ,  59 .  61 
2161 ,  59 .  61 
2153 ,  60 .  19 
2162 ,  59 .  46 
2165 ,  60 .   4 
2167 ,  59 .   3 
2164 ,  60 .  19 
2170 ,  60 .  19 
2172 ,  58 .  88 
2167 ,  58 .  74 
2168 ,  60 .   4 
2176 ,  60 .   4 
2176 ,  59 .   3 
2174 ,  59 .  61 
2171 ,  60 .  62 
2175 ,  59 .  46 
2172 ,  59 .   3 
2164 ,  59 .  75 
2162 ,  60 .  19 
2165 ,  59 .  46 
2164 ,  60 .   4 
2157 ,  59 .  46 
2160 ,  59 .   3 
2166 ,  60 .   4 
2169 ,  59 .   3 
2165 ,  59 .  61 
2168 ,  60 .  19 
2171 ,  60 .  77 
2172 ,  59 .  61 
2171 ,  59 .   3 
2168 ,  59 .   3 
2168 ,  58 .  88 
2166 ,  58 .  59 
2169 ,  59 .   3 
2164 ,  59 .  90 
2167 ,  58 .  16 
2169 ,  58 .  16 
2168 ,  59 .   3 
2165 ,  60 .  19 
2172 ,  59 .   3 
2170 ,  59 .  75 
2163 ,  59 .   3 
2162 ,  60 .   4 
2169 ,  59 .  46 
2172 ,  59 .   3 
2165 ,  59 .  61 
2169 ,  60 .  62 
2167 ,  58 .  74 
2162 ,  59 .  61 
2165 ,  59 .   3 
2160 ,  59 .  32 
2168 ,  59 .  46 
2169 ,  59 .  32 
2171 ,  59 .   3 
2168 ,  59 .  90 
2171 ,  58 .  88 
2167 ,  57 .  87 
2165 ,  58 .  88 
2163 ,  59 .  46 
2170 ,  60 .   4 
2169 ,  59 .  61 
2168 ,  59 .  61 
2171 ,  60 .   4 
2167 ,  59 .  61 
2171 ,  59 .  75 
2164 ,  59 .   3 
2168 ,  61 .  20 
2172 ,  59 .   3 
2173 ,  59 .   3 
2170 ,  59 .   3 
2170 ,  59 .   3 
2175 ,  57 .  72 
2172 ,  58 .  45 
2165 ,  60 .  19 
2164 ,  59 .  46 
2168 ,  59 .  61 
2167 ,  58 .  74 
2165 ,  59 .   3 
2164 ,  61 .   6 
2167 ,  59 .   3 
2164 ,  59 .  46 
2162 ,  59 .  75 
2156 ,  60 .   4 
2162 ,  59 .  46 
2159 ,  59 .   3 
2157 ,  59 .  61 
2156 ,  58 .  88 
2158 ,  60 .   4 
2156 ,  57 .  87 
2154 ,  58 .  45 
2152 ,  61 .  20 
2157 ,  59 .  32 
2158 ,  59 .   3 
2153 ,  58 .  45 
2157 ,  60 .  19 
2163 ,  59 .  46 
2162 ,  59 .  46 
2164 ,  59 .   3 
2165 ,  59 .   3 
2166 ,  59 .  32 
2173 ,  58 .  59 
2174 ,  60 .  19 
2176 ,  60 .  19 
2185 ,  59 .  61 
2185 ,  59 .   3 
2186 ,  59 .  46 
2180 ,  59 .   3 
2181 ,  59 .  32 
2185 ,  59 .  61 
2172 ,  60 .   4 
2174 ,  59 .  61 
2176 ,  59 .   3 
2172 ,  59 .   3 
2168 ,  59 .  61 
2170 ,  59 .  90 
2176 ,  59 .   3 
2182 ,  59 .  61 
2175 ,  59 .  61 
2176 ,  60 .   4 
2177 ,  59 .  61 
2175 ,  59 .  61 
2171 ,  59 .  90 
2167 ,  59 .  32 
2170 ,  58 .  45 
2174 ,  60 .  19 
2173 ,  59 .   3 
2169 ,  60 .  19 
2172 ,  59 .   3 
2171 ,  59 .  46 
2171 ,  59 .   3 
2166 ,  60 .  19 
2168 ,  59 .  75 
2165 ,  58 .  45 
2162 ,  60 .   4 
2158 ,  59 .   3 
2165 ,  59 .  61 
2166 ,  60 .  62 
2165 ,  59 .   3 
2158 ,  59 .  46 
2163 ,  60 .  19 
2165 ,  58 .  30 
2161 ,  59 .  61 
2166 ,  61 .   6 
2172 ,  59 .  61 
2171 ,  59 .  61 
2163 ,  59 .  61 
2163 ,  60 .  62 
2168 ,  59 .  46 
2166 ,  59 .   3 
2161 ,  60 .   4 
2162 ,  60 .   4 
2167 ,  59 .  90 
2165 ,  59 .  46 
2160 ,  59 .  61 
2157 ,  60 .  19 
2159 ,  59 .  90 
2160 ,  59 .   3 
2156 ,  60 .  19 
2157 ,  60 .  19 
2163 ,  59 .   3 
2162 ,  59 .  61 
2156 ,  60 .  19 
2155 ,  59 .   3 
2159 ,  59 .  46 
2162 ,  59 .  17 
2155 ,  58 .  45 
2162 ,  59 .  46 
2162 ,  59 .  32 
2160 ,  59 .   3 
2160 ,  59 .  17 
2153 ,  59 .   3 
2158 ,  59 .  61 
2158 ,  59 .  90 
2151 ,  58 .  59 
2153 ,  58 .  74 
2160 ,  59 .   3 
2159 ,  58 .  59 
2153 ,  59 .  46 
2154 ,  59 .   3 
2155 ,  58 .  16 
2154 ,  59 .   3 
2151 ,  60 .  19 
2151 ,  59 .  32 
2157 ,  59 .  61 
2158 ,  60 .  19 
2152 ,  59 .  61 
2149 ,  59 .   3 
2155 ,  59 .  61 
2153 ,  56 .  71 
2150 ,  60 .   4 
2151 ,  60 .  77 
2160 ,  58 .  88 
2163 ,  59 .   3 
2161 ,  59 .  61 
2156 ,  60 .  62 
2158 ,  60 .  19 
2157 ,  58 .  30 
2155 ,  60 .   4 
2158 ,  59 .  90 
2168 ,  59 .  46 
2167 ,  58 .  16 
2165 ,  59 .  61 
2166 ,  59 .  75 
2170 ,  58 .  88 
2174 ,  59 .   3 
2171 ,  58 .  59 
2171 ,  60 .   4 
2179 ,  59 .  46 
2180 ,  59 .   3 
2173 ,  59 .  46 
2174 ,  60 .  19 
2179 ,  59 .  75 
2177 ,  58 .  88 
2173 ,  59 .  61 
2175 ,  59 .  46 
2180 ,  59 .  46 
2181 ,  58 .  45 
2174 ,  59 .  61 
2175 ,  60 .  62 
2176 ,  58 .  88 
2176 ,  59 .  46 
2174 ,  59 .  17 
2171 ,  58 .  74 
2176 ,  59 .  61 
2176 ,  59 .  75 
2174 ,  59 .  61 
2169 ,  60 .  19 
2170 ,  60 .   4 
2168 ,  58 .  88 
2161 ,  60 .  77 
2159 ,  60 .  19 
2167 ,  59 .  46 
2165 ,  58 .  59 
2164 ,  59 .  46 
2163 ,  59 .   3 
2161 ,  59 .  90 
2157 ,  59 .   3 
2162 ,  59 .   3 
2157 ,  59 .   3 
2164 ,  59 .  46 
2164 ,  59 .  61 
2158 ,  59 .   3 
2166 ,  59 .  46 
2159 ,  59 .  46 
2155 ,  60 .  19 
2152 ,  59 .  90 
2151 ,  60 .  19 
2160 ,  59 .  46 
2163 ,  59 .  46 
2157 ,  59 .   3 
2159 ,  60 .  48 
2160 ,  59 .  32 
2156 ,  58 .  59 
2156 ,  59 .  46 
2154 ,  61 .  35 
2158 ,  59 .  61 
2159 ,  59 .   3 
2159 ,  59 .   3 
2156 ,  60 .  19 
2159 ,  59 .  61 
2157 ,  59 .   3 
2149 ,  58 .  88 
2151 ,  60 .   4 
2157 ,  59 .  90 
2157 ,  58 .  45 
2151 ,  59 .  46 
2152 ,  59 .  75 
2150 ,  59 .   3 
2148 ,  59 .  46 
2147 ,  60 .   4 
2142 ,  59 .   3 
2150 ,  60 .   4 
2152 ,  57 .  87 
2145 ,  59 .  75 
2148 ,  60 .  77 
2152 ,  60 .   4 
2149 ,  58 .  16 
2146 ,  60 .  19 
2146 ,  59 .  90 
2153 ,  59 .   3 
2154 ,  59 .  61 
2149 ,  59 .  61 
2151 ,  60 .  62 
2155 ,  59 .   3 
2154 ,  58 .  45 
2156 ,  59 .  61 
2151 ,  60 .  19 
2153 ,  59 .  75 
2158 ,  58 .  45 
2157 ,  58 .  88 
2154 ,  60 .  19 
2156 ,  59 .   3 
2158 ,  59 .  46 
2152 ,  59 .  61 
2149 ,  59 .   3 
2158 ,  59 .  75 
2159 ,  58 .  74 
2152 ,  59 .   3 
2154 ,  59 .  61 
2159 ,  59 .   3 
2158 ,  59 .   3 
2151 ,  59 .  75 
2152 ,  60 .  62 
2160 ,  58 .  88 
2156 ,  59 .  46 
2158 ,  60 .  19 
2158 ,  59 .   3 
2163 ,  58 .  88 
2160 ,  59 .   3 
2160 ,  59 .   3 
2158 ,  60 .  19 
2163 ,  59 .  61 
2165 ,  58 .  88 
2163 ,  59 .   3 
2162 ,  60 .  62 
2165 ,  59 .  61 
2167 ,  59 .  90 
2163 ,  59 .   3 
2161 ,  60 .  19 
2168 ,  59 .  46 
2168 ,  60 .   4 
2166 ,  59 .  75 
2170 ,  60 .  62 
2173 ,  59 .  61 
2170 ,  59 .   3 
2166 ,  59 .  90 
2166 ,  59 .  61 
2173 ,  58 .  30 
2174 ,  59 .  90 
2172 ,  60 .   4 
2167 ,  59 .  61 
2176 ,  60 .   4 
2173 ,  59 .   3 
2174 ,  59 .  61 
2169 ,  60 .  19 
2172 ,  59 .   3 
2178 ,  58 .  88 
2176 ,  60 .  77 
2170 ,  60 .  19 
2175 ,  59 .   3 
2176 ,  59 .  46 
2169 ,  59 .   3 
2169 ,  59 .   3 
2176 ,  59 .  61 
2176 ,  59 .   3 
2179 ,  59 .  46 
2176 ,  60 .  19 
2178 ,  59 .  75 
2177 ,  58 .  74 
2176 ,  59 .   3 
2169 ,  60 .  19 
2175 ,  58 .  74 
2173 ,  59 .  61 
2178 ,  59 .   3 
2171 ,  59 .   3 
2177 ,  57 .  14 
2179 ,  59 .   3 
2171 ,  60 .  19 
2171 ,  59 .  46 
2176 ,  59 .  61 
2174 ,  58 .  45 
2171 ,  58 .  88 
2170 ,  60 .   4 
2174 ,  59 .   3 
2174 ,  58 .   1 
2168 ,  60 .  19 
2172 ,  58 .  59 
2167 ,  58 .  45 
2170 ,  59 .   3 
2163 ,  59 .  61 
2166 ,  60 .  19 
2170 ,  59 .  46 
2162 ,  60 .   4 
2167 ,  59 .   3 
2158 ,  59 .  90 
2163 ,  59 .   3 
2163 ,  59 .  46 
2157 ,  60 .   4 
2158 ,  60 .  19 
2162 ,  59 .   3 
2160 ,  59 .  61 
2153 ,  58 .  74 
2154 ,  60 .  19 
2156 ,  59 .   3 
2158 ,  59 .   3 
2154 ,  59 .   3 
2156 ,  60 .  19 
2160 ,  59 .  75 
2157 ,  58 .  74 
2153 ,  60 .   4 
2154 ,  59 .  46 
2154 ,  58 .  45 
2154 ,  59 .   3 
2150 ,  60 .   4 
2155 ,  59 .  46 
2159 ,  60 .   4 
2160 ,  59 .   3 
2156 ,  59 .  46 
2155 ,  59 .  90 
2160 ,  59 .  61 
2160 ,  59 .   3 
2159 ,  58 .  59 
2159 ,  60 .  91 
2166 ,  59 .  46 
2168 ,  59 .  46 
2174 ,  59 .   3 
2176 ,  59 .  46 
2182 ,  59 .  75 
2182 ,  58 .  74 
2175 ,  60 .   4 
2166 ,  60 .  77 
2154 ,  58 .  59 
2136 ,  59 .  17 
2115 ,  59 .  90 
2097 ,  59 .   3 
2088 ,  58 .  45 
2071 ,  59 .   3 
2044 ,  59 .  61 
2021 ,  58 .  88 
2003 ,  58 .  74 
1980 ,  58 .  88 
1964 ,  61 .   6 
1958 ,  60 .   4 
1960 ,  59 .   3 
1955 ,  59 .  17 
1954 ,  58 .  88 
1957 ,  59 .  46 
1971 ,  59 .   3 
1985 ,  57 .  87 
2001 ,  57 .  58 
2024 ,  59 .  75 
2049 ,  59 .   3 
2068 ,  59 .  46 
2088 ,  59 .   3 
2103 ,  57 .  58 
2120 ,  59 .  46 
2132 ,  57 .  87 
2141 ,  59 .  46 
2146 ,  57 .  87 
2157 ,  58 .  88 
2162 ,  60 .  77 
2174 ,  58 .  88 
2176 ,  60 .  19 
2185 ,  59 .  61 
2194 ,  60 .   4 
2193 ,  59 .   3 
2196 ,  60 .   4 
2205 ,  57 .  14 
2208 ,  58 .  74 
2204 ,  60 .  19 
2211 ,  60 .  62 
2217 ,  59 .   3 
2222 ,  58 .  88 
2223 ,  59 .  90 
2225 ,  59 .  46 
2232 ,  58 .  45 
2235 ,  59 .  46 
2238 ,  60 .  19 
2243 ,  59 .  32 
2255 ,  58 .  59 
2264 ,  59 .  46 
2263 ,  59 .   3 
2265 ,  60 .  19 
2272 ,  59 .   3 
2276 ,  59 .   3 
2273 ,  58 .  30 
2278 ,  61 .   6 
2285 ,  59 .   3 
2290 ,  59 .  46 
2286 ,  60 .  19 
2285 ,  58 .  88 
2295 ,  59 .   3 
2290 ,  59 .   3 
2286 ,  58 .  59 
2278 ,  59 .   3 
2266 ,  59 .   3 
2252 ,  59 .  61 
2240 ,  59 .   3 
2221 ,  60 .  19 
2209 ,  59 .  46 
2192 ,  59 .   3 
2178 ,  59 .   3 
2162 ,  59 .  90 
2156 ,  58 .  45 
2143 ,  58 .  59 
2117 ,  58 .  74 
2090 ,  59 .  61 
2067 ,  59 .  61 
2036 ,  58 .  45 
1994 ,  59 .   3 
1957 ,  58 .  45 
1915 ,  59 .   3 
1864 ,  58 .  74 
1805 ,  58 .  59 
1746 ,  59 .   3 
1689 ,  58 .  45 
1634 ,  58 .  45 
1595 ,  59 .  46 
1556 ,  61 .  20 
1522 ,  59 .  90 
1482 ,  58 .  45 
1438 ,  59 .   3 
1387 ,  59 .  61 
1342 ,  59 .   3 
1300 ,  57 .  29 
1265 ,  59 .  32 
1247 ,  60 .   4 
1248 ,  58 .  88 
1264 ,  58 .  88 
1286 ,  59 .   3 
1311 ,  60 .  19 
1333 ,  59 .   3 
1347 ,  58 .  45 
1352 ,  59 .  61 
1356 ,  60 .  19 
1353 ,  58 .  74 
1350 ,  60 .  19 
1346 ,  58 .  30 
1346 ,  59 .   3 
1347 ,  59 .   3 
1357 ,  58 .  45 
1366 ,  58 .  45 
1375 ,  59 .   3 
1382 ,  59 .  46 
1381 ,  58 .  88 
1379 ,  59 .  90 
1370 ,  60 .  19 
1367 ,  59 .  46 
1354 ,  59 .   3 
1336 ,  60 .  62 
1320 ,  60 .  19 
1305 ,  59 .   3 
1285 ,  59 .  61 
1261 ,  59 .   3 
1238 ,  59 .  61 
1215 ,  58 .  30 
1192 ,  58 .  16 
1167 ,  59 .  46 
1133 ,  60 .   4 
1098 ,  59 .  75 
1061 ,  58 .  30 
1026 ,  58 .  88 
1005 ,  59 .  90 
1002 ,  59 .   3 
1013 ,  58 .  88 
1048 ,  59 .   3 
1098 ,  58 .  45 
1165 ,  58 .  88 
1236 ,  59 .   3 
1313 ,  59 .  61 
1396 ,  59 .  61 
1487 ,  58 .  74 
1576 ,  60 .   4 
1663 ,  59 .  75 
1748 ,  60 .  62 
1832 ,  59 .   3 
1908 ,  60 .  62 
1966 ,  58 .  59 
2022 ,  60 .  62 
2066 ,  59 .   3 
2095 ,  58 .  30 
2114 ,  59 .  46 
2125 ,  60 .  77 
2135 ,  59 .   3 
2142 ,  59 .   3 
2134 ,  58 .  88 
2126 ,  59 .   3 
2122 ,  59 .  46 
2114 ,  59 .  61 
2099 ,  59 .  61 
2093 ,  60 .  19 
2092 ,  59 .  75 
2086 ,  58 .  74 
2081 ,  59 .   3 
2083 ,  59 .  75 
2074 ,  58 .  74 
2064 ,  58 .  74 
2043 ,  59 .   3 
2024 ,  60 .   4 
2002 ,  59 .   3 
1974 ,  58 .   1 
1935 ,  59 .  46 
1898 ,  59 .   3 
1874 ,  59 .   3 
1855 ,  57 .  87 
1842 ,  59 .  61 
1829 ,  59 .  46 
1826 ,  58 .  88 
1826 ,  58 .  45 
1829 ,  59 .  46 
1836 ,  60 .  19 
1849 ,  58 .  45 
1849 ,  58 .  30 
1842 ,  59 .  90 
1840 ,  60 .   4 
1851 ,  58 .  88 
1867 ,  60 .   4 
1888 ,  60 .  19 
1913 ,  59 .  61 
1940 ,  59 .   3 
1958 ,  58 .  88 
1969 ,  58 .  59 
1975 ,  60 .   4 
1987 ,  59 .  46 
1994 ,  58 .  45 
1998 ,  58 .  74 
1995 ,  60 .  62 
2001 ,  59 .  46 
2004 ,  59 .  90 
2008 ,  59 .  46 
2016 ,  59 .   3 
2025 ,  59 .   3 
2037 ,  58 .   1 
2044 ,  59 .   3 
2053 ,  59 .   3 
2067 ,  58 .  45 
2069 ,  59 .   3 
2067 ,  59 .  61 
2070 ,  59 .  90 
2074 ,  58 .  88 
2072 ,  57 .  87 
2068 ,  58 .  88 
2070 ,  60 .   4 
2070 ,  58 .  59 
2068 ,  59 .   3 
2066 ,  59 .  75 
2071 ,  59 .  90 
2079 ,  59 .   3 
2088 ,  59 .  90 
2088 ,  59 .  75 
2097 ,  59 .   3 
2107 ,  60 .   4 
2109 ,  58 .  30 
2109 ,  59 .  17 
2101 ,  60 .   4 
2097 ,  58 .  88 
2088 ,  59 .   3 
2076 ,  57 .  87 
2058 ,  60 .  19 
2048 ,  59 .   3 
2035 ,  59 .   3 
2020 ,  59 .  46 
2014 ,  60 .  62 
2012 ,  59 .   3 
2010 ,  58 .  45 
2000 ,  60 .  19 
1997 ,  58 .  88 
1993 ,  59 .  46 
1991 ,  59 .  61 
1988 ,  59 .   3 
1979 ,  59 .  61 
1985 ,  58 .  74 
1986 ,  58 .  88 
1986 ,  58 .   1 
1993 ,  59 .  61 
2000 ,  59 .   3 
2001 ,  58 .  74 
1997 ,  59 .  75 
1998 ,  60 .  19 
2002 ,  58 .  88 
2002 ,  59 .  61 
1996 ,  59 .  61 
1998 ,  59 .  46 
2003 ,  58 .  88 
2005 ,  59 .   3 
2000 ,  58 .  88 
2001 ,  60 .   4 
2005 ,  59 .   3 
2002 ,  59 .   3 
1999 ,  59 .  46 
1997 ,  59 .   3 
2002 ,  58 .  16 
2000 ,  58 .  74 
1999 ,  58 .  59 
1995 ,  60 .  77 
1998 ,  59 .  75 
2002 ,  59 .   3 
2002 ,  59 .   3 
2006 ,  60 .  19 
2003 ,  59 .  46 
2004 ,  59 .  61 
2000 ,  59 .  46 
2001 ,  59 .   3 
2005 ,  58 .  45 
2007 ,  58 .  45 
2004 ,  59 .  75 
2009 ,  59 .  90 
2015 ,  58 .  88 
2018 ,  59 .  46 
2012 ,  59 .  61 
2016 ,  60 .  19 
2021 ,  59 .   3 
2022 ,  59 .  61 
2019 ,  59 .  61 
2021 ,  59 .   3 
2025 ,  59 .  46 
2028 ,  58 .  45 
2028 ,  59 .   3 
2024 ,  59 .  61 
2026 ,  59 .   3 
2025 ,  57 .  72 
2025 ,  59 .   3 
2025 ,  60 .  19 
2025 ,  59 .   3 
2029 ,  58 .  74 
2027 ,  59 .  17 
2024 ,  61 .  20 
2026 ,  59 .  90 
2024 ,  60 .  19 
2020 ,  59 .  46 
2020 ,  59 .   3 
2025 ,  59 .   3 
2028 ,  58 .  59 
2029 ,  59 .  46 
2024 ,  60 .   4 
2031 ,  59 .  17 
2028 ,  59 .   3 
2027 ,  59 .  17 
2027 ,  60 .  19 
2032 ,  59 .  46 
2029 ,  59 .  61 
2025 ,  59 .  17 
2024 ,  59 .  46 
2024 ,  59 .   3 
2025 ,  58 .  88 
2018 ,  60 .  19 
2025 ,  58 .  59 
2024 ,  58 .  88 
2026 ,  59 .  17 
2020 ,  60 .   4 
2022 ,  60 .  62 
2022 ,  59 .   3 
2020 ,  59 .   3 
2016 ,  59 .  61 
2014 ,  60 .  91 
2017 ,  59 .   3 
2016 ,  59 .   3 
2016 ,  58 .  88 
2012 ,  59 .  90 
2014 ,  58 .  88 
2014 ,  59 .   3 
2008 ,  60 .  19 
2006 ,  60 .   4 
2012 ,  59 .  46 
2011 ,  60 .   4 
2006 ,  59 .   3 
2009 ,  58 .  30 
2005 ,  58 .  88 
2010 ,  58 .  59 
2005 ,  59 .   3 
2004 ,  59 .  75 
2008 ,  58 .  88 
2010 ,  58 .  45 
2007 ,  59 .   3 
2008 ,  60 .  19 
2012 ,  59 .   3 
2010 ,  59 .  61 
2011 ,  58 .  59 
2010 ,  60 .  62 
2012 ,  59 .   3 
2016 ,  59 .  61 
2010 ,  59 .  90 
2010 ,  60 .  19 
2013 ,  59 .   3 
2009 ,  59 .   3 
2005 ,  59 .  61 
2005 ,  59 .  90 
2012 ,  59 .  61 
2011 ,  58 .  45 
2007 ,  59 .  61 
2011 ,  59 .  61 
2010 ,  56 .  71 
2009 ,  58 .  74 
2008 ,  59 .  75 
2003 ,  59 .  61 
2008 ,  58 .  88 
2011 ,  59 .  75 
2006 ,  60 .  19 
2008 ,  59 .  61 
2010 ,  59 .  61 
2008 ,  58 .  88 
2007 ,  58 .  45 
2000 ,  59 .  61 
2007 ,  58 .  30 
2006 ,  58 .  88 
2003 ,  59 .  75 
2003 ,  59 .  90 
2004 ,  58 .  88 
2006 ,  59 .  17 
1999 ,  59 .   3 
1999 ,  58 .  88 
2005 ,  59 .   3 
2004 ,  59 .   3 
2000 ,  59 .  46 
1997 ,  60 .  77 
2002 ,  59 .   3 
2003 ,  59 .  61 
2004 ,  59 .   3 
1997 ,  58 .  59 
2001 ,  59 .   3 
2000 ,  58 .  88 
1997 ,  59 .   3 
1998 ,  60 .  19 
2002 ,  58 .  74 
2003 ,  59 .   3 
1998 ,  59 .  46 
1998 ,  59 .  61 
2003 ,  59 .  46 
2002 ,  58 .  59 
2001 ,  59 .   3 
2004 ,  58 .  88 
2001 ,  59 .   3 
2002 ,  58 .  74 
2003 ,  58 .  88 
1998 ,  60 .   4 
2001 ,  59 .   3 
2003 ,  59 .  75 
2004 ,  58 .  88 
2003 ,  59 .   3 
1998 ,  58 .   1 
1999 ,  59 .   3 
2001 ,  58 .  45 
1998 ,  59 .   3 
2001 ,  58 .  30 
1997 ,  59 .  61 
2000 ,  58 .  45 
2001 ,  59 .  46 
2004 ,  57 .  72 
1997 ,  59 .   3 
2001 ,  59 .  61 
1999 ,  58 .  45 
2000 ,  60 .  19 
1996 ,  59 .   3 
1996 ,  59 .   3 
2000 ,  59 .   3 
2001 ,  59 .  61 
2001 ,  59 .   3 
1996 ,  59 .  46 
1996 ,  59 .  75 
1998 ,  59 .  75 
2000 ,  59 .   3 
2002 ,  59 .   3 
1996 ,  60 .  19 
2000 ,  59 .   3 
2006 ,  59 .  61 
2002 ,  59 .  46 
2000 ,  59 .  61 
1999 ,  58 .  88 
1998 ,  58 .  88 
2001 ,  59 .   3 
2001 ,  59 .  61 
2000 ,  59 .   3 
2004 ,  58 .  30 
2001 ,  58 .  45 
2000 ,  59 .   3 
1999 ,  59 .   3 
1994 ,  59 .  90 
2002 ,  59 .  90 
2001 ,  58 .  88 
2001 ,  59 .   3 
1997 ,  60 .  19 
2001 ,  59 .   3 
2001 ,  59 .   3 
1999 ,  59 .  32 
1996 ,  58 .  59 
1998 ,  58 .  88 
2001 ,  58 .  30 
2002 ,  58 .  30 
2001 ,  58 .  30 
1996 ,  58 .  74 
1995 ,  59 .  61 
1998 ,  58 .  74 
1994 ,  58 .  45 
1999 ,  59 .   3 
1995 ,  58 .  88 
1997 ,  59 .   3 
1997 ,  59 .   3 
1993 ,  59 .  61 
1991 ,  60 .  19 
1996 ,  59 .   3 
1993 ,  58 .  45 
1988 ,  59 .  90 
1992 ,  60 .  19 
1995 ,  59 .   3 
1992 ,  59 .  75 
1995 ,  59 .   3 
1992 ,  60 .  19 
1994 ,  59 .  46 
1992 ,  59 .   3 
1991 ,  59 .   3 
1991 ,  60 .  19 
1995 ,  58 .  74 
1995 ,  59 .   3 
1993 ,  59 .  46 
1992 ,  60 .  19 
1996 ,  58 .  30 
1992 ,  58 .  45 
1992 ,  58 .  88 
1987 ,  60 .  62 
1991 ,  57 .  29 
1993 ,  59 .  90 
1988 ,  58 .  74 
1990 ,  59 .  61 
1992 ,  58 .  59 
1990 ,  60 .  19 
1983 ,  58 .  88 
1983 ,  59 .   3 
1985 ,  58 .  88 
1986 ,  58 .  59 
1988 ,  59 .   3 
1983 ,  59 .  90 
1984 ,  59 .   3 
1984 ,  58 .  59 
1977 ,  58 .  88 
1980 ,  60 .  91 
1981 ,  58 .  74 
1984 ,  58 .  74 
1985 ,  59 .   3 
1985 ,  58 .  30 
1980 ,  58 .  30 
1981 ,  59 .   3 
1979 ,  59 .   3 
1981 ,  60 .  19 
1986 ,  59 .   3 
1986 ,  59 .  46 
1984 ,  58 .  45 
1978 ,  59 .  61 
1986 ,  58 .  88 
1979 ,  58 .  88 
1975 ,  59 .  90 
1973 ,  59 .  61 
1980 ,  58 .  59 
1979 ,  59 .   3 
1977 ,  59 .   3 
1977 ,  58 .  88 
1982 ,  59 .   3 
1979 ,  59 .  75 
1976 ,  59 .  61 
1976 ,  60 .  19 
1982 ,  59 .  46 
1981 ,  58 .  74 
1977 ,  59 .   3 
1977 ,  59 .   3 
1982 ,  58 .  74 
1980 ,  59 .   3 
1974 ,  59 .  61 
1977 ,  60 .  19 
1984 ,  59 .   3 
1982 ,  58 .  30 
1982 ,  59 .  75 
1979 ,  59 .  61 
1982 ,  59 .  75 
1978 ,  59 .  46 
1980 ,  58 .  45 
1977 ,  60 .  62 
1981 ,  58 .  45 
1980 ,  58 .  45 
1979 ,  59 .  46 
1979 ,  60 .   4 
1983 ,  59 .   3 
1980 ,  58 .  74 
1977 ,  60 .   4 
1977 ,  60 .   4 
1981 ,  59 .  61 
1982 ,  58 .  59 
1979 ,  59 .  61 
1978 ,  59 .  90 
1985 ,  59 .   3 
1982 ,  58 .  88 
1982 ,  59 .   3 
1979 ,  59 .   3 
1984 ,  59 .  17 
1984 ,  59 .  75 
1982 ,  58 .  59 
1986 ,  60 .  91 
1990 ,  59 .   3 
1991 ,  58 .  88 
1989 ,  59 .   3 
1990 ,  59 .  61 
1995 ,  59 .   3 
1993 ,  57 .  72 
1990 ,  59 .  61 
1991 ,  57 .  58 
1993 ,  58 .  45 
1994 ,  58 .  30 
1992 ,  59 .   3 
1993 ,  58 .  30 
1994 ,  58 .  45 
1993 ,  58 .  74 
1984 ,  59 .  61 
1990 ,  60 .  19 
1994 ,  59 .  75 
1992 ,  57 .  43 
1986 ,  60 .   4 
1986 ,  60 .  91 
1990 ,  58 .  16 
1989 ,  58 .  74 
1991 ,  58 .  74 
1988 ,  59 .  46 
1992 ,  59 .  75 
1992 ,  59 .   3 
1986 ,  60 .  19 
1986 ,  59 .  17 
1990 ,  59 .  46 
1989 ,  58 .  45 
1989 ,  59 .   3 
1986 ,  60 .  19 
1990 ,  59 .   3 
1991 ,  58 .  16 
1984 ,  59 .   3 
1982 ,  60 .   4 
1987 ,  59 .   3 
1989 ,  57 .  87 
1988 ,  58 .  74 
1986 ,  59 .  75 
1992 ,  59 .  32 
1990 ,  59 .  46 
1986 ,  59 .  32 
1984 ,  60 .  19 
1988 ,  57 .  29 
1990 ,  59 .  61 
1989 ,  59 .   3 
1985 ,  59 .  75 
1991 ,  59 .  90 
1992 ,  59 .  32 
1996 ,  57 .  58 
1993 ,  60 .  19 
2002 ,  60 .  19 
2000 ,  59 .   3 
1998 ,  59 .   3 
2000 ,  59 .  17 
2003 ,  59 .  46 
2001 ,  59 .  61 
1995 ,  59 .  61 
1995 ,  59 .  46 
1999 ,  59 .   3 
2001 ,  58 .  45 
2000 ,  59 .   3 
1994 ,  59 .  61 
1999 ,  58 .  88 
1996 ,  58 .  30 
1990 ,  60 .  62 
1985 ,  60 .  91 
1986 ,  59 .   3 
1986 ,  59 .  46 
1983 ,  59 .   3 
1975 ,  59 .   3 
1979 ,  58 .  45 
1977 ,  58 .  88 
1971 ,  58 .  30 
1967 ,  58 .  45 
1971 ,  58 .  88 
1970 ,  57 .  87 
1970 ,  59 .  75 
1970 ,  59 .  61 
1970 ,  60 .   4 
1970 ,  59 .   3 
1970 ,  59 .   3 
1967 ,  60 .  62 
1974 ,  59 .  32 
1974 ,  59 .   3 
1970 ,  59 .  46 
1973 ,  59 .  61 
1976 ,  59 .   3 
1977 ,  59 .  46 
1972 ,  59 .  61 
1975 ,  58 .  88 
1980 ,  58 .  45 
1985 ,  58 .  16 
1989 ,  59 .   3 
1991 ,  58 .  59 
2001 ,  59 .   3 
2004 ,  57 .  29 
2005 ,  59 .   3 
2003 ,  60 .  19 
2008 ,  59 .   3 
2011 ,  59 .   3 
2014 ,  59 .  75 
2011 ,  59 .  90 
2017 ,  59 .  46 
2012 ,  59 .   3 
2007 ,  59 .   3 
2001 ,  59 .  46 
2005 ,  58 .  45 
2007 ,  59 .   3 
2008 ,  59 .   3 
2009 ,  59 .  61 
2013 ,  58 .  88 
2015 ,  59 .   3 
2014 ,  57 .  29 
2011 ,  60 .  91 
2012 ,  59 .   3 
2015 ,  59 .  61 
2011 ,  59 .   3 
2015 ,  59 .  61 
2015 ,  60 .   4 
2015 ,  59 .  61 
2013 ,  59 .  32 
2009 ,  59 .  46 
2009 ,  59 .   3 
2006 ,  59 .   3 
2002 ,  58 .  74 
2001 ,  58 .  30 
2003 ,  58 .  45 
2001 ,  58 .  74 
1992 ,  58 .  88 
1991 ,  60 .   4 
1984 ,  59 .  46 
1983 ,  59 .   3 
1983 ,  58 .  88 
1978 ,  58 .  74 
1984 ,  58 .  88 
1983 ,  60 .   4 
1980 ,  59 .  46 
1974 ,  60 .  19 
1972 ,  58 .  88 
1971 ,  59 .   3 
1968 ,  59 .   3 
1965 ,  59 .  61 
1967 ,  59 .  90 
1969 ,  59 .   3 
1960 ,  60 .  19 
1964 ,  58 .  88 
1959 ,  59 .  46 
1961 ,  60 .   4 
1957 ,  58 .  88 
1958 ,  59 .  61 
1962 ,  59 .   3 
1964 ,  59 .  46 
1962 ,  58 .  59 
1959 ,  59 .   3 
1965 ,  59 .  61 
1965 ,  58 .  59 
1965 ,  58 .  59 
1963 ,  60 .  48 
1969 ,  60 .  19 
1974 ,  60 .  19 
1976 ,  58 .  45 
1970 ,  59 .  61 
1976 ,  59 .  61 
1972 ,  59 .  61 
1978 ,  60 .   4 
1977 ,  58 .  45 
1984 ,  60 .   4 
1985 ,  59 .  46 
1985 ,  58 .  45 
1981 ,  60 .  19 
1985 ,  59 .   3 
1987 ,  58 .  88 
1984 ,  59 .  61 
1988 ,  60 .   4 
1992 ,  58 .  74 
1998 ,  58 .  88 
1996 ,  58 .  45 
1994 ,  60 .  62 
1996 ,  59 .  46 
1995 ,  59 .   3 
1993 ,  59 .  46 
1994 ,  59 .  61 
2002 ,  59 .   3 
2004 ,  59 .   3 
2006 ,  59 .  32 
2005 ,  59 .   3 
2007 ,  58 .  74 
2007 ,  59 .   3 
2007 ,  59 .   3 
2004 ,  60 .  19 
2010 ,  59 .   3 
2008 ,  59 .  46 
2003 ,  58 .  88 
2003 ,  60 .  19 
2006 ,  59 .   3 
2005 ,  59 .  46 
2001 ,  59 .   3 
2007 ,  59 .   3 
2007 ,  57 .  87 
2010 ,  58 .  88 
2010 ,  59 .  46 
2007 ,  59 .   3 
2005 ,  60 .  19 
2004 ,  60 .  19 
2002 ,  58 .  59 
1999 ,  59 .  32 
2001 ,  59 .   3 
2001 ,  59 .   3 
1996 ,  59 .   3 
1996 ,  59 .  75 
1997 ,  58 .  74 
1994 ,  57 .  87 
1992 ,  59 .  46 
1989 ,  59 .   3 
1991 ,  58 .  74 
1991 ,  59 .   3 
1986 ,  59 .  46 
1985 ,  59 .  61 
1988 ,  59 .  90 
1984 ,  58 .  45 
1982 ,  59 .   3 
1978 ,  60 .  62 
1984 ,  59 .  90 
1986 ,  59 .   3 
1980 ,  59 .  46 
1979 ,  60 .  19 
1979 ,  58 .  74 
1980 ,  60 .  19 
1976 ,  59 .  46 
1976 ,  59 .   3 
1981 ,  60 .   4 
1982 ,  58 .  88 
1977 ,  59 .  32 
1983 ,  59 .  90 
1987 ,  59 .  61 
1987 ,  58 .  45 
1983 ,  59 .  46 
1989 ,  59 .  90 
1994 ,  59 .   3 
1995 ,  60 .   4 
1994 ,  59 .  46 
1996 ,  60 .  19 
1997 ,  58 .  74 
2000 ,  57 .  87 
1997 ,  58 .  16 
1995 ,  60 .  77 
2003 ,  59 .  46 
2006 ,  60 .  62 
2002 ,  60 .   4 
2006 ,  59 .  61 
2006 ,  59 .   3 
2011 ,  59 .   3 
2003 ,  59 .  90 
2004 ,  60 .   4 
2008 ,  59 .   3 
2012 ,  59 .  46 
2005 ,  59 .  61 
2008 ,  59 .  46 
2011 ,  58 .  88 
2012 ,  59 .   3 
2006 ,  58 .  30 
2005 ,  59 .  46 
2010 ,  60 .   4 
2010 ,  59 .  46 
2004 ,  59 .  61 
2006 ,  60 .  19 
2009 ,  58 .  45 
2007 ,  59 .   3 
1999 ,  60 .  19 
2000 ,  59 .  61 
2002 ,  58 .  16 
2002 ,  57 .  87 
2000 ,  59 .  75 
2000 ,  60 .  77 
2005 ,  58 .  88 
2006 ,  59 .   3 
2003 ,  59 .  61 
1998 ,  59 .  46 
2004 ,  58 .  45 
2002 ,  59 .  46 
2003 ,  58 .  74 
2003 ,  58 .  74 
2006 ,  59 .  75 
2003 ,  58 .  59 
1997 ,  59 .   3 
1996 ,  60 .  19 
2004 ,  59 .   3 
2002 ,  59 .  90 
2000 ,  58 .   1 
1998 ,  60 .   4 
2004 ,  59 .   3 
2004 ,  58 .  45 
2000 ,  59 .   3 
1997 ,  59 .  90 
2001 ,  60 .  19 
2004 ,  58 .  59 
2001 ,  59 .   3 
2002 ,  60 .   4 
2009 ,  60 .   4 
2008 ,  57 .  72 
2001 ,  60 .  19 
2002 ,  59 .  46 
2004 ,  59 .   3 
2006 ,  58 .  45 
2001 ,  58 .  88 
2000 ,  60 .  19 
2004 ,  59 .   3 
2001 ,  59 .   3 
1997 ,  59 .   3 
1999 ,  59 .   3 
2001 ,  59 .   3 
2000 ,  58 .  45 
1999 ,  58 .   1 
1997 ,  58 .  45 
2001 ,  59 .  61 
2000 ,  58 .  45 
2001 ,  59 .   3 
1995 ,  59 .   3 
1996 ,  59 .   3 
1996 ,  58 .  88 
1996 ,  60 .   4 
1998 ,  60 .  77 
2003 ,  58 .  88 
2003 ,  58 .  30 
2002 ,  58 .  88 
1993 ,  59 .   3 
1997 ,  58 .  45 
1995 ,  61 .  78 
1997 ,  58 .  45 
1996 ,  60 .  19 
2000 ,  59 .   3 
1998 ,  58 .  16 
1994 ,  59 .   3 
1991 ,  59 .  90 
1994 ,  58 .  74 
1998 ,  59 .   3 
1995 ,  59 .  75 
1998 ,  59 .  46 
2000 ,  58 .  88 
2001 ,  58 .  45 
1998 ,  59 .  61 
1998 ,  58 .  88 
2005 ,  58 .  45 
2007 ,  59 .   3 
2013 ,  59 .   3 
2010 ,  58 .  74 
2013 ,  60 .  19 
2014 ,  60 .   4 
2008 ,  59 .  32 
2006 ,  60 .  91 
2005 ,  59 .   3 
1998 ,  59 .   3 
2000 ,  59 .   3 
1993 ,  58 .  45 
1993 ,  59 .   3 
1992 ,  59 .   3 
1989 ,  58 .  45 
1981 ,  59 .   3 
1981 ,  59 .  61 
1980 ,  57 .  87 
1979 ,  58 .  30 
1973 ,  59 .  61 
1980 ,  59 .   3 
1981 ,  59 .  90 
1977 ,  56 .  56 
1978 ,  60 .  19 
1974 ,  58 .  45 
1972 ,  58 .  45 
1967 ,  58 .  30 
1964 ,  60 .  19 
1967 ,  58 .  74 
1962 ,  57 .  58 
1948 ,  59 .   3 
1937 ,  59 .   3 
1927 ,  59 .   3 
1909 ,  58 .  45 
1883 ,  58 .  88 
1857 ,  59 .  61 
1833 ,  59 .   3 
1803 ,  59 .   3 
1772 ,  58 .  30 
1738 ,  60 .   4 
1707 ,  59 .   3 
1676 ,  58 .  30 
1650 ,  59 .  75 
1621 ,  59 .   3 
1604 ,  59 .   3 
1587 ,  58 .  45 
1569 ,  58 .  45 
1552 ,  58 .  59 
1543 ,  58 .  59 
1529 ,  58 .  74 
1519 ,  60 .   4 
1506 ,  60 .  62 
1498 ,  59 .  61 
1488 ,  60 .  62 
1480 ,  59 .   3 
1464 ,  60 .  77 
1456 ,  59 .   3 
1448 ,  59 .   3 
1438 ,  60 .  19 
1430 ,  60 .  19 
1421 ,  59 .   3 
1415 ,  58 .  45 
1405 ,  58 .  45 
1399 ,  59 .   3 
1392 ,  58 .  30 
1388 ,  58 .  88 
1384 ,  59 .   3 
1383 ,  57 .  87 
1387 ,  59 .  90 
1386 ,  59 .   3 
1387 ,  58 .  45 
1386 ,  60 .   4 
1392 ,  58 .  88 
1396 ,  58 .  88 
1402 ,  59 .  61 
1406 ,  60 .  19 
1414 ,  59 .  32 
1417 ,  58 .  88 
1423 ,  60 .  19 
1428 ,  60 .  19 
1436 ,  59 .  61 
1438 ,  58 .  30 
1441 ,  59 .  46 
1443 ,  59 .   3 
1449 ,  60 .  19 
1455 ,  57 .  87 
1457 ,  59 .   3 
1460 ,  60 .  62 
1465 ,  58 .  88 
1470 ,  60 .  19 
1470 ,  59 .   3 
1472 ,  60 .  19 
1473 ,  58 .  59 
1481 ,  59 .   3 
1479 ,  58 .  30 
1485 ,  58 .  45 
1485 ,  59 .   3 
1488 ,  58 .  45 
1491 ,  59 .   3 
1497 ,  59 .  75 
1508 ,  59 .  61 
1514 ,  58 .  45 
1525 ,  58 .  45 
1536 ,  58 .  88 
1553 ,  59 .   3 
1568 ,  58 .  45 
1589 ,  58 .  16 
1605 ,  60 .  19 
1628 ,  58 .  59 
1646 ,  59 .   3 
1665 ,  58 .  59 
1673 ,  59 .   3 
1689 ,  57 .  87 
1696 ,  60 .  19 
1704 ,  58 .  30 
1706 ,  59 .  61 
1709 ,  58 .  45 
1708 ,  60 .   4 
1702 ,  58 .  88 
1695 ,  59 .  61 
1693 ,  58 .  16 
1689 ,  59 .   3 
1681 ,  59 .   3 
1683 ,  60 .  19 
1686 ,  59 .   3 
1686 ,  58 .  45 
1687 ,  59 .  46 
1689 ,  57 .  29 
1691 ,  59 .  46 
1688 ,  58 .  88 
1687 ,  57 .  29 
1685 ,  58 .  16 
1688 ,  58 .  45 
1689 ,  58 .  74 
1687 ,  58 .  16 
1685 ,  60 .  19 
1683 ,  59 .   3 
1682 ,  59 .  46 
1679 ,  60 .   4 
1678 ,  60 .  19 
1681 ,  58 .  59 
1681 ,  58 .  45 
1679 ,  59 .  61 
1677 ,  59 .   3 
1681 ,  59 .   3 
1677 ,  59 .   3 
1679 ,  59 .   3 
1676 ,  59 .  61 
1678 ,  59 .  61 
1677 ,  58 .  45 
1671 ,  59 .   3 
1671 ,  60 .   4 
1671 ,  58 .  88 
1668 ,  57 .  87 
1666 ,  59 .   3 
1661 ,  60 .  19 
1666 ,  59 .  61 
1666 ,  58 .  59 
1666 ,  59 .   3 
1664 ,  59 .  61 
1666 ,  59 .  75 
1664 ,  59 .  75 
1658 ,  59 .  46 
1656 ,  59 .  61 
1660 ,  58 .  45 
1660 ,  58 .  45 
1658 ,  59 .   3 
1658 ,  60 .  19 
1661 ,  58 .  74 
1657 ,  58 .  74 
1654 ,  59 .  61 
1654 ,  59 .   3 
1657 ,  58 .  88 
1656 ,  59 .  32 
1656 ,  59 .  17 
1654 ,  59 .  32 
1660 ,  60 .  19 
1656 ,  60 .  19 
1655 ,  59 .   3 
1648 ,  60 .  19 
1652 ,  58 .  88 
1651 ,  60 .   4 
1650 ,  58 .  30 
1644 ,  60 .  19 
1646 ,  59 .   3 
1646 ,  59 .  61 
1640 ,  58 .  88 
1639 ,  60 .   4 
1638 ,  58 .  45 
1636 ,  58 .  88 
1633 ,  58 .  45 
1629 ,  59 .  90 
1629 ,  58 .  45 
1626 ,  58 .  30 
1623 ,  59 .   3 
1617 ,  57 .  87 
1625 ,  58 .  88 
1626 ,  58 .  88 
1626 ,  59 .   3 
1632 ,  60 .  19 
1635 ,  58 .  74 
1637 ,  58 .  45 
1637 ,  59 .   3 
1640 ,  60 .  19 
1644 ,  59 .   3 
1643 ,  60 .   4 
1644 ,  58 .  74 
1644 ,  60 .   4 
1646 ,  59 .  75 
1647 ,  59 .  75 
1642 ,  59 .  46 
1640 ,  59 .  61 
1640 ,  59 .  61 
1635 ,  59 .  61 
1630 ,  58 .  88 
1620 ,  60 .   4 
1617 ,  59 .   3 
1607 ,  58 .  74 
1597 ,  58 .  74 
1584 ,  60 .  19 
1576 ,  59 .  46 
1568 ,  58 .  45 
1556 ,  59 .  61 
1548 ,  59 .  46 
1545 ,  58 .  74 
1542 ,  57 .  87 
1539 ,  58 .  45 
1535 ,  59 .   3 
1537 ,  60 .   4 
1534 ,  58 .   1 
1531 ,  59 .   3 
1532 ,  59 .  46 
1534 ,  58 .  88 
1531 ,  59 .   3 
1524 ,  59 .  90 
1525 ,  59 .  90 
1526 ,  57 .  87 
1528 ,  59 .  46 
1526 ,  59 .  17 
1522 ,  58 .  88 
1524 ,  58 .  30 
1521 ,  60 .   4 
1518 ,  59 .   3 
1513 ,  60 .   4 
1511 ,  59 .  90 
1509 ,  58 .  45 
1505 ,  58 .  16 
1501 ,  59 .  75 
1499 ,  59 .  90 
1497 ,  59 .  46 
1494 ,  59 .   3 
1486 ,  60 .   4 
1490 ,  59 .  46 
1488 ,  58 .  45 
1484 ,  59 .  46 
1485 ,  58 .  74 
1488 ,  58 .  74 
1488 ,  58 .  59 
1489 ,  58 .  88 
1490 ,  59 .  17 
1490 ,  57 .  87 
1494 ,  58 .  88 
1489 ,  59 .   3 
1492 ,  60 .   4 
1497 ,  59 .   3 
1497 ,  57 .  58 
1497 ,  58 .  88 
1498 ,  59 .  90 
1500 ,  58 .  30 
1502 ,  60 .   4 
1504 ,  58 .  30 
1503 ,  59 .  32 
1504 ,  58 .  30 
1508 ,  60 .   4 
1504 ,  59 .  61 
1503 ,  59 .  90 
1506 ,  58 .  88 
1504 ,  60 .  19 
1501 ,  59 .  61 
1503 ,  59 .  46 
1502 ,  58 .  74 
1506 ,  58 .  45 
1504 ,  58 .  88 
1504 ,  59 .   3 
1504 ,  58 .  59 
1506 ,  58 .  30 
1496 ,  59 .  46 
1498 ,  59 .  46 
1498 ,  58 .  45 
1498 ,  57 .  87 
1497 ,  59 .   3 
1498 ,  58 .  45 
1504 ,  59 .  90 
1507 ,  58 .  74 
1510 ,  60 .   4 
1512 ,  59 .  90 
1512 ,  58 .  88 
1513 ,  57 .  87 
1514 ,  59 .  46 
1516 ,  59 .  75 
1521 ,  58 .  74 
1526 ,  59 .  46 
1530 ,  59 .   3 
1530 ,  59 .  46 
1535 ,  59 .  61 
1537 ,  59 .  46 
1534 ,  60 .  19 
1536 ,  59 .  90 
1538 ,  60 .   4 
1536 ,  58 .  88 
1532 ,  59 .  46 
1535 ,  60 .   4 
1539 ,  59 .  61 
1537 ,  57 .  87 
1536 ,  59 .  61 
1538 ,  58 .  16 
1536 ,  59 .   3 
1536 ,  58 .  45 
1537 ,  58 .  74 
1536 ,  59 .   3 
1543 ,  58 .   1 
1544 ,  58 .  45 
1544 ,  59 .  61 
1542 ,  59 .  46 
1545 ,  60 .  19 
1541 ,  59 .   3 
1541 ,  59 .  61 
1538 ,  60 .   4 
1543 ,  57 .  87 
1543 ,  57 .  87 
1543 ,  58 .  88 
1544 ,  60 .  62 
1546 ,  57 .  87 
1544 ,  60 .   4 
1543 ,  59 .  46 
1539 ,  59 .  61 
1545 ,  59 .   3 
1541 ,  58 .  45 
1543 ,  59 .   3 
1542 ,  60 .  19 
1543 ,  58 .  59 
1541 ,  57 .  87 
1543 ,  58 .  74 
1544 ,  60 .  77 
1544 ,  59 .   3 
1546 ,  59 .   3 
1544 ,  59 .  46 
1542 ,  60 .   4 
1542 ,  59 .   3 
1546 ,  59 .  46 
1543 ,  59 .  46 
1545 ,  58 .  74 
1549 ,  60 .  77 
1550 ,  59 .  75 
1549 ,  59 .   3 
1549 ,  59 .   3 
1555 ,  59 .   3 
1556 ,  58 .   1 
1558 ,  59 .   3 
1561 ,  60 .  19 
1562 ,  59 .  46 
1565 ,  59 .   3 
1565 ,  59 .   3 
1564 ,  60 .  19 
1568 ,  57 .  72 
1567 ,  58 .  45 
1565 ,  59 .   3 
1561 ,  58 .  74 
1563 ,  59 .   3 
1565 ,  57 .  72 
1565 ,  58 .  59 
1565 ,  60 .   4 
1569 ,  58 .  88 
1568 ,  57 .  87 
1566 ,  58 .  45 
1568 ,  60 .   4 
1570 ,  59 .   3 
1571 ,  58 .  88 
1568 ,  59 .  46 
1568 ,  57 .  87 
1571 ,  59 .  17 
1567 ,  58 .  59 
1567 ,  58 .  88 
1568 ,  59 .  61 
1570 ,  60 .  62 
1576 ,  59 .  46 
1572 ,  58 .  30 
1574 ,  58 .  30 
1576 ,  58 .  88 
1575 ,  59 .   3 
1572 ,  60 .   4 
1573 ,  59 .  90 
1573 ,  56 .  71 
1575 ,  59 .   3 
1570 ,  59 .  90 
1573 ,  59 .  90 
1578 ,  58 .  74 
1577 ,  60 .  19 
1572 ,  59 .   3 
1571 ,  58 .  88 
1575 ,  58 .  45 
1575 ,  57 .  87 
1572 ,  59 .  61 
1574 ,  58 .  88 
1576 ,  60 .  19 
1576 ,  58 .  30 
1577 ,  58 .  45 
1573 ,  59 .  61 
1576 ,  58 .   1 
1573 ,  59 .   3 
1577 ,  57 .  58 
1575 ,  60 .  19 
1578 ,  59 .   3 
1577 ,  57 .  72 
1576 ,  58 .  45 
1572 ,  59 .   3 
1577 ,  58 .  45 
1576 ,  57 .  87 
1580 ,  59 .   3 
1577 ,  59 .   3 
1580 ,  58 .  45 
1579 ,  57 .  72 
1577 ,  58 .  30 
1575 ,  59 .  75 
1579 ,  58 .  59 
1577 ,  58 .  45 
1579 ,  59 .   3 
1575 ,  60 .   4 
1577 ,  59 .   3 
1572 ,  60 .   4 
1565 ,  58 .  88 
1555 ,  60 .   4 
1550 ,  60 .  19 
1539 ,  58 .  88 
1525 ,  58 .  88 
1496 ,  59 .  61 
1472 ,  59 .  61 
1447 ,  58 .  74 
1427 ,  59 .   3 
1421 ,  59 .   3 
1423 ,  58 .  74 
1430 ,  59 .   3 
1436 ,  59 .  90 
1448 ,  60 .  19 
1465 ,  59 .   3 
1485 ,  58 .  45 
1501 ,  58 .  74 
1513 ,  59 .   3 
1527 ,  58 .  74 
1537 ,  58 .  74 
1547 ,  58 .  59 
1563 ,  58 .  88 
1586 ,  59 .  61 
1620 ,  59 .   3 
1641 ,  59 .  61 
1647 ,  60 .  19 
1652 ,  58 .  88 
1649 ,  58 .  45 
1642 ,  59 .   3 
1636 ,  58 .  45 
1637 ,  58 .  88 
1634 ,  59 .  90 
1626 ,  59 .  75 
1624 ,  59 .  90 
1627 ,  60 .  19 
1624 ,  58 .  88 
1617 ,  59 .   3 
1609 ,  59 .  46 
1601 ,  58 .  59 
1598 ,  59 .  90 
1590 ,  57 .  29 
1576 ,  60 .  62 
1569 ,  58 .  30 
1560 ,  58 .  88 
1551 ,  59 .   3 
1543 ,  58 .  88 
1539 ,  59 .   3 
1540 ,  57 .  87 
1540 ,  59 .   3 
1547 ,  59 .   3 
1557 ,  58 .  74 
1568 ,  59 .   3 
1570 ,  59 .   3 
1570 ,  60 .   4 
1574 ,  59 .  75 
1576 ,  59 .   3 
1578 ,  59 .   3 
1579 ,  59 .  75 
1582 ,  59 .  32 
1578 ,  59 .  46 
1574 ,  59 .  46 
1573 ,  60 .   4 
1585 ,  58 .  88 
1593 ,  58 .  59 
1596 ,  58 .  45 
1596 ,  58 .  45 
1598 ,  59 .  90 
1597 ,  58 .  59 
1597 ,  59 .  61 
1601 ,  59 .  75 
1612 ,  60 .  19 
1618 ,  59 .  61 
1622 ,  59 .  75 
1618 ,  60 .  91 
1619 ,  58 .  45 
1621 ,  58 .  74 
1622 ,  59 .   3 
1621 ,  57 .  58 
1627 ,  59 .   3 
1629 ,  58 .  30 
1629 ,  59 .  61 
1626 ,  59 .   3 
1631 ,  58 .  45 
1631 ,  57 .  29 
1630 ,  59 .   3 
1628 ,  59 .   3 
1635 ,  60 .   4 
1636 ,  55 .  55 
1637 ,  59 .   3 
1639 ,  59 .  61 
1644 ,  59 .   3 
1649 ,  59 .   3 
1661 ,  60 .   4 
1668 ,  60 .  19 
1682 ,  58 .  59 
1686 ,  59 .   3 
1688 ,  59 .  46 
1684 ,  59 .  46 
1691 ,  59 .  61 
1697 ,  58 .  59 
1700 ,  59 .   3 
1705 ,  60 .  19 
1712 ,  59 .  61 
1712 ,  59 .   3 
1708 ,  58 .  30 
1701 ,  59 .  61 
1700 ,  58 .  45 
1694 ,  58 .  30 
1695 ,  57 .  87 
1690 ,  60 .  19 
1696 ,  58 .  88 
1702 ,  61 .  20 
1712 ,  59 .  46 
1723 ,  58 .  30 
1741 ,  58 .  74 
1763 ,  59 .   3 
1790 ,  58 .  88 
1813 ,  58 .  88 
1848 ,  60 .  19 
1878 ,  59 .  46 
1912 ,  59 .   3 
1943 ,  60 .  19 
1980 ,  58 .  88 
2009 ,  57 .  72 
2029 ,  59 .   3 
2049 ,  59 .   3 
2061 ,  57 .  14 
2072 ,  58 .  30 
2079 ,  59 .   3 
2086 ,  59 .   3 
2098 ,  60 .  19 
2104 ,  59 .  61 
2110 ,  59 .   3 
2118 ,  60 .   4 
2131 ,  59 .  90 
2136 ,  58 .  88 
2138 ,  59 .  46 
2138 ,  59 .  75 
2139 ,  57 .  29 
2136 ,  59 .  46 
2132 ,  60 .   4 
2131 ,  59 .  90 
2137 ,  59 .   3 
2139 ,  59 .   3 
2133 ,  59 .  90 
2128 ,  60 .   4 
2130 ,  59 .  46 
2121 ,  58 .  74 
2112 ,  58 .  88 
2101 ,  59 .  61 
2100 ,  59 .   3 
2085 ,  57 .  87 
2067 ,  58 .  45 
2046 ,  60 .  62 
2026 ,  59 .  46 
2001 ,  59 .  46 
1975 ,  59 .   3 
1953 ,  60 .  19 
1941 ,  58 .  59 
1922 ,  58 .  59 
1908 ,  59 .   3 
1893 ,  58 .  74 
1884 ,  59 .   3 
1871 ,  59 .   3 
1860 ,  58 .  30 
1845 ,  60 .  19 
1838 ,  59 .  61 
1824 ,  59 .  90 
1812 ,  58 .  88 
1793 ,  59 .  90 
1774 ,  59 .   3 
1746 ,  58 .  45 
1712 ,  58 .  30 
1671 ,  59 .   3 
1633 ,  59 .   3 
1592 ,  58 .   1 
1549 ,  58 .  30 
1509 ,  59 .  61 
1479 ,  58 .  30 
1448 ,  58 .  74 
1424 ,  59 .  75 
1406 ,  60 .   4 
1398 ,  60 .  62 
1388 ,  59 .   3 
1379 ,  59 .   3 
1374 ,  59 .  46 
1371 ,  59 .   3 
1368 ,  59 .   3 
1366 ,  58 .  45 
1368 ,  60 .  19 
1372 ,  56 .  71 
1378 ,  58 .  45 
1381 ,  59 .   3 
1384 ,  59 .   3 
1395 ,  58 .  74 
1399 ,  58 .  30 
1403 ,  58 .  45 
1415 ,  59 .  90 
1429 ,  57 .  43 
1443 ,  57 .  43 
1456 ,  59 .  46 
1470 ,  58 .  88 
1482 ,  60 .  19 
1493 ,  58 .  45 
1501 ,  59 .   3 
1506 ,  60 .  19 
1512 ,  60 .  19 
1517 ,  57 .  58 
1517 ,  57 .  87 
1514 ,  59 .   3 
1512 ,  57 .  29 
1505 ,  58 .  30 
1494 ,  58 .  30 
1486 ,  59 .   3 
1480 ,  58 .  45 
1474 ,  59 .  61 
1470 ,  58 .  45 
1466 ,  60 .  19 
1467 ,  57 .  87 
1465 ,  57 .  58 
1463 ,  58 .  74 
1461 ,  60 .  19 
1464 ,  57 .   0 
1464 ,  60 .   4 
1464 ,  58 .  88 
1461 ,  58 .  74 
1461 ,  58 .  59 
1458 ,  59 .   3 
1455 ,  58 .  74 
1459 ,  60 .   4 
1457 ,  58 .  59 
1458 ,  58 .  74 
1458 ,  59 .   3 
1454 ,  60 .  62 
1458 ,  58 .  59 
1460 ,  59 .   3 
1464 ,  59 .  61 
1464 ,  60 .  19 
1470 ,  58 .  88 
1469 ,  58 .  88 
1471 ,  59 .  32 
1469 ,  58 .  74 
1476 ,  59 .   3 
1483 ,  57 .  29 
1482 ,  58 .  88 
1482 ,  59 .  61 
1487 ,  60 .   4 
1488 ,  58 .  45 
1492 ,  59 .   3 
1496 ,  60 .   4 
1498 ,  58 .  45 
1500 ,  59 .  17 
1499 ,  59 .   3 
1499 ,  59 .  61 
1500 ,  56 .  71 
1504 ,  60 .  19 
1503 ,  58 .  88 
1505 ,  59 .   3 
1514 ,  60 .  19 
1517 ,  58 .  88 
1518 ,  59 .   3 
1519 ,  60 .  91 
1521 ,  58 .  16 
1524 ,  59 .  90 
1524 ,  58 .  88 
1522 ,  60 .  19 
1526 ,  58 .  88 
1523 ,  59 .   3 
1522 ,  58 .  88 
1517 ,  59 .  90 
1519 ,  59 .   3 
1517 ,  59 .   3 
1517 ,  58 .  88 
1514 ,  58 .  88 
1522 ,  58 .  88 
1518 ,  58 .  30 
1520 ,  58 .  88 
1519 ,  61 .  78 
1524 ,  59 .  61 
1525 ,  58 .  88 
1524 ,  57 .  87 
1525 ,  59 .  90 
1530 ,  59 .  75 
1532 ,  59 .   3 
1532 ,  57 .  87 
1536 ,  60 .  19 
1540 ,  57 .  87 
1543 ,  60 .  19 
1548 ,  59 .   3 
1542 ,  57 .  87 
1551 ,  60 .  19 
1553 ,  60 .   4 
1554 ,  59 .   3 
1550 ,  60 .  19 
1552 ,  59 .  61 
1553 ,  60 .   4 
1554 ,  58 .  45 
1552 ,  60 .  19 
1555 ,  58 .  88 
1557 ,  58 .  45 
1557 ,  58 .  88 
1556 ,  60 .  62 
1556 ,  59 .   3 
1554 ,  58 .  88 
1554 ,  59 .   3 
1554 ,  59 .  46 
1556 ,  58 .  74 
1557 ,  58 .  88 
1557 ,  59 .   3 
1553 ,  59 .  75 
1556 ,  58 .  88 
1558 ,  58 .  74 
1558 ,  58 .  45 
1557 ,  60 .  62 
1560 ,  58 .  45 
1562 ,  58 .  45 
1562 ,  58 .   1 
1559 ,  59 .  90 
1561 ,  58 .  45 
1562 ,  59 .  61 
1560 ,  58 .  74 
1561 ,  59 .   3 
1567 ,  60 .  19 
1564 ,  60 .  19 
1568 ,  58 .  45 
1568 ,  59 .  61 
1570 ,  59 .  46 
1567 ,  59 .   3 
1567 ,  59 .   3 
1567 ,  57 .  87 
1570 ,  58 .  74 
1571 ,  58 .  59 
1569 ,  60 .  19 
1570 ,  59 .  61 
1572 ,  56 .  71 
1574 ,  60 .  48 
1570 ,  58 .  30 
1570 ,  59 .  75 
1574 ,  58 .  88 
1575 ,  60 .   4 
1576 ,  59 .  17 
1574 ,  59 .   3 
1576 ,  58 .   1 
1573 ,  58 .  88 
1573 ,  57 .  29 
1572 ,  60 .  19 
1579 ,  58 .  59 
1582 ,  59 .   3 
1579 ,  59 .  46 
1577 ,  58 .  88 
1577 ,  59 .   3 
1577 ,  58 .  74 
1577 ,  59 .   3 
1575 ,  59 .  61 
1581 ,  60 .  19 
1579 ,  60 .   4 
1581 ,  58 .  59 
1577 ,  60 .  19 
1582 ,  60 .  77 
1579 ,  59 .   3 
1578 ,  59 .   3 
1576 ,  61 .   6 
1578 ,  60 .   4 
1578 ,  59 .  17 
1576 ,  59 .   3 
1576 ,  60 .  77 
1578 ,  58 .  88 
1576 ,  59 .  61 
1574 ,  58 .  45 
1570 ,  59 .  46 
1572 ,  58 .   1 
1573 ,  59 .  61 
1573 ,  59 .   3 
1569 ,  60 .  19 
1569 ,  59 .   3 
1569 ,  59 .   3 
1569 ,  58 .  88 
1568 ,  61 .   6 
1571 ,  59 .  46 
1572 ,  58 .   1 
1572 ,  59 .  46 
1568 ,  59 .  46 
1567 ,  59 .   3 
1566 ,  60 .  19 
1563 ,  59 .   3 
1562 ,  59 .  90 
1566 ,  59 .  46 
1565 ,  59 .   3 
1566 ,  58 .  45 
1565 ,  60 .   4 
1567 ,  59 .  32 
1565 ,  59 .  90 
1564 ,  59 .   3 
1561 ,  59 .  61 
1564 ,  59 .  61 
1566 ,  58 .  45 
1564 ,  59 .  90 
1565 ,  59 .   3 
1565 ,  58 .  88 
1568 ,  59 .   3 
1566 ,  59 .   3 
1564 ,  60 .   4 
1568 ,  59 .   3 
1568 ,  60 .  62 
1564 ,  59 .  46 
1563 ,  58 .  88 
1567 ,  58 .  16 
1564 ,  59 .   3 
1564 ,  57 .  29 
1561 ,  59 .   3 
1563 ,  58 .  30 
1563 ,  58 .  16 
1560 ,  59 .   3 
1559 ,  60 .  19 
1560 ,  59 .   3 
1561 ,  58 .  88 
1562 ,  59 .   3 
1554 ,  59 .  17 
1556 ,  60 .  19 
1554 ,  59 .  61 
1550 ,  58 .  45 
1546 ,  60 .   4 
1550 ,  60 .   4 
1552 ,  59 .  61 
1551 ,  60 .   4 
1550 ,  60 .   4 
1553 ,  62 .  36 
1553 ,  58 .  74 
1555 ,  58 .  88 
1555 ,  58 .  88 
1560 ,  59 .   3 
1560 ,  59 .   3 
1554 ,  59 .  75 
1555 ,  59 .   3 
1558 ,  61 .  20 
1558 ,  59 .   3 
1559 ,  58 .  88 
1557 ,  58 .  45 
1562 ,  58 .  30 
1562 ,  59 .  61 
1562 ,  58 .  45 
1559 ,  60 .   4 
1562 ,  58 .  45 
1562 ,  58 .  88 
1561 ,  58 .  88 
1561 ,  59 .  61 
1567 ,  56 .  56 
1567 ,  60 .  19 
1566 ,  58 .  88 
1564 ,  59 .  46 
1567 ,  60 .   4 
1568 ,  59 .   3 
1565 ,  58 .  59 
1567 ,  59 .  46 
1569 ,  58 .  16 
1570 ,  58 .  16 
1564 ,  59 .   3 
1561 ,  58 .  30 
1563 ,  59 .   3 
1564 ,  58 .  45 
1562 ,  58 .  45 
1561 ,  60 .  19 
1561 ,  58 .  59 
1561 ,  59 .   3 
1559 ,  58 .  88 
1560 ,  58 .  88 
1558 ,  59 .  61 
1568 ,  59 .  61 
1571 ,  58 .  45 
1572 ,  59 .   3 
1578 ,  59 .   3 
1579 ,  58 .  88 
1580 ,  57 .  87 
1581 ,  59 .  61 
1589 ,  58 .  45 
1593 ,  58 .  16 
1600 ,  59 .  61 
1598 ,  58 .  88 
1604 ,  57 .  87 
1604 ,  60 .   4 
1602 ,  58 .  88 
1594 ,  59 .   3 
1595 ,  59 .  46 
1593 ,  58 .  16 
1589 ,  57 .  72 
1584 ,  60 .   4 
1584 ,  59 .  90 
1582 ,  59 .  32 
1581 ,  57 .  87 
1580 ,  60 .  19 
1583 ,  60 .  19 
1582 ,  58 .  88 
1586 ,  58 .  30 
1589 ,  60 .   4 
1592 ,  59 .   3 
1596 ,  59 .   3 
1597 ,  58 .  88 
1593 ,  59 .  32 
1596 ,  58 .  74 
1596 ,  59 .   3 
1594 ,  58 .  45 
1592 ,  58 .  88 
1598 ,  60 .  19 
1595 ,  58 .  45 
1596 ,  58 .  45 
1592 ,  60 .   4 
1594 ,  58 .  45 
1596 ,  59 .   3 
1598 ,  58 .  45 
1598 ,  60 .  19 
1604 ,  59 .   3 
1606 ,  60 .  19 
1606 ,  59 .  90 
1607 ,  59 .   3 
1612 ,  60 .   4 
1615 ,  58 .  45 
1615 ,  58 .  59 
1620 ,  60 .  19 
1626 ,  60 .  19 
1626 ,  57 .  72 
1625 ,  58 .  30 
1623 ,  58 .  88 
1621 ,  58 .  74 
1623 ,  58 .  16 
1623 ,  57 .  29 
1620 ,  59 .  75 
1628 ,  58 .  30 
1623 ,  57 .  87 
1624 ,  59 .   3 
1624 ,  59 .  75 
1626 ,  58 .  59 
1627 ,  59 .  46 
1628 ,  59 .  61 
1628 ,  58 .  45 
1626 ,  60 .   4 
1629 ,  58 .  88 
1625 ,  57 .  87 
1620 ,  59 .  46 
1623 ,  58 .  45 
1622 ,  58 .  45 
1620 ,  58 .  74 
1618 ,  60 .  62 
1622 ,  58 .  88 
1623 ,  60 .   4 
1622 ,  59 .   3 
1618 ,  59 .  61 
1620 ,  58 .  45 
1619 ,  59 .   3 
1619 ,  59 .   3 
1618 ,  60 .  19 
1621 ,  58 .  45 
1620 ,  57 .  72 
1621 ,  58 .  45 
1621 ,  60 .  19 
1625 ,  58 .  16 
1626 ,  58 .  45 
1628 ,  57 .  87 
1625 ,  60 .  19 
1632 ,  59 .  46 
1632 ,  58 .  88 
1633 ,  58 .  16 
1631 ,  59 .  61 
1635 ,  58 .  45 
1636 ,  57 .  87 
1635 ,  59 .   3 
1634 ,  58 .  45 
1639 ,  58 .  30 
1641 ,  58 .  59 
1645 ,  58 .  45 
1643 ,  59 .  46 
1643 ,  58 .  30 
1643 ,  57 .  58 
1643 ,  58 .  45 
1643 ,  59 .  75 
1647 ,  57 .  87 
1651 ,  60 .  19 
1648 ,  58 .   1 
1648 ,  58 .  88 
1652 ,  59 .  61 
1648 ,  56 .  71 
1648 ,  57 .  87 
1648 ,  59 .  46 
1654 ,  58 .  88 
1651 ,  58 .   1 
1652 ,  57 .  29 
1651 ,  59 .   3 
1651 ,  57 .  87 
1649 ,  58 .  45 
1648 ,  57 .  72 
1647 ,  59 .  75 
1648 ,  58 .  88 
1648 ,  58 .  59 
1648 ,  59 .   3 
1650 ,  59 .  46 
1650 ,  60 .  19 
1649 ,  58 .  30 
1649 ,  57 .  29 
1648 ,  58 .  74 
1650 ,  58 .  74 
1654 ,  58 .  74 
1652 ,  58 .   1 
1651 ,  59 .  90 
1655 ,  58 .  30 
1652 ,  59 .  75 
1656 ,  59 .  90 
1655 ,  60 .   4 
1656 ,  57 .  87 
1656 ,  60 .  19 
1656 ,  58 .  45 
1652 ,  59 .   3 
1661 ,  60 .   4 
1659 ,  58 .   1 
1657 ,  59 .   3 
1652 ,  60 .  19 
1659 ,  60 .   4 
1661 ,  58 .  88 
1659 ,  59 .   3 
1658 ,  59 .   3 
1661 ,  58 .  74 
1658 ,  58 .  88 
1656 ,  58 .  45 
1656 ,  59 .  61 
1658 ,  58 .  88 
1659 ,  57 .  29 
1660 ,  57 .  72 
1659 ,  58 .  45 
1663 ,  58 .  45 
1661 ,  56 .  71 
1661 ,  57 .  87 
1658 ,  58 .  59 
1663 ,  59 .  75 
1665 ,  58 .  88 
1664 ,  57 .  87 
1666 ,  60 .   4 
1666 ,  58 .  45 
1666 ,  58 .   1 
1667 ,  59 .   3 
1665 ,  58 .  30 
1669 ,  58 .   1 
1668 ,  57 .  87 
1669 ,  57 .  72 
1667 ,  59 .  46 
1672 ,  60 .  19 
1673 ,  58 .  88 
1668 ,  57 .  14 
1663 ,  59 .   3 
1668 ,  59 .  61 
1668 ,  59 .  61 
1669 ,  58 .  45 
1667 ,  60 .  19 
1669 ,  58 .  88 
1671 ,  58 .  88 
1672 ,  58 .  59 
1670 ,  60 .  19 
1671 ,  58 .  45 
1675 ,  58 .  88 
1676 ,  57 .  87 
1674 ,  58 .  88 
1679 ,  58 .  74 
1678 ,  59 .   3 
1678 ,  58 .  88 
1676 ,  59 .  46 
1681 ,  59 .  90 
1682 ,  57 .  87 
1682 ,  56 .  71 
1685 ,  60 .  19 
1688 ,  58 .  88 
1686 ,  59 .   3 
1686 ,  58 .  88 
1682 ,  60 .   4 
1687 ,  58 .  45 
1688 ,  58 .  45 
1686 ,  58 .   1 
1684 ,  58 .  88 
1691 ,  59 .   3 
1690 ,  59 .  75 
1689 ,  57 .  87 
169