15 ,  53 .   8 
2086 ,  51 .  92 
2126 ,  53 .  22 
2111 ,  52 .  79 
2066 ,  51 .  92 
2102 ,  53 .  22 
2104 ,  52 .   6 
2054 ,  52 .  50 
2016 ,  52 .  93 
2089 ,  51 .  48 
2126 ,  52 .   6 
2110 ,  52 .   6 
2068 ,  52 .  64 
2101 ,  53 .   8 
2102 ,  52 .  64 
2052 ,  53 .   8 
2018 ,  53 .  22 
2088 ,  52 .   6 
2125 ,  51 .  77 
2108 ,  52 .  50 
2067 ,  52 .   6 
2103 ,  52 .   6 
2104 ,  53 .  22 
2053 ,  53 .   8 
2017 ,  52 .   6 
2091 ,  50 .  76 
2130 ,  52 .  64 
2111 ,  52 .  50 
2069 ,  52 .  64 
2106 ,  53 .  22 
2103 ,  52 .  64 
2054 ,  53 .   8 
2020 ,  52 .   6 
2091 ,  52 .   6 
2128 ,  52 .  79 
2108 ,  53 .   8 
2068 ,  51 .  77 
2104 ,  52 .  93 
2102 ,  52 .   6 
2050 ,  53 .  22 
2022 ,  52 .  64 
2092 ,  51 .  77 
2129 ,  53 .   8 
2110 ,  52 .   6 
2072 ,  51 .  77 
2104 ,  52 .   6 
2104 ,  53 .  37 
2049 ,  52 .  79 
2026 ,  52 .   6 
2094 ,  52 .   6 
2131 ,  53 .  22 
2109 ,  53 .  22 
2074 ,  52 .  79 
2108 ,  52 .  64 
2104 ,  53 .  22 
2046 ,  51 .  92 
2026 ,  52 .  79 
2098 ,  53 .  22 
2129 ,  52 .  64 
2107 ,  52 .   6 
2074 ,  50 .  90 
2108 ,  51 .  77 
2102 ,  51 .  92 
2048 ,  53 .  22 
2028 ,  52 .  64 
2096 ,  50 .  90 
2129 ,  52 .  93 
2105 ,  52 .  64 
2074 ,  52 .  50 
2107 ,  52 .   6 
2103 ,  52 .  64 
2044 ,  51 .  48 
2030 ,  53 .  22 
2098 ,  53 .   8 
2129 ,  52 .  64 
2102 ,  52 .   6 
2072 ,  53 .   8 
2106 ,  52 .   6 
2096 ,  53 .   8 
2040 ,  52 .  50 
2032 ,  53 .  22 
2100 ,  52 .  64 
2127 ,  52 .   6 
2102 ,  53 .  22 
2076 ,  52 .  79 
2110 ,  52 .  93 
2099 ,  51 .  48 
2044 ,  53 .  22 
2036 ,  52 .  64 
2103 ,  51 .  77 
2132 ,  51 .  34 
2107 ,  53 .   8 
2079 ,  52 .  64 
2114 ,  53 .  22 
2103 ,  51 .  48 
2041 ,  51 .  92 
2037 ,  52 .   6 
2107 ,  52 .   6 
2134 ,  53 .  22 
2107 ,  52 .  79 
2081 ,  51 .  92 
2115 ,  52 .   6 
2101 ,  52 .  64 
2037 ,  52 .   6 
2038 ,  53 .   8 
2106 ,  52 .   6 
2133 ,  52 .  64 
2105 ,  53 .   8 
2082 ,  52 .  50 
2112 ,  52 .  64 
2095 ,  50 .  76 
2032 ,  51 .  48 
2037 ,  52 .  64 
2103 ,  52 .  93 
2131 ,  51 .  63 
2099 ,  52 .  93 
2079 ,  52 .  64 
2110 ,  53 .  22 
2097 ,  51 .  48 
2036 ,  53 .  22 
2037 ,  53 .  22 
2106 ,  51 .  48 
2131 ,  52 .  64 
2101 ,  52 .  79 
2080 ,  52 .  64 
2111 ,  53 .  37 
2096 ,  51 .  77 
2035 ,  53 .   8 
2040 ,  52 .   6 
2105 ,  51 .  48 
2132 ,  52 .   6 
2097 ,  51 .  77 
2081 ,  51 .  92 
2112 ,  52 .  50 
2095 ,  52 .  64 
2032 ,  52 .   6 
2043 ,  52 .   6 
2109 ,  51 .  48 
2134 ,  51 .  34 
2098 ,  51 .  34 
2083 ,  52 .  79 
2114 ,  53 .   8 
2096 ,  52 .  93 
2033 ,  53 .   8 
2046 ,  52 .  50 
2110 ,  52 .  64 
2131 ,  52 .  50 
2095 ,  52 .  64 
2079 ,  51 .  92 
2110 ,  53 .   8 
2091 ,  53 .  22 
2026 ,  52 .   6 
2042 ,  52 .  64 
2107 ,  53 .   8 
2128 ,  53 .   8 
2092 ,  52 .  93 
2078 ,  52 .  50 
2110 ,  53 .  22 
2088 ,  52 .  79 
2021 ,  53 .   8 
2042 ,  51 .  77 
2109 ,  51 .  48 
2127 ,  50 .  90 
2090 ,  51 .  92 
2082 ,  52 .  50 
2108 ,  50 .  90 
2087 ,  52 .   6 
2022 ,  51 .  92 
2040 ,  51 .  34 
2104 ,  52 .   6 
2121 ,  51 .  48 
2082 ,  51 .  48 
2076 ,  50 .  47 
2104 ,  51 .  77 
2081 ,  50 .  90 
2013 ,  50 .  90 
2038 ,  50 .  32 
2103 ,  52 .   6 
2123 ,  52 .  64 
2082 ,  52 .  93 
2076 ,  51 .  63 
2102 ,  53 .   8 
2082 ,  52 .  64 
2014 ,  52 .   6 
2039 ,  53 .   8 
2104 ,  53 .  22 
2118 ,  51 .  63 
2078 ,  50 .  90 
2074 ,  53 .  22 
2100 ,  52 .  64 
2078 ,  53 .   8 
2010 ,  53 .   8 
2042 ,  53 .   8 
2101 ,  51 .  48 
2119 ,  53 .   8 
2078 ,  52 .   6 
2074 ,  51 .  34 
2101 ,  52 .  64 
2077 ,  51 .  34 
2007 ,  51 .  34 
2038 ,  52 .  93 
2101 ,  52 .   6 
2114 ,  52 .  50 
2076 ,  53 .  66 
2069 ,  51 .  63 
2097 ,  51 .  92 
2073 ,  51 .  48 
2004 ,  53 .   8 
2038 ,  51 .  48 
2101 ,  51 .  34 
2114 ,  52 .  50 
2073 ,  52 .  93 
2073 ,  51 .  34 
2098 ,  53 .   8 
2072 ,  53 .  52 
2000 ,  51 .  77 
2038 ,  51 .  77 
2101 ,  52 .   6 
2114 ,  51 .  48 
2072 ,  50 .  76 
2072 ,  52 .   6 
2093 ,  52 .   6 
2066 ,  51 .  92 
1995 ,  51 .  92 
2037 ,  52 .   6 
2098 ,  54 .  39 
2110 ,  50 .  90 
2066 ,  51 .  77 
2070 ,  51 .  48 
2093 ,  51 .  92 
2067 ,  51 .  92 
1995 ,  51 .  77 
2039 ,  50 .  90 
2100 ,  51 .  63 
2108 ,  52 .  64 
2064 ,  52 .  50 
2071 ,  50 .  90 
2092 ,  51 .  48 
2062 ,  51 .  92 
1992 ,  51 .  63 
2040 ,  52 .  64 
2099 ,  51 .  92 
2109 ,  51 .  48 
2062 ,  52 .   6 
2070 ,  50 .  90 
2094 ,  51 .  92 
2062 ,  52 .   6 
1991 ,  50 .  90 
2042 ,  52 .  50 
2099 ,  51 .  48 
2108 ,  50 .  90 
2063 ,  52 .  50 
2070 ,  52 .   6 
2093 ,  52 .   6 
2063 ,  52 .  50 
1992 ,  52 .   6 
2041 ,  50 .  61 
2101 ,  51 .  92 
2109 ,  52 .  64 
2062 ,  51 .  63 
2071 ,  50 .  90 
2092 ,  51 .  92 
2059 ,  51 .  92 
1986 ,  51 .  92 
2040 ,  51 .  92 
2096 ,  52 .   6 
2107 ,  52 .   6 
2061 ,  52 .   6 
2072 ,  51 .  92 
2094 ,  52 .  50 
2060 ,  50 .  76 
1989 ,  51 .  34 
2044 ,  51 .  92 
2099 ,  50 .  90 
2107 ,  50 .  90 
2062 ,  51 .  48 
2074 ,  51 .  63 
2093 ,  51 .  34 
2061 ,  52 .  64 
1989 ,  51 .  34 
2044 ,  52 .   6 
2102 ,  51 .  48 
2108 ,  50 .  90 
2063 ,  52 .  50 
2080 ,  53 .  22 
2097 ,  51 .  48 
2062 ,  52 .  64 
1994 ,  53 .  22 
2048 ,  51 .  77 
2103 ,  52 .   6 
2112 ,  52 .  64 
2061 ,  48 .  58 
2077 ,  51 .  48 
2096 ,  51 .  77 
2062 ,  50 .  90 
1988 ,  51 .  48 
2048 ,  53 .   8 
2101 ,  52 .   6 
2107 ,  52 .   6 
2059 ,  51 .  92 
2075 ,  50 .  90 
2093 ,  50 .  32 
2059 ,  51 .  92 
1988 ,  51 .  92 
2049 ,  51 .  48 
2104 ,  51 .  92 
2107 ,  51 .  34 
2057 ,  51 .  92 
2074 ,  51 .  48 
2092 ,  51 .  92 
2057 ,  53 .  22 
1987 ,  51 .  48 
2048 ,  52 .   6 
2104 ,  52 .  50 
2108 ,  52 .   6 
2056 ,  53 .   8 
2075 ,  51 .  34 
2095 ,  51 .  92 
2057 ,  52 .   6 
1990 ,  51 .  34 
2051 ,  51 .  48 
2106 ,  51 .  63 
2109 ,  51 .  48 
2057 ,  51 .  34 
2080 ,  52 .   6 
2096 ,  52 .  93 
2059 ,  51 .  48 
1991 ,  51 .  34 
2053 ,  50 .  32 
2107 ,  52 .   6 
2108 ,  51 .  48 
2057 ,  51 .  34 
2082 ,  51 .  92 
2095 ,  51 .  48 
2058 ,  51 .  19 
1992 ,  51 .  48 
2054 ,  49 .  74 
2106 ,  52 .   6 
2108 ,  51 .  48 
2055 ,  51 .  92 
2082 ,  52 .  50 
2095 ,  52 .   6 
2059 ,  51 .  92 
1992 ,  51 .  92 
2053 ,  51 .  48 
2106 ,  51 .  48 
2106 ,  51 .  92 
2052 ,  52 .   6 
2076 ,  51 .  92 
2092 ,  52 .   6 
2055 ,  51 .  48 
1987 ,  52 .  64 
2049 ,  50 .  90 
2103 ,  51 .  48 
2104 ,  50 .  76 
2050 ,  52 .   6 
2077 ,  51 .  48 
2093 ,  52 .   6 
2054 ,  52 .   6 
1988 ,  52 .   6 
2053 ,  51 .  19 
2104 ,  51 .  48 
2106 ,  51 .  48 
2051 ,  52 .   6 
2080 ,  51 .  77 
2094 ,  52 .   6 
2053 ,  51 .  48 
1987 ,  51 .  48 
2055 ,  51 .  48 
2106 ,  50 .  90 
2104 ,  52 .   6 
2050 ,  52 .   6 
2076 ,  51 .  48 
2091 ,  52 .   6 
2053 ,  51 .  92 
1989 ,  51 .  77 
2055 ,  51 .  48 
2107 ,  52 .   6 
2106 ,  53 .  22 
2053 ,  51 .  92 
2081 ,  51 .  48 
2096 ,  50 .  18 
2055 ,  51 .  92 
1991 ,  52 .  79 
2057 ,  51 .  77 
2108 ,  51 .  92 
2107 ,  52 .  64 
2051 ,  51 .  92 
2080 ,  51 .  48 
2094 ,  51 .  34 
2051 ,  50 .  90 
1988 ,  51 .  48 
2058 ,  51 .  48 
2104 ,  51 .  48 
2104 ,  52 .   6 
2050 ,  52 .   6 
2081 ,  51 .  48 
2093 ,  50 .  90 
2052 ,  51 .  34 
1991 ,  51 .  48 
2062 ,  52 .   6 
2108 ,  51 .  77 
2106 ,  50 .  76 
2054 ,  52 .  35 
2082 ,  51 .  92 
2095 ,  52 .   6 
2054 ,  52 .  64 
1990 ,  52 .  64 
2061 ,  51 .  19 
2108 ,  51 .  92 
2104 ,  52 .   6 
2052 ,  52 .  64 
2086 ,  52 .   6 
2093 ,  52 .  50 
2052 ,  50 .  90 
1994 ,  52 .  64 
2062 ,  51 .  48 
2107 ,  52 .  79 
2104 ,  52 .  64 
2050 ,  52 .   6 
2083 ,  51 .  48 
2093 ,  51 .  92 
2048 ,  49 .   2 
1993 ,  50 .  90 
2058 ,  50 .  90 
2110 ,  52 .  50 
2103 ,  51 .  34 
2050 ,  51 .  48 
2084 ,  52 .   6 
2093 ,  52 .   6 
2050 ,  52 .  64 
1991 ,  51 .  34 
2063 ,  51 .  48 
2108 ,  51 .  77 
2106 ,  51 .  92 
2051 ,  52 .  50 
2082 ,  50 .  32 
2091 ,  51 .  92 
2048 ,  52 .  50 
1992 ,  50 .  61 
2065 ,  50 .  90 
2109 ,  51 .  34 
2106 ,  52 .   6 
2053 ,  52 .  35 
2082 ,  51 .  48 
2090 ,  52 .  35 
2049 ,  50 .  90 
1993 ,  52 .  93 
2061 ,  51 .  77 
2109 ,  51 .  34 
2106 ,  53 .   8 
2053 ,  51 .  34 
2086 ,  52 .  64 
2095 ,  52 .  64 
2050 ,  52 .   6 
1997 ,  51 .  34 
2066 ,  50 .  90 
2112 ,  52 .   6 
2105 ,  50 .  90 
2053 ,  51 .  48 
2088 ,  51 .  48 
2098 ,  52 .  50 
2051 ,  51 .  48 
1997 ,  51 .  92 
2066 ,  50 .  18 
2112 ,  50 .  90 
2104 ,  51 .  48 
2054 ,  51 .  48 
2089 ,  51 .  19 
2096 ,  50 .  90 
2050 ,  52 .   6 
1997 ,  51 .  63 
2071 ,  51 .  34 
2115 ,  50 .  76 
2107 ,  52 .   6 
2056 ,  52 .  50 
2090 ,  51 .  92 
2095 ,  51 .  77 
2051 ,  51 .  48 
1997 ,  52 .  64 
2068 ,  51 .  92 
2110 ,  51 .  48 
2104 ,  51 .  63 
2053 ,  51 .  48 
2087 ,  51 .  48 
2094 ,  51 .  48 
2048 ,  51 .  92 
1999 ,  51 .  63 
2068 ,  51 .  48 
2113 ,  51 .  77 
2106 ,  51 .  92 
2058 ,  51 .  63 
2088 ,  50 .  90 
2094 ,  50 .  90 
2050 ,  52 .  21 
2000 ,  51 .  92 
2072 ,  51 .  92 
2115 ,  52 .   6 
2104 ,  51 .  48 
2049 ,  50 .  90 
2080 ,  50 .  90 
2086 ,  51 .  77 
2038 ,  51 .  48 
1988 ,  51 .  48 
2062 ,  52 .  79 
2104 ,  51 .  63 
2095 ,  51 .  92 
2046 ,  51 .  92 
2082 ,  51 .  48 
2088 ,  52 .  64 
2039 ,  51 .  48 
1993 ,  52 .  93 
2064 ,  51 .  48 
2108 ,  52 .  50 
2096 ,  51 .  77 
2048 ,  52 .  50 
2081 ,  52 .   6 
2085 ,  51 .  92 
2036 ,  52 .   6 
1986 ,  52 .   6 
2062 ,  51 .  48 
2106 ,  52 .  35 
2093 ,  52 .   6 
2044 ,  52 .  50 
2080 ,  52 .  64 
2085 ,  51 .  92 
2036 ,  49 .  74 
1991 ,  51 .  19 
2063 ,  51 .  48 
2106 ,  51 .  77 
2094 ,  51 .  77 
2046 ,  51 .  77 
2080 ,  51 .  48 
2085 ,  51 .  19 
2038 ,  52 .  64 
1994 ,  53 .  37 
2064 ,  52 .  50 
2105 ,  51 .  48 
2091 ,  52 .   6 
2046 ,  52 .  93 
2078 ,  52 .   6 
2082 ,  51 .  77 
2034 ,  51 .  34 
1993 ,  52 .  50 
2065 ,  50 .  90 
2107 ,  52 .   6 
2094 ,  52 .  50 
2045 ,  52 .  93 
2082 ,  51 .  63 
2083 ,  51 .  48 
2033 ,  51 .  48 
1993 ,  51 .   5 
2064 ,  52 .   6 
2104 ,  51 .  48 
2092 ,  52 .  64 
2045 ,  51 .  34 
2079 ,  52 .   6 
2082 ,  51 .  34 
2031 ,  51 .  34 
1989 ,  51 .  77 
2065 ,  52 .   6 
2105 ,  51 .  77 
2092 ,  50 .  90 
2044 ,  52 .   6 
2080 ,  51 .  92 
2083 ,  51 .  77 
2032 ,  51 .  34 
1994 ,  50 .  90 
2065 ,  51 .  92 
2107 ,  51 .  48 
2094 ,  52 .  79 
2048 ,  52 .   6 
2082 ,  50 .  90 
2082 ,  51 .  63 
2033 ,  51 .  48 
1988 ,  50 .  90 
2066 ,  52 .   6 
2105 ,  51 .  92 
2090 ,  53 .  22 
2048 ,  50 .  90 
2080 ,  51 .  92 
2081 ,  52 .   6 
2032 ,  50 .  76 
1995 ,  51 .  63 
2067 ,  51 .  48 
2106 ,  52 .  50 
2090 ,  51 .  92 
2047 ,  52 .   6 
2080 ,  50 .  61 
2082 ,  50 .  90 
2030 ,  52 .   6 
1992 ,  52 .   6 
2066 ,  52 .   6 
2104 ,  51 .  63 
2088 ,  51 .  48 
2044 ,  52 .  64 
2083 ,  51 .  77 
2081 ,  51 .  63 
2030 ,  51 .  48 
1997 ,  53 .   8 
2069 ,  51 .  48 
2107 ,  51 .  92 
2094 ,  52 .   6 
2052 ,  52 .  64 
2084 ,  51 .  48 
2085 ,  50 .  76 
2032 ,  51 .  48 
1998 ,  52 .  64 
2072 ,  51 .  34 
2108 ,  52 .   6 
2092 ,  52 .   6 
2050 ,  51 .  34 
2084 ,  50 .  90 
2081 ,  50 .  32 
2034 ,  52 .   6 
1999 ,  52 .   6 
2074 ,  53 .   8 
2111 ,  51 .  92 
2092 ,  52 .   6 
2050 ,  51 .  48 
2086 ,  52 .  35 
2083 ,  51 .  48 
2029 ,  51 .  48 
1996 ,  52 .   6 
2072 ,  52 .  93 
2109 ,  51 .  48 
2091 ,  51 .  92 
2050 ,  52 .  21 
2084 ,  52 .   6 
2080 ,  52 .   6 
2027 ,  51 .  92 
1995 ,  51 .  77 
2069 ,  49 .  16 
2106 ,  50 .  90 
2087 ,  51 .  34 
2049 ,  52 .  79 
2084 ,  51 .  92 
2080 ,  51 .  34 
2027 ,  52 .   6 
1997 ,  51 .  19 
2069 ,  51 .  48 
2108 ,  51 .  48 
2090 ,  51 .  63 
2048 ,  51 .  63 
2087 ,  51 .  48 
2082 ,  51 .  63 
2027 ,  50 .  90 
2001 ,  50 .  32 
2073 ,  51 .  48 
2110 ,  52 .   6 
2092 ,  51 .  48 
2054 ,  51 .  48 
2088 ,  51 .  63 
2085 ,  51 .  77 
2032 ,  52 .   6 
2006 ,  52 .  50 
2078 ,  51 .  63 
2112 ,  51 .  92 
2092 ,  51 .  48 
2056 ,  52 .   6 
2090 ,  51 .  92 
2087 ,  52 .  64 
2033 ,  51 .  92 
2005 ,  50 .  90 
2079 ,  51 .  48 
2113 ,  51 .  92 
2092 ,  51 .  92 
2058 ,  53 .  37 
2089 ,  52 .   6 
2086 ,  51 .  34 
2031 ,  52 .   6 
2007 ,  53 .   8 
2078 ,  51 .  63 
2112 ,  51 .  77 
2094 ,  52 .  50 
2055 ,  51 .  19 
2089 ,  52 .   6 
2087 ,  52 .   6 
2032 ,  51 .  77 
2006 ,  51 .  48 
2079 ,  51 .  77 
2112 ,  51 .  34 
2094 ,  52 .   6 
2055 ,  50 .  76 
2087 ,  52 .   6 
2084 ,  51 .  92 
2029 ,  51 .  48 
2008 ,  52 .   6 
2080 ,  52 .  21 
2111 ,  51 .  77 
2087 ,  50 .  76 
2056 ,  52 .   6 
2091 ,  51 .  34 
2084 ,  51 .  92 
2028 ,  52 .   6 
2008 ,  49 .  60 
2077 ,  52 .   6 
2111 ,  50 .  76 
2089 ,  50 .  90 
2055 ,  52 .  64 
2091 ,  52 .   6 
2084 ,  51 .  92 
2028 ,  51 .  92 
2010 ,  52 .  64 
2079 ,  50 .  61 
2111 ,  52 .  50 
2087 ,  51 .   5 
2053 ,  52 .  93 
2088 ,  51 .  92 
2088 ,  51 .  48 
2027 ,  51 .  77 
2010 ,  53 .   8 
2082 ,  51 .  48 
2114 ,  50 .  90 
2089 ,  51 .  48 
2057 ,  52 .   6 
2094 ,  52 .   6 
2089 ,  51 .  92 
2031 ,  50 .  90 
2014 ,  51 .  77 
2085 ,  51 .  48 
2116 ,  52 .   6 
2094 ,  51 .  48 
2062 ,  52 .   6 
2094 ,  50 .  32 
2086 ,  52 .   6 
2029 ,  51 .  92 
2018 ,  51 .  63 
2088 ,  52 .  79 
2115 ,  52 .  35 
2093 ,  51 .  34 
2061 ,  52 .  93 
2094 ,  51 .  92 
2085 ,  52 .   6 
2028 ,  51 .  92 
2013 ,  51 .  48 
2084 ,  50 .  90 
2114 ,  51 .  48 
2091 ,  51 .  48 
2062 ,  51 .  48 
2093 ,  50 .  90 
2084 ,  51 .  92 
2028 ,  52 .  93 
2012 ,  51 .  92 
2083 ,  52 .  93 
2115 ,  51 .  48 
2086 ,  51 .  48 
2061 ,  52 .   6 
2094 ,  51 .  92 
2086 ,  52 .  50 
2026 ,  50 .  90 
2015 ,  51 .  48 
2088 ,  52 .   6 
2116 ,  52 .   6 
2092 ,  51 .  48 
2063 ,  51 .  77 
2094 ,  50 .  90 
2085 ,  51 .  48 
2027 ,  52 .  50 
2016 ,  51 .  48 
2085 ,  51 .  48 
2116 ,  51 .  48 
2090 ,  52 .  79 
2061 ,  52 .  64 
2094 ,  51 .  48 
2086 ,  52 .   6 
2026 ,  51 .  63 
2018 ,  52 .   6 
2087 ,  50 .  90 
2117 ,  51 .  48 
2093 ,  52 .  64 
2064 ,  50 .  32 
2096 ,  51 .  92 
2088 ,  53 .  22 
2027 ,  52 .   6 
2020 ,  52 .   6 
2089 ,  52 .   6 
2117 ,  51 .  92 
2088 ,  52 .   6 
2060 ,  51 .  63 
2092 ,  52 .  50 
2082 ,  51 .  92 
2022 ,  51 .  92 
2018 ,  53 .  22 
2088 ,  51 .  92 
2115 ,  53 .   8 
2086 ,  50 .  90 
2063 ,  52 .   6 
2096 ,  52 .  50 
2083 ,  51 .  77 
2025 ,  51 .  48 
2016 ,  51 .  92 
2086 ,  50 .  90 
2115 ,  52 .  50 
2090 ,  50 .  90 
2061 ,  51 .  92 
2093 ,  51 .  63 
2083 ,  52 .   6 
2024 ,  51 .  48 
2024 ,  53 .  22 
2088 ,  51 .  63 
2114 ,  51 .  77 
2089 ,  53 .   8 
2062 ,  53 .   8 
2094 ,  51 .  92 
2083 ,  52 .   6 
2025 ,  51 .  48 
2021 ,  51 .  48 
2092 ,  51 .  34 
2116 ,  51 .  48 
2090 ,  52 .   6 
2065 ,  51 .  48 
2098 ,  51 .  48 
2084 ,  52 .   6 
2024 ,  52 .   6 
2020 ,  52 .   6 
2091 ,  51 .  48 
2116 ,  52 .  79 
2087 ,  51 .  34 
2063 ,  51 .  63 
2096 ,  51 .  48 
2084 ,  51 .  48 
2024 ,  51 .  92 
2024 ,  52 .   6 
2090 ,  52 .   6 
2117 ,  51 .  48 
2085 ,  51 .  19 
2066 ,  51 .  48 
2098 ,  52 .   6 
2085 ,  51 .  48 
2025 ,  52 .  64 
2021 ,  51 .  92 
2090 ,  50 .  90 
2116 ,  51 .  34 
2090 ,  52 .  79 
2064 ,  52 .  64 
2094 ,  51 .  48 
2082 ,  54 .  24 
2019 ,  50 .  90 
2021 ,  51 .  48 
2090 ,  51 .  48 
2117 ,  50 .  47 
2085 ,  51 .  77 
2062 ,  54 .  24 
2094 ,  50 .  90 
2079 ,  52 .   6 
2018 ,  52 .   6 
2019 ,  51 .  92 
2088 ,  52 .   6 
2112 ,  51 .  92 
2083 ,  50 .  90 
2061 ,  52 .   6 
2092 ,  51 .  92 
2076 ,  51 .  34 
2017 ,  52 .  35 
2015 ,  51 .  48 
2082 ,  49 .  74 
2111 ,  52 .   6 
2082 ,  51 .  48 
2059 ,  50 .  90 
2093 ,  51 .  63 
2080 ,  52 .   6 
2017 ,  51 .  48 
2022 ,  50 .  90 
2090 ,  52 .   6 
2113 ,  51 .  77 
2082 ,  52 .   6 
2062 ,  52 .  64 
2093 ,  50 .  90 
2081 ,  53 .  22 
2018 ,  50 .  90 
2024 ,  51 .  34 
2090 ,  51 .  77 
2115 ,  51 .  19 
2086 ,  52 .   6 
2067 ,  52 .  64 
2093 ,  50 .  90 
2080 ,  50 .  90 
2024 ,  51 .  92 
2028 ,  52 .   6 
2094 ,  51 .  48 
2120 ,  52 .  79 
2085 ,  51 .  19 
2068 ,  51 .  34 
2099 ,  51 .  48 
2081 ,  52 .   6 
2019 ,  52 .   6 
2027 ,  51 .  48 
2093 ,  50 .  90 
2116 ,  51 .  92 
2084 ,  51 .  63 
2063 ,  51 .  92 
2093 ,  51 .  48 
2081 ,  51 .  48 
2020 ,  52 .   6 
2027 ,  51 .  92 
2093 ,  52 .   6 
2117 ,  51 .  48 
2085 ,  52 .   6 
2070 ,  53 .   8 
2098 ,  51 .  77 
2080 ,  50 .  90 
2019 ,  49 .   2 
2026 ,  51 .  77 
2092 ,  51 .  48 
2114 ,  51 .  48 
2084 ,  52 .  50 
2066 ,  51 .  63 
2097 ,  51 .  92 
2082 ,  52 .   6 
2015 ,  50 .  90 
2027 ,  52 .   6 
2093 ,  51 .  48 
2115 ,  51 .  77 
2082 ,  51 .  48 
2066 ,  53 .  81 
2097 ,  51 .  92 
2078 ,  51 .  77 
2016 ,  50 .  90 
2025 ,  51 .  63 
2090 ,  50 .  90 
2114 ,  51 .  48 
2080 ,  51 .  92 
2065 ,  51 .  48 
2094 ,  50 .  47 
2075 ,  51 .  48 
2016 ,  52 .  50 
2024 ,  52 .  93 
2088 ,  51 .  48 
2111 ,  51 .  34 
2075 ,  51 .  77 
2059 ,  51 .  77 
2094 ,  51 .  63 
2076 ,  51 .  77 
2011 ,  51 .  34 
2026 ,  51 .  92 
2092 ,  51 .  48 
2113 ,  51 .  92 
2080 ,  52 .   6 
2067 ,  51 .  48 
2096 ,  51 .  48 
2078 ,  50 .  90 
2012 ,  51 .  92 
2026 ,  52 .  21 
2092 ,  52 .  50 
2112 ,  52 .  79 
2078 ,  51 .  77 
2064 ,  51 .  48 
2094 ,  52 .  79 
2073 ,  50 .  32 
2008 ,  51 .  48 
2024 ,  51 .  48 
2091 ,  51 .  77 
2113 ,  52 .   6 
2078 ,  51 .  34 
2065 ,  52 .   6 
2095 ,  52 .   6 
2077 ,  51 .  48 
2012 ,  51 .  92 
2028 ,  52 .  64 
2093 ,  51 .  34 
2114 ,  53 .  81 
2082 ,  52 .  50 
2067 ,  51 .  48 
2093 ,  51 .  92 
2073 ,  51 .  48 
2010 ,  51 .  92 
2025 ,  51 .  48 
2091 ,  51 .  48 
2112 ,  51 .  48 
2078 ,  51 .  92 
2065 ,  51 .  63 
2094 ,  51 .  77 
2078 ,  52 .   6 
2011 ,  51 .  34 
2027 ,  51 .  77 
2093 ,  51 .  34 
2113 ,  51 .  48 
2078 ,  51 .  92 
2066 ,  51 .  77 
2097 ,  51 .  77 
2078 ,  51 .  92 
2010 ,  51 .  34 
2028 ,  50 .  90 
2094 ,  51 .  92 
2114 ,  51 .  48 
2076 ,  51 .  48 
2065 ,  52 .  50 
2098 ,  52 .  50 
2078 ,  51 .  92 
2012 ,  52 .  50 
2031 ,  52 .  64 
2094 ,  51 .  48 
2112 ,  50 .  90 
2080 ,  51 .  92 
2069 ,  51 .  63 
2097 ,  51 .  48 
2078 ,  51 .  92 
2014 ,  52 .   6 
2034 ,  52 .   6 
2098 ,  52 .  50 
2115 ,  51 .  63 
2078 ,  51 .  92 
2072 ,  51 .  92 
2099 ,  51 .  34 
2079 ,  51 .  34 
2016 ,  52 .   6 
2035 ,  51 .  92 
2100 ,  52 .   6 
2118 ,  51 .  34 
2081 ,  50 .  90 
2073 ,  51 .  48 
2102 ,  51 .  63 
2078 ,  50 .  90 
2015 ,  50 .  76 
2038 ,  50 .  90 
2102 ,  51 .  63 
2119 ,  51 .  92 
2084 ,  51 .  48 
2074 ,  52 .  50 
2100 ,  51 .  34 
2082 ,  51 .  48 
2016 ,  52 .   6 
2036 ,  52 .  79 
2100 ,  52 .   6 
2119 ,  52 .   6 
2085 ,  50 .  90 
2074 ,  52 .   6 
2101 ,  51 .  92 
2080 ,  51 .  48 
2016 ,  51 .  92 
2036 ,  51 .  34 
2101 ,  50 .  90 
2120 ,  51 .  34 
2082 ,  50 .   3 
2074 ,  51 .  19 
2100 ,  51 .  34 
2080 ,  51 .  92 
2012 ,  50 .  90 
2033 ,  51 .  34 
2097 ,  51 .  63 
2115 ,  51 .  48 
2078 ,  52 .   6 
2069 ,  51 .  34 
2100 ,  51 .  48 
2078 ,  51 .  48 
2016 ,  52 .  64 
2038 ,  52 .  64 
2100 ,  52 .   6 
2117 ,  51 .  92 
2081 ,  50 .  76 
2076 ,  52 .  50 
2101 ,  52 .   6 
2079 ,  51 .  48 
2016 ,  50 .  90 
2035 ,  51 .  48 
2096 ,  50 .  90 
2109 ,  51 .  48 
2070 ,  52 .  50 
2061 ,  52 .   6 
2086 ,  51 .  48 
2064 ,  52 .   6 
2000 ,  51 .  34 
2022 ,  52 .   6 
2087 ,  50 .  76 
2104 ,  50 .  90 
2069 ,  51 .  48 
2063 ,  52 .   6 
2093 ,  52 .   6 
2073 ,  52 .   6 
2006 ,  52 .   6 
2032 ,  52 .   6 
2098 ,  50 .  90 
2114 ,  52 .   6 
2076 ,  51 .  34 
2070 ,  52 .  50 
2095 ,  51 .  92 
2074 ,  51 .  77 
2010 ,  52 .   6 
2036 ,  52 .  93 
2096 ,  51 .  48 
2116 ,  52 .   6 
2077 ,  52 .  64 
2070 ,  53 .  81 
2098 ,  50 .  90 
2076 ,  52 .  50 
2008 ,  51 .  48 
2035 ,  52 .   6 
2097 ,  50 .  76 
2114 ,  50 .  90 
2076 ,  52 .  64 
2072 ,  53 .  22 
2097 ,  50 .  90 
2073 ,  52 .  64 
2006 ,  52 .   6 
2034 ,  52 .   6 
2098 ,  53 .   8 
2109 ,  51 .  92 
2072 ,  50 .  90 
2068 ,  52 .   6 
2099 ,  51 .  92 
2073 ,  52 .   6 
2004 ,  51 .  48 
2032 ,  51 .  92 
2094 ,  50 .  90 
2109 ,  52 .   6 
2071 ,  51 .  92 
2066 ,  51 .  92 
2092 ,  51 .  92 
2068 ,  50 .  90 
2000 ,  51 .  92 
2028 ,  51 .  92 
2091 ,  50 .  76 
2107 ,  51 .  48 
2069 ,  50 .  61 
2062 ,  52 .   6 
2091 ,  51 .  48 
2065 ,  51 .  48 
1999 ,  51 .  48 
2027 ,  51 .  34 
2092 ,  50 .  32 
2107 ,  52 .   6 
2068 ,  52 .   6 
2065 ,  52 .  50 
2090 ,  51 .  92 
2065 ,  52 .   6 
1998 ,  50 .  90 
2027 ,  51 .  34 
2091 ,  52 .  50 
2110 ,  51 .  92 
2067 ,  51 .  92 
2062 ,  51 .  48 
2090 ,  51 .  48 
2067 ,  51 .  92 
2000 ,  51 .  92 
2030 ,  50 .  90 
2092 ,  51 .  48 
2110 ,  51 .  92 
2070 ,  51 .  63 
2066 ,  51 .  19 
2094 ,  51 .  48 
2071 ,  52 .   6 
2002 ,  50 .  90 
2032 ,  52 .   6 
2093 ,  51 .  34 
2109 ,  51 .  48 
2070 ,  51 .  48 
2068 ,  52 .  50 
2093 ,  50 .  90 
2068 ,  50 .  32 
2002 ,  52 .   6 
2030 ,  51 .  92 
2090 ,  51 .  34 
2105 ,  52 .   6 
2069 ,  52 .  64 
2066 ,  53 .  22 
2092 ,  51 .  34 
2070 ,  52 .   6 
2001 ,  50 .  90 
2034 ,  52 .   6 
2095 ,  52 .  50 
2109 ,  52 .   6 
2072 ,  52 .   6 
2068 ,  50 .  90 
2093 ,  50 .  76 
2069 ,  51 .  92 
2003 ,  54 .  39 
2034 ,  51 .  48 
2095 ,  50 .  90 
2109 ,  52 .   6 
2072 ,  52 .   6 
2066 ,  51 .  77 
2094 ,  52 .  64 
2069 ,  51 .  48 
2000 ,  50 .  90 
2033 ,  50 .  76 
2095 ,  51 .  63 
2112 ,  52 .   6 
2074 ,  52 .   6 
2067 ,  52 .  35 
2092 ,  51 .  48 
2069 ,  51 .  48 
2002 ,  53 .   8 
2032 ,  50 .  90 
2093 ,  51 .  77 
2107 ,  51 .  48 
2067 ,  52 .  93 
2063 ,  52 .  50 
2089 ,  52 .  93 
2062 ,  52 .   6 
1997 ,  50 .  90 
2026 ,  50 .  90 
2089 ,  52 .  64 
2106 ,  51 .  34 
2064 ,  50 .  90 
2062 ,  52 .   6 
2088 ,  52 .  64 
2067 ,  52 .   6 
1996 ,  51 .  34 
2028 ,  51 .  48 
2090 ,  50 .  90 
2107 ,  51 .  48 
2066 ,  51 .  77 
2064 ,  51 .  92 
2088 ,  50 .  90 
2065 ,  52 .   6 
1997 ,  51 .  19 
2030 ,  50 .  76 
2090 ,  52 .  50 
2106 ,  51 .  48 
2065 ,  50 .  90 
2066 ,  52 .  64 
2091 ,  51 .  92 
2065 ,  51 .  92 
1997 ,  50 .  90 
2032 ,  52 .  64 
2087 ,  50 .  90 
2109 ,  50 .  90 
2069 ,  52 .   6 
2068 ,  51 .  19 
2092 ,  50 .  32 
2066 ,  52 .  64 
2000 ,  50 .  90 
2033 ,  50 .  90 
2095 ,  51 .  63 
2105 ,  52 .   6 
2063 ,  51 .  92 
2063 ,  52 .  21 
2089 ,  51 .  92 
2066 ,  52 .   6 
1998 ,  51 .  48 
2032 ,  52 .   6 
2095 ,  51 .  77 
2108 ,  51 .  34 
2066 ,  52 .   6 
2068 ,  51 .  48 
2095 ,  52 .   6 
2065 ,  51 .  63 
1999 ,  52 .  50 
2032 ,  51 .  48 
2093 ,  51 .  92 
2108 ,  51 .  48 
2066 ,  50 .  90 
2067 ,  50 .  90 
2091 ,  50 .  90 
2064 ,  52 .   6 
1999 ,  52 .   6 
2034 ,  51 .  48 
2094 ,  52 .   6 
2107 ,  51 .  63 
2067 ,  52 .   6 
2070 ,  53 .  22 
2094 ,  50 .  90 
2065 ,  51 .  77 
1999 ,  51 .  92 
2035 ,  51 .  48 
2096 ,  51 .  92 
2108 ,  52 .   6 
2068 ,  51 .  48 
2069 ,  51 .  34 
2094 ,  52 .   6 
2067 ,  52 .   6 
1997 ,  51 .  34 
2034 ,  52 .   6 
2093 ,  51 .  48 
2110 ,  52 .   6 
2069 ,  50 .  76 
2068 ,  50 .  90 
2093 ,  50 .  90 
2067 ,  51 .  34 
1998 ,  51 .  48 
2036 ,  51 .  34 
2096 ,  52 .   6 
2110 ,  51 .  77 
2068 ,  51 .  92 
2070 ,  51 .  92 
2093 ,  51 .  34 
2068 ,  51 .  92 
2002 ,  52 .   6 
2036 ,  52 .  50 
2098 ,  51 .  48 
2110 ,  52 .   6 
2069 ,  52 .   6 
2070 ,  52 .  50 
2093 ,  51 .  92 
2069 ,  51 .  48 
2000 ,  50 .  90 
2038 ,  51 .  92 
2099 ,  52 .   6 
2112 ,  51 .  48 
2070 ,  51 .  92 
2074 ,  51 .  63 
2097 ,  51 .  77 
2070 ,  51 .  48 
2000 ,  51 .  92 
2040 ,  53 .   8 
2099 ,  51 .  34 
2110 ,  52 .   6 
2065 ,  50 .  90 
2065 ,  50 .  90 
2092 ,  50 .  76 
2066 ,  51 .  34 
1996 ,  51 .  63 
2033 ,  51 .  19 
2096 ,  51 .  48 
2109 ,  51 .  34 
2067 ,  51 .  63 
2069 ,  51 .  34 
2091 ,  50 .  76 
2067 ,  51 .  63 
1997 ,  50 .  90 
2036 ,  52 .   6 
2096 ,  50 .  90 
2107 ,  51 .  48 
2064 ,  50 .  90 
2067 ,  52 .  50 
2091 ,  52 .  50 
2064 ,  51 .  34 
1996 ,  50 .  90 
2032 ,  51 .  92 
2095 ,  52 .   6 
2108 ,  52 .   6 
2066 ,  50 .  90 
2069 ,  53 .  22 
2092 ,  51 .  63 
2063 ,  52 .   6 
1996 ,  50 .  90 
2035 ,  52 .   6 
2095 ,  51 .  48 
2108 ,  51 .  92 
2066 ,  50 .  90 
2068 ,  49 .  74 
2092 ,  51 .  48 
2066 ,  51 .  34 
1996 ,  51 .  48 
2035 ,  52 .  93 
2092 ,  51 .  48 
2106 ,  51 .  92 
2063 ,  51 .   5 
2067 ,  51 .  63 
2093 ,  52 .  64 
2065 ,  52 .   6 
1994 ,  50 .  90 
2037 ,  52 .  64 
2096 ,  50 .  32 
2108 ,  51 .  34 
2067 ,  52 .  93 
2071 ,  52 .   6 
2096 ,  50 .  90 
2068 ,  52 .   6 
2001 ,  48 .  58 
2042 ,  51 .  63 
2100 ,  51 .  63 
2112 ,  50 .  90 
2067 ,  50 .  90 
2072 ,  50 .  90 
2098 ,  52 .   6 
2069 ,  51 .  48 
1996 ,  51 .  48 
2039 ,  52 .   6 
2100 ,  50 .  90 
2112 ,  51 .  48 
2072 ,  50 .  32 
2075 ,  51 .  63 
2097 ,  51 .  92 
2072 ,  51 .  34 
2003 ,  50 .  76 
2045 ,  52 .  64 
2103 ,  52 .  64 
2116 ,  50 .  90 
2073 ,  50 .  90 
2078 ,  52 .  50 
2098 ,  50 .  90 
2069 ,  51 .  77 
2000 ,  52 .   6 
2042 ,  51 .  48 
2098 ,  49 .  74 
2113 ,  53 .   8 
2070 ,  52 .  50 
2075 ,  51 .  92 
2100 ,  51 .  48 
2072 ,  52 .   6 
2002 ,  51 .  34 
2044 ,  51 .  77 
2104 ,  50 .  90 
2117 ,  51 .  48 
2074 ,  50 .  90 
2082 ,  52 .   6 
2102 ,  50 .  90 
2073 ,  51 .  48 
2006 ,  52 .   6 
2048 ,  52 .  64 
2104 ,  50 .  90 
2115 ,  51 .  77 
2072 ,  51 .  48 
2080 ,  51 .  48 
2101 ,  50 .  76 
2074 ,  51 .  63 
2004 ,  51 .  48 
2049 ,  52 .   6 
2107 ,  50 .  18 
2119 ,  50 .  90 
2075 ,  51 .  48 
2084 ,  52 .  64 
2103 ,  51 .  63 
2073 ,  51 .  77 
2004 ,  51 .  92 
2050 ,  51 .  34 
2111 ,  51 .  34 
2119 ,  51 .  48 
2075 ,  52 .   6 
2081 ,  51 .  77 
2101 ,  49 .  74 
2074 ,  52 .   6 
2004 ,  52 .   6 
2048 ,  51 .  92 
2108 ,  52 .   6 
2118 ,  50 .  90 
2073 ,  51 .  63 
2081 ,  51 .  34 
2104 ,  52 .   6 
2076 ,  50 .  90 
2005 ,  51 .  48 
2052 ,  51 .  77 
2109 ,  51 .  48 
2118 ,  51 .  77 
2075 ,  50 .  61 
2085 ,  50 .  90 
2108 ,  52 .   6 
2076 ,  51 .  48 
2005 ,  51 .  92 
2052 ,  51 .  77 
2110 ,  51 .  34 
2118 ,  50 .  90 
2073 ,  52 .  35 
2084 ,  51 .  48 
2106 ,  51 .  92 
2077 ,  51 .  92 
2006 ,  51 .  48 
2055 ,  52 .   6 
2109 ,  51 .  19 
2120 ,  52 .   6 
2075 ,  50 .  90 
2083 ,  52 .  64 
2102 ,  51 .  77 
2073 ,  51 .  63 
2004 ,  50 .  90 
2053 ,  51 .  92 
2108 ,  50 .  90 
2115 ,  52 .  64 
2072 ,  50 .  90 
2081 ,  50 .  90 
2104 ,  51 .  48 
2072 ,  52 .  50 
2003 ,  50 .  90 
2052 ,  51 .  34 
2109 ,  51 .  48 
2119 ,  51 .  34 
2071 ,  48 .  58 
2084 ,  51 .  92 
2103 ,  51 .  48 
2074 ,  51 .  92 
2004 ,  52 .  50 
2054 ,  51 .  63 
2109 ,  52 .   6 
2118 ,  50 .  90 
2074 ,  52 .   6 
2082 ,  51 .  19 
2104 ,  52 .  64 
2074 ,  50 .  76 
2003 ,  50 .  90 
2055 ,  51 .  63 
2109 ,  51 .  48 
2118 ,  51 .  92 
2072 ,  52 .   6 
2081 ,  52 .  50 
2098 ,  50 .  90 
2072 ,  52 .   6 
2001 ,  51 .  34 
2052 ,  51 .  48 
2107 ,  50 .  90 
2118 ,  51 .  92 
2072 ,  52 .   6 
2081 ,  51 .  77 
2100 ,  52 .  50 
2071 ,  51 .  77 
1997 ,  51 .  34 
2049 ,  52 .   6 
2108 ,  51 .  63 
2117 ,  50 .  90 
2071 ,  50 .  76 
2083 ,  51 .  92 
2106 ,  51 .  34 
2077 ,  51 .  48 
2005 ,  52 .   6 
2057 ,  51 .  19 
2114 ,  50 .  76 
2123 ,  51 .  63 
2077 ,  51 .  48 
2088 ,  51 .  48 
2108 ,  51 .  63 
2077 ,  52 .  64 
2008 ,  53 .   8 
2055 ,  52 .   6 
2112 ,  52 .   6 
2120 ,  52 .   6 
2077 ,  50 .  90 
2088 ,  51 .  48 
2108 ,  51 .  48 
2077 ,  52 .   6 
2006 ,  51 .  92 
2057 ,  52 .   6 
2114 ,  51 .  77 
2123 ,  51 .  77 
2075 ,  51 .  48 
2088 ,  51 .  92 
2106 ,  50 .  90 
2077 ,  50 .  90 
2003 ,  50 .  90 
2058 ,  52 .  64 
2112 ,  50 .  90 
2122 ,  52 .  35 
2072 ,  50 .  76 
2084 ,  51 .  48 
2104 ,  52 .   6 
2075 ,  51 .  77 
2004 ,  52 .   6 
2056 ,  52 .   6 
2114 ,  51 .  77 
2118 ,  52 .  64 
2075 ,  52 .   6 
2087 ,  50 .  90 
2106 ,  50 .  47 
2073 ,  52 .   6 
2004 ,  50 .  90 
2058 ,  51 .  77 
2110 ,  50 .  90 
2117 ,  51 .  48 
2070 ,  52 .  64 
2086 ,  53 .   8 
2104 ,  51 .  34 
2073 ,  51 .  48 
2003 ,  51 .  92 
2058 ,  51 .  92 
2110 ,  51 .  63 
2116 ,  51 .  77 
2070 ,  52 .  64 
2087 ,  50 .  76 
2105 ,  51 .  48 
2075 ,  51 .  92 
2006 ,  51 .  48 
2061 ,  50 .  90 
2113 ,  51 .  48 
2122 ,  50 .  90 
2068 ,  50 .  90 
2087 ,  51 .  92 
2105 ,  51 .  48 
2074 ,  51 .  34 
2002 ,  50 .  90 
2059 ,  51 .  92 
2112 ,  51 .  92 
2119 ,  51 .  92 
2071 ,  50 .  90 
2088 ,  51 .  34 
2105 ,  51 .  48 
2072 ,  51 .  63 
2003 ,  52 .  50 
2061 ,  51 .  92 
2114 ,  51 .  92 
2124 ,  51 .  48 
2087 ,  52 .   6 
2109 ,  52 .  79 
2127 ,  51 .  34 
2093 ,  51 .  48 
2026 ,  52 .  50 
2084 ,  52 .   6 
2133 ,  51 .  48 
2139 ,  52 .   6 
2090 ,  52 .   6 
2110 ,  52 .   6 
2127 ,  51 .  48 
2093 ,  50 .  90 
2024 ,  51 .  48 
2084 ,  52 .  50 
2135 ,  50 .  90 
2139 ,  52 .   6 
2091 ,  51 .  34 
2112 ,  52 .   6 
2128 ,  51 .  48 
2096 ,  51 .  48 
2030 ,  51 .  92 
2086 ,  50 .  76 
2136 ,  50 .  90 
2142 ,  50 .  90 
2091 ,  50 .  90 
2113 ,  50 .  76 
2130 ,  51 .  48 
2092 ,  50 .  90 
2025 ,  51 .  92 
2086 ,  52 .  93 
2136 ,  52 .   6 
2141 ,  51 .  48 
2092 ,  52 .  64 
2114 ,  52 .  50 
2130 ,  50 .  90 
2092 ,  50 .  76 
2026 ,  52 .   6 
2088 ,  51 .  48 
2138 ,  50 .  47 
2140 ,  50 .  76 
2089 ,  50 .  90 
2115 ,  52 .  64 
2129 ,  51 .  92 
2096 ,  51 .  48 
2029 ,  51 .  48 
2089 ,  51 .  34 
2138 ,  51 .  48 
2144 ,  52 .  64 
2090 ,  51 .  48 
2113 ,  50 .  90 
2130 ,  51 .  48 
2095 ,  52 .  50 
2029 ,  50 .  90 
2088 ,  51 .  63 
2136 ,  51 .  48 
2139 ,  51 .  34 
2089 ,  51 .  63 
2112 ,  51 .  77 
2130 ,  51 .  34 
2093 ,  51 .  77 
2030 ,  51 .  92 
2089 ,  51 .  77 
2139 ,  52 .   6 
2138 ,  51 .  77 
2088 ,  51 .  92 
2112 ,  52 .  64 
2128 ,  51 .  34 
2092 ,  51 .  92 
2027 ,  51 .  92 
2088 ,  51 .  34 
2137 ,  51 .  63 
2140 ,  51 .  77 
2088 ,  52 .  64 
2113 ,  50 .  90 
2128 ,  50 .  90 
2092 ,  51 .  48 
2026 ,  51 .  77 
2090 ,  51 .  77 
2138 ,  51 .  48 
2139 ,  52 .   6 
2088 ,  51 .  77 
2113 ,  50 .  90 
2125 ,  51 .  34 
2090 ,  51 .  92 
2027 ,  51 .  48 
2088 ,  52 .   6 
2138 ,  50 .  61 
2140 ,  51 .  48 
2090 ,  51 .  63 
2115 ,  51 .  48 
2124 ,  50 .  90 
2089 ,  51 .  92 
2024 ,  52 .   6 
2088 ,  51 .  63 
2136 ,  51 .  48 
2136 ,  52 .   6 
2088 ,  53 .   8 
2112 ,  49 .  74 
2125 ,  52 .   6 
2090 ,  51 .  92 
2023 ,  50 .  18 
2085 ,  52 .   6 
2132 ,  51 .  92 
2134 ,  52 .   6 
2084 ,  50 .  90 
2109 ,  51 .  48 
2122 ,  51 .  48 
2088 ,  51 .  48 
2026 ,  52 .   6 
2090 ,  52 .  79 
2138 ,  51 .  77 
2136 ,  51 .  48 
2086 ,  52 .  93 
2115 ,  51 .  92 
2125 ,  50 .  90 
2086 ,  50 .  90 
2025 ,  51 .  34 
2089 ,  51 .  48 
2136 ,  51 .  92 
2134 ,  52 .   6 
2083 ,  50 .  90 
2113 ,  52 .   6 
2127 ,  52 .   6 
2086 ,  52 .   6 
2026 ,  52 .   6 
2094 ,  52 .  50 
2140 ,  52 .   6 
2135 ,  52 .   6 
2088 ,  53 .   8 
2115 ,  51 .  77 
2126 ,  51 .  48 
2087 ,  51 .  34 
2029 ,  50 .  90 
2092 ,  51 .  92 
2140 ,  50 .  76 
2136 ,  50 .  90 
2085 ,  51 .  77 
2118 ,  52 .  50 
2127 ,  50 .  32 
2086 ,  52 .   6 
2028 ,  51 .  63 
2095 ,  52 .  35 
2139 ,  51 .  48 
2136 ,  52 .  50 
2087 ,  50 .  90 
2117 ,  51 .  48 
2126 ,  50 .  32 
2088 ,  52 .   6 
2032 ,  51 .  48 
2097 ,  50 .  47 
2141 ,  51 .  34 
2138 ,  50 .  90 
2087 ,  51 .  48 
2118 ,  50 .  90 
2128 ,  52 .   6 
2088 ,  51 .  77 
2032 ,  51 .  92 
2096 ,  52 .  50 
2140 ,  51 .  48 
2136 ,  51 .  48 
2088 ,  51 .  34 
2118 ,  53 .   8 
2127 ,  51 .  48 
2086 ,  51 .  92 
2030 ,  51 .  92 
2098 ,  52 .   6 
2141 ,  50 .  90 
2134 ,  51 .  77 
2086 ,  52 .   6 
2117 ,  52 .  64 
2125 ,  51 .  92 
2082 ,  51 .  92 
2028 ,  51 .  77 
2098 ,  52 .  93 
2138 ,  52 .   6 
2131 ,  51 .  77 
2082 ,  50 .  76 
2114 ,  51 .  92 
2120 ,  51 .  34 
2077 ,  51 .  48 
2028 ,  52 .   6 
2095 ,  50 .  90 
2139 ,  50 .  90 
2130 ,  52 .   6 
2083 ,  50 .  90 
2118 ,  51 .  48 
2124 ,  51 .  92 
2079 ,  51 .  77 
2025 ,  49 .  74 
2096 ,  52 .  50 
2138 ,  50 .  90 
2131 ,  50 .  90 
2084 ,  52 .  50 
2120 ,  52 .  64 
2123 ,  51 .  77 
2078 ,  50 .  90 
2028 ,  50 .  32 
2097 ,  51 .  48 
2141 ,  52 .   6 
2129 ,  50 .  90 
2086 ,  50 .  90 
2120 ,  52 .  64 
2125 ,  51 .  77 
2081 ,  53 .  22 
2034 ,  50 .  76 
2102 ,  50 .  90 
2144 ,  51 .  92 
2133 ,  51 .  63 
2087 ,  50 .  90 
2122 ,  52 .  21 
2126 ,  51 .  63 
2077 ,  51 .  92 
2033 ,  51 .  63 
2100 ,  51 .  48 
2142 ,  52 .  50 
2132 ,  52 .  64 
2085 ,  52 .   6 
2120 ,  51 .  63 
2123 ,  50 .  90 
2077 ,  51 .  48 
2035 ,  51 .  48 
2103 ,  50 .  76 
2142 ,  51 .  48 
2134 ,  52 .   6 
2088 ,  52 .   6 
2122 ,  52 .  64 
2123 ,  51 .  48 
2079 ,  52 .  35 
2035 ,  50 .  90 
2101 ,  52 .   6 
2144 ,  52 .   6 
2130 ,  52 .   6 
2086 ,  51 .  92 
2122 ,  52 .   6 
2123 ,  52 .   6 
2078 ,  51 .  48 
2034 ,  52 .   6 
2102 ,  51 .  92 
2141 ,  51 .  77 
2128 ,  52 .   6 
2086 ,  51 .  34 
2120 ,  51 .  63 
2121 ,  51 .  48 
2074 ,  52 .   6 
2034 ,  50 .  90 
2105 ,  51 .  77 
2141 ,  50 .  90 
2129 ,  51 .  48 
2086 ,  51 .  63 
2119 ,  50 .  90 
2117 ,  51 .  34 
2067 ,  52 .   6 
2033 ,  52 .   6 
2102 ,  52 .   6 
2140 ,  51 .  92 
2126 ,  52 .   6 
2085 ,  52 .  64 
2121 ,  52 .  64 
2118 ,  51 .  92 
2069 ,  51 .  48 
2037 ,  52 .   6 
2103 ,  51 .  77 
2142 ,  53 .   8 
2124 ,  50 .  90 
2087 ,  50 .  90 
2121 ,  52 .   6 
2122 ,  52 .   6 
2068 ,  51 .  77 
2035 ,  51 .  48 
2104 ,  52 .   6 
2139 ,  52 .  93 
2126 ,  52 .  79 
2086 ,  51 .  92 
2118 ,  51 .  48 
2120 ,  50 .  90 
2070 ,  51 .  63 
2036 ,  51 .  63 
2105 ,  50 .  90 
2143 ,  51 .  19 
2126 ,  52 .   6 
2092 ,  51 .  63 
2122 ,  52 .  64 
2119 ,  51 .  92 
2068 ,  51 .  92 
2037 ,  51 .  63 
2105 ,  52 .   6 
2139 ,  51 .  34 
2120 ,  50 .  90 
2084 ,  51 .  48 
2119 ,  51 .  48 
2118 ,  51 .  77 
2067 ,  52 .   6 
2039 ,  51 .  34 
2106 ,  51 .  48 
2140 ,  51 .  63 
2122 ,  51 .  34 
2088 ,  51 .  48 
2124 ,  53 .   8 
2121 ,  51 .  92 
2066 ,  51 .  77 
2040 ,  51 .  48 
2108 ,  52 .   6 
2144 ,  52 .  50 
2120 ,  51 .  92 
2086 ,  52 .   6 
2123 ,  52 .   6 
2118 ,  50 .  61 
2068 ,  51 .  34 
2041 ,  51 .  63 
2107 ,  52 .   6 
2142 ,  51 .  92 
2124 ,  51 .  48 
2090 ,  52 .  50 
2121 ,  50 .  90 
2121 ,  52 .   6 
2067 ,  52 .  50 
2043 ,  50 .  90 
2112 ,  52 .  64 
2144 ,  50 .  90 
2126 ,  52 .   6 
2093 ,  52 .   6 
2125 ,  51 .  48 
2120 ,  50 .  90 
2067 ,  52 .  50 
2044 ,  52 .   6 
2112 ,  50 .  90 
2144 ,  50 .  90 
2126 ,  51 .  92 
2092 ,  51 .  34 
2125 ,  51 .  48 
2123 ,  52 .  79 
2068 ,  52 .  79 
2050 ,  51 .  63 
2116 ,  52 .  50 
2143 ,  51 .  63 
2125 ,  51 .  48 
2094 ,  50 .  18 
2125 ,  51 .  63 
2121 ,  50 .  90 
2067 ,  52 .  21 
2048 ,  52 .   6 
2115 ,  50 .  61 
2146 ,  52 .  64 
2124 ,  51 .  63 
2092 ,  51 .  48 
2126 ,  52 .  64 
2118 ,  51 .  48 
2065 ,  51 .  77 
2050 ,  50 .  76 
2115 ,  52 .   6 
2145 ,  51 .  48 
2124 ,  51 .  92 
2094 ,  49 .  60 
2127 ,  51 .  48 
2119 ,  50 .  61 
2064 ,  51 .  92 
2053 ,  53 .   8 
2116 ,  51 .  48 
2146 ,  51 .  48 
2121 ,  51 .  92 
2092 ,  50 .  18 
2124 ,  50 .  18 
2116 ,  52 .   6 
2062 ,  52 .  35 
2048 ,  50 .  90 
2116 ,  52 .   6 
2147 ,  51 .  63 
2124 ,  50 .  90 
2096 ,  50 .  90 
2128 ,  51 .  34 
2117 ,  50 .  90 
2063 ,  52 .   6 
2052 ,  50 .  32 
2117 ,  50 .  90 
2144 ,  50 .  32 
2122 ,  52 .  21 
2094 ,  51 .  92 
2127 ,  51 .  77 
2117 ,  51 .  92 
2062 ,  51 .  92 
2052 ,  51 .  92 
2118 ,  52 .   6 
2145 ,  51 .  77 
2120 ,  52 .  50 
2097 ,  51 .  92 
2128 ,  52 .   6 
2120 ,  51 .  92 
2061 ,  51 .  92 
2057 ,  50 .  90 
2119 ,  50 .  90 
2150 ,  51 .  92 
2122 ,  51 .  92 
2099 ,  51 .  77 
2132 ,  52 .  64 
2120 ,  51 .  63 
2060 ,  51 .  77 
2059 ,  50 .  90 
2120 ,  52 .  35 
2145 ,  51 .  63 
2122 ,  50 .  90 
2098 ,  51 .  92 
2129 ,  52 .   6 
2117 ,  51 .  48 
2060 ,  52 .   6 
2057 ,  50 .  76 
2121 ,  51 .  48 
2147 ,  50 .  90 
2119 ,  51 .  92 
2102 ,  51 .  34 
2129 ,  52 .  64 
2116 ,  52 .   6 
2057 ,  52 .   6 
2057 ,  51 .  48 
2123 ,  52 .  64 
2146 ,  51 .  34 
2119 ,  51 .  92 
2102 ,  52 .  64 
2128 ,  52 .  50 
2112 ,  51 .  92 
2056 ,  51 .  48 
2058 ,  53 .  66 
2121 ,  51 .  63 
2144 ,  51 .  34 
2116 ,  52 .   6 
2097 ,  50 .  90 
2127 ,  52 .  64 
2114 ,  51 .  63 
2052 ,  51 .  48 
2057 ,  50 .  90 
2123 ,  51 .  34 
2145 ,  51 .  63 
2115 ,  52 .   6 
2099 ,  50 .  90 
2128 ,  51 .  63 
2109 ,  51 .  77 
2050 ,  52 .   6 
2057 ,  52 .   6 
2122 ,  50 .  76 
2144 ,  52 .   6 
2112 ,  50 .  90 
2098 ,  51 .  48 
2127 ,  51 .  48 
2114 ,  52 .  93 
2051 ,  51 .  77 
2061 ,  50 .  90 
2125 ,  52 .   6 
2144 ,  51 .  63 
2113 ,  52 .   6 
2100 ,  53 .   8 
2130 ,  51 .  92 
2109 ,  50 .  90 
2049 ,  52 .   6 
2062 ,  50 .  90 
2122 ,  52 .   6 
2145 ,  51 .  63 
2112 ,  51 .  92 
2100 ,  51 .  92 
2128 ,  51 .  77 
2109 ,  51 .  34 
2048 ,  51 .  77 
2062 ,  50 .  61 
2124 ,  52 .   6 
2145 ,  51 .  92 
2110 ,  51 .  48 
2100 ,  47 .  42 
2128 ,  51 .  63 
2108 ,  50 .  32 
2043 ,  51 .  48 
2061 ,  51 .  48 
2124 ,  50 .  32 
2143 ,  51 .  34 
2104 ,  51 .  48 
2098 ,  50 .  76 
2127 ,  51 .  63 
2105 ,  50 .  90 
2041 ,  51 .  48 
2061 ,  51 .  48 
2122 ,  50 .  32 
2142 ,  51 .  63 
2106 ,  52 .  64 
2101 ,  52 .   6 
2125 ,  52 .   6 
2103 ,  50 .  90 
2040 ,  51 .  48 
2065 ,  52 .   6 
2127 ,  51 .  63 
2143 ,  50 .  90 
2108 ,  51 .  48 
2104 ,  50 .  90 
2130 ,  52 .   6 
2107 ,  49 .  60 
2041 ,  51 .  48 
2068 ,  50 .  90 
2125 ,  52 .  50 
2141 ,  51 .  34 
2105 ,  51 .  77 
2104 ,  52 .   6 
2127 ,  49 .  74 
2105 ,  51 .  92 
2038 ,  52 .   6 
2067 ,  51 .  63 
2125 ,  51 .   5 
2141 ,  51 .  48 
2104 ,  52 .   6 
2104 ,  51 .  48 
2127 ,  52 .   6 
2104 ,  52 .  64 
2036 ,  51 .  63 
2068 ,  51 .   5 
2124 ,  51 .  48 
2140 ,  50 .  61 
2098 ,  51 .  77 
2100 ,  52 .  50 
2125 ,  52 .  50 
2101 ,  52 .   6 
2034 ,  52 .  50 
2068 ,  52 .  79 
2125 ,  50 .  90 
2140 ,  51 .  92 
2098 ,  51 .  48 
2104 ,  51 .  92 
2127 ,  50 .  76 
2101 ,  51 .  92 
2032 ,  51 .  92 
2070 ,  50 .  90 
2129 ,  51 .  34 
2144 ,  51 .  63 
2099 ,  52 .   6 
2104 ,  50 .  90 
2130 ,  52 .   6 
2098 ,  50 .  47 
2034 ,  51 .  48 
2073 ,  50 .  90 
2131 ,  51 .  48 
2142 ,  51 .  48 
2101 ,  51 .  48 
2105 ,  50 .  76 
2128 ,  52 .  64 
2102 ,  50 .  90 
2032 ,  51 .  48 
2078 ,  51 .  48 
2131 ,  50 .  90 
2141 ,  51 .  34 
2099 ,  51 .  92 
2108 ,  52 .  64 
2128 ,  52 .   6 
2099 ,  50 .  90 
2030 ,  52 .   6 
2078 ,  52 .  50 
2130 ,  51 .  77 
2142 ,  50 .  90 
2099 ,  51 .  92 
2107 ,  51 .  63 
2125 ,  51 .  48 
2101 ,  51 .  48 
2031 ,  51 .  92 
2079 ,  50 .  76 
2134 ,  51 .  63 
2141 ,  50 .  90 
2097 ,  51 .  48 
2108 ,  49 .  16 
2131 ,  51 .  63 
2100 ,  51 .  34 
2030 ,  52 .   6 
2083 ,  52 .   6 
2133 ,  50 .  90 
2141 ,  51 .  34 
2096 ,  52 .   6 
2110 ,  50 .  90 
2131 ,  52 .   6 
2102 ,  51 .  63 
2032 ,  50 .  47 
2086 ,  51 .  77 
2138 ,  51 .  92 
2146 ,  51 .  92 
2097 ,  50 .  76 
2114 ,  51 .  63 
2132 ,  52 .  50 
2099 ,  51 .  34 
2029 ,  51 .  48 
2083 ,  52 .  64 
2137 ,  51 .  34 
2141 ,  50 .  90 
2093 ,  51 .  48 
2110 ,  50 .  61 
2130 ,  52 .   6 
2096 ,  50 .  90 
2028 ,  51 .  92 
2087 ,  50 .  61 
2138 ,  49 .  16 
2141 ,  50 .  90 
2092 ,  51 .  63 
2115 ,  48 .  73 
2133 ,  50 .  90 
2096 ,  50 .  47 
2032 ,  51 .  48 
2088 ,  51 .  92 
2140 ,  51 .  34 
2141 ,  52 .  50 
2092 ,  51 .  48 
2117 ,  51 .  34 
2131 ,  52 .   6 
2097 ,  51 .  63 
2030 ,  51 .  92 
2088 ,  51 .  48 
2140 ,  51 .  92 
2140 ,  50 .  90 
2092 ,  51 .  34 
2118 ,  52 .  50 
2132 ,  50 .  90 
2100 ,  50 .  90 
2033 ,  52 .   6 
2093 ,  50 .  32 
2144 ,  52 .   6 
2144 ,  50 .  32 
2095 ,  51 .  48 
2120 ,  51 .  34 
2134 ,  52 .   6 
2096 ,  50 .  76 
2035 ,  51 .  92 
2096 ,  51 .  48 
2144 ,  51 .  63 
2140 ,  50 .  90 
2089 ,  51 .  34 
2115 ,  50 .  18 
2130 ,  51 .  77 
2096 ,  50 .  76 
2036 ,  51 .  63 
2098 ,  50 .  90 
2143 ,  50 .  90 
2143 ,  50 .  90 
2090 ,  51 .  92 
2123 ,  51 .  48 
2134 ,  51 .  34 
2096 ,  51 .  48 
2033 ,  52 .   6 
2098 ,  51 .  34 
2144 ,  52 .  79 
2141 ,  50 .  47 
2092 ,  51 .  48 
2124 ,  52 .  50 
2134 ,  52 .  64 
2094 ,  50 .  76 
2038 ,  51 .  92 
2104 ,  51 .  92 
2147 ,  52 .   6 
2142 ,  50 .  32 
2093 ,  51 .  48 
2126 ,  51 .  63 
2134 ,  52 .   6 
2093 ,  51 .  34 
2037 ,  51 .  92 
2104 ,  51 .  34 
2145 ,  52 .   6 
2140 ,  51 .  92 
2090 ,  50 .  90 
2121 ,  50 .  76 
2131 ,  50 .  90 
2087 ,  50 .  90 
2037 ,  51 .  92 
2099 ,  50 .  90 
2146 ,  51 .  48 
2139 ,  51 .  48 
2091 ,  51 .  34 
2123 ,  51 .  63 
2132 ,  50 .  90 
2085 ,  53 .  81 
2036 ,  50 .  76 
2103 ,  51 .  63 
2146 ,  51 .  92 
2138 ,  51 .  48 
2094 ,  52 .  64 
2124 ,  51 .  48 
2131 ,  51 .  48 
2088 ,  50 .  18 
2040 ,  51 .  63 
2105 ,  52 .   6 
2145 ,  51 .  48 
2136 ,  51 .  92 
2091 ,  51 .  92 
2125 ,  51 .  92 
2129 ,  51 .  19 
2086 ,  51 .  34 
2039 ,  51 .  92 
2108 ,  52 .  50 
2147 ,  51 .  19 
2136 ,  50 .  76 
2091 ,  52 .   6 
2124 ,  50 .  61 
2130 ,  50 .  90 
2083 ,  52 .   6 
2037 ,  51 .  63 
2103 ,  51 .  77 
2142 ,  50 .  90 
2130 ,  51 .  92 
2084 ,  52 .  64 
2116 ,  51 .  34 
2120 ,  53 .  22 
2072 ,  51 .  34 
2030 ,  51 .  92 
2100 ,  51 .  48 
2139 ,  52 .  50 
2124 ,  50 .  90 
2084 ,  50 .  61 
2120 ,  52 .  50 
2120 ,  52 .   6 
2069 ,  52 .   6 
2038 ,  52 .  64 
2104 ,  51 .  34 
2143 ,  50 .  90 
2129 ,  51 .  77 
2088 ,  52 .   6 
2121 ,  50 .  90 
2121 ,  52 .  64 
2074 ,  50 .  90 
2039 ,  50 .  61 
2106 ,  50 .  90 
2145 ,  52 .  64 
2128 ,  51 .  48 
2091 ,  52 .   6 
2125 ,  50 .  61 
2126 ,  51 .  34 
2076 ,  51 .  34 
2043 ,  51 .  48 
2109 ,  50 .  90 
2147 ,  50 .  90 
2130 ,  52 .   6 
2095 ,  50 .  76 
2127 ,  51 .  48 
2127 ,  52 .   6 
2075 ,  50 .  18 
2042 ,  51 .  48 
2112 ,  50 .  32 
2147 ,  52 .  35 
2128 ,  52 .   6 
2092 ,  52 .   6 
2128 ,  52 .  64 
2124 ,  52 .   6 
2071 ,  51 .  63 
2050 ,  52 .  64 
2115 ,  49 .  74 
2147 ,  51 .  48 
2132 ,  51 .  34 
2096 ,  51 .  77 
2132 ,  52 .  50 
2123 ,  49 .  16 
2071 ,  50 .  90 
2052 ,  52 .   6 
2118 ,  51 .  34 
2149 ,  52 .   6 
2134 ,  51 .  92 
2097 ,  52 .   6 
2132 ,  50 .  61 
2127 ,  52 .   6 
2071 ,  51 .  77 
2054 ,  51 .  48 
2120 ,  51 .  92 
2151 ,  50 .  90 
2126 ,  50 .  61 
2098 ,  52 .   6 
2132 ,  51 .  34 
2125 ,  52 .  64 
2072 ,  52 .  21 
2056 ,  51 .  92 
2121 ,  51 .  34 
2150 ,  51 .  34 
2125 ,  50 .  61 
2097 ,  50 .  90 
2134 ,  52 .  50 
2122 ,  52 .  79 
2064 ,  48 .  73 
2054 ,  51 .  92 
2119 ,  52 .  93 
2148 ,  51 .  48 
2125 ,  52 .   6 
2099 ,  52 .   6 
2131 ,  51 .  63 
2123 ,  52 .  50 
2063 ,  51 .  77 
2057 ,  52 .   6 
2123 ,  50 .  90 
2152 ,  52 .  93 
2126 ,  52 .  50 
2099 ,  51 .  19 
2132 ,  51 .  48 
2122 ,  52 .   6 
2064 ,  50 .  61 
2060 ,  51 .  92 
2123 ,  53 .  66 
2149 ,  51 .  77 
2123 ,  52 .   6 
2102 ,  51 .  92 
2132 ,  50 .  47 
2121 ,  51 .  48 
2063 ,  51 .  34 
2064 ,  51 .  34 
2126 ,  52 .   6 
2152 ,  48 .  44 
2121 ,  49 .  74 
2106 ,  51 .  48 
2136 ,  52 .  79 
2121 ,  52 .   6 
2060 ,  49 .  16 
2065 ,  51 .  77 
2129 ,  52 .  64 
2152 ,  51 .  63 
2121 ,  51 .  77 
2102 ,  50 .  90 
2130 ,  52 .  50 
2112 ,  51 .  77 
2054 ,  50 .  90 
2064 ,  51 .  63 
2126 ,  51 .  48 
2149 ,  52 .  64 
2118 ,  51 .  77 
2102 ,  51 .  77 
2132 ,  51 .  48 
2118 ,  52 .   6 
2052 ,  50 .  61 
2066 ,  51 .  34 
2128 ,  50 .  90 
2147 ,  51 .  48 
2116 ,  51 .  48 
2106 ,  52 .   6 
2134 ,  50 .  32 
2116 ,  52 .  35 
2054 ,  53 .   8 
2068 ,  51 .  63 
2130 ,  50 .  61 
2148 ,  49 .  31 
2113 ,  51 .  48 
2104 ,  51 .  48 
2130 ,  52 .   6 
2110 ,  51 .  92 
2045 ,  50 .  90 
2066 ,  52 .   6 
2124 ,  50 .  90 
2143 ,  51 .  34 
2110 ,  52 .   6 
2101 ,  51 .  63 
2128 ,  50 .  90 
2107 ,  50 .  47 
2041 ,  52 .   6 
2063 ,  52 .   6 
2124 ,  51 .  92 
2142 ,  52 .  79 
2104 ,  50 .  90 
2100 ,  51 .  48 
2128 ,  52 .  64 
2105 ,  51 .  34 
2037 ,  52 .   6 
2065 ,  50 .  76 
2127 ,  51 .  48 
2144 ,  51 .  92 
2103 ,  51 .  63 
2101 ,  51 .  92 
2128 ,  50 .  90 
2106 ,  52 .  50 
2035 ,  51 .  48 
2068 ,  51 .  92 
2129 ,  52 .   6 
2142 ,  50 .  18 
2102 ,  51 .  34 
2101 ,  50 .  90 
2126 ,  49 .  16 
2101 ,  52 .  93 
2032 ,  48 .  29 
2070 ,  51 .  48 
2128 ,  51 .  92 
2143 ,  51 .  63 
2099 ,  52 .   6 
2105 ,  51 .  48 
2129 ,  51 .  77 
2107 ,  52 .   6 
2035 ,  52 .   6 
2078 ,  51 .  48 
2132 ,  51 .  92 
2146 ,  52 .   6 
2105 ,  50 .  90 
2110 ,  51 .  63 
2134 ,  49 .   2 
2107 ,  52 .   6 
2037 ,  51 .  48 
2082 ,  51 .  63 
2136 ,  51 .  92 
2148 ,  51 .  48 
2105 ,  51 .  77 
2113 ,  50 .  76 
2135 ,  51 .  48 
2106 ,  52 .   6 
2034 ,  51 .  48 
2084 ,  51 .  92 
2138 ,  50 .  61 
2147 ,  51 .  48 
2104 ,  52 .   6 
2116 ,  51 .  77 
2134 ,  51 .  92 
2106 ,  53 .   8 
2036 ,  50 .  47 
2085 ,  51 .  34 
2137 ,  52 .   6 
2144 ,  51 .  63 
2093 ,  50 .  32 
2110 ,  52 .   6 
2129 ,  51 .  63 
2095 ,  52 .  64 
2026 ,  52 .  50 
2080 ,  51 .  77 
2132 ,  51 .  48 
2140 ,  51 .  92 
2092 ,  52 .   6 
2109 ,  51 .  34 
2125 ,  50 .  32 
2098 ,  51 .  34 
2025 ,  51 .  63 
2081 ,  50 .  90 
2133 ,  50 .  32 
2136 ,  50 .  90 
2086 ,  50 .  90 
2108 ,  50 .  90 
2124 ,  51 .  19 
2090 ,  53 .   8 
2020 ,  51 .  77 
2080 ,  50 .  76 
2132 ,  50 .  90 
2137 ,  52 .  64 
2086 ,  50 .  90 
2108 ,  51 .  77 
2125 ,  51 .  92 
2090 ,  50 .  32 
2025 ,  51 .  63 
2085 ,  51 .  63 
2133 ,  52 .  50 
2136 ,  52 .  64 
2083 ,  50 .  61 
2112 ,  51 .  48 
2124 ,  51 .  63 
2089 ,  51 .  77 
2024 ,  52 .   6 
2088 ,  52 .   6 
2133 ,  50 .  90 
2134 ,  52 .  64 
2084 ,  50 .  90 
2112 ,  51 .  92 
2124 ,  50 .  90 
2087 ,  50 .  90 
2026 ,  51 .  48 
2092 ,  50 .  90 
2139 ,  50 .  90 
2141 ,  51 .  48 
2090 ,  52 .   6 
2118 ,  52 .   6 
2130 ,  51 .  34 
2089 ,  50 .  90 
2030 ,  51 .  48 
2095 ,  51 .  77 
2141 ,  51 .  77 
2139 ,  52 .   6 
2086 ,  50 .  90 
2118 ,  51 .  48 
2130 ,  50 .  76 
2088 ,  50 .  18 
2028 ,  51 .  19 
2092 ,  51 .  34 
2137 ,  49 .  60 
2131 ,  50 .  90 
2081 ,  51 .  34 
2116 ,  51 .  48 
2123 ,  51 .  48 
2078 ,  50 .  90 
2025 ,  50 .  90 
2093 ,  51 .  34 
2140 ,  51 .  48 
2140 ,  51 .  48 
2098 ,  51 .  63 
2129 ,  51 .  77 
2134 ,  51 .  48 
2094 ,  52 .   6 
2044 ,  50 .  90 
2112 ,  51 .  92 
2152 ,  52 .   6 
2147 ,  50 .  90 
2104 ,  51 .  63 
2132 ,  51 .  48 
2139 ,  51 .  63 
2098 ,  52 .  50 
2049 ,  50 .  76 
2113 ,  51 .  34 
2156 ,  51 .  63 
2144 ,  50 .  90 
2105 ,  50 .  90 
2133 ,  50 .  90 
2138 ,  52 .  79 
2090 ,  52 .   6 
2050 ,  51 .  34 
2113 ,  50 .  47 
2153 ,  51 .  48 
2144 ,  51 .  92 
2102 ,  51 .  77 
2134 ,  50 .  90 
2135 ,  50 .  90 
2090 ,  51 .  34 
2051 ,  50 .  47 
2117 ,  51 .  92 
2156 ,  51 .  48 
2144 ,  51 .  34 
2099 ,  51 .  34 
2135 ,  51 .  34 
2134 ,  51 .  92 
2089 ,  51 .  92 
2051 ,  51 .  34 
2118 ,  51 .  63 
2154 ,  50 .  90 
2135 ,  50 .  32 
2102 ,  52 .  64 
2134 ,  50 .  90 
2137 ,  50 .  90 
2089 ,  51 .  92 
2058 ,  52 .  93 
2122 ,  51 .  34 
2156 ,  51 .  63 
2144 ,  51 .  92 
2105 ,  52 .  35 
2138 ,  50 .  90 
2137 ,  52 .   6 
2090 ,  52 .  93 
2059 ,  50 .  90 
2124 ,  51 .  92 
2159 ,  52 .   6 
2142 ,  50 .  32 
2105 ,  51 .  19 
2135 ,  52 .   6 
2132 ,  51 .  92 
2083 ,  50 .  90 
2060 ,  50 .  90 
2123 ,  51 .  48 
2156 ,  50 .  76 
2140 ,  51 .  19 
2106 ,  50 .  90 
2138 ,  52 .   6 
2136 ,  52 .   6 
2082 ,  51 .  19 
2064 ,  51 .  48 
2131 ,  52 .   6 
2159 ,  50 .  61 
2139 ,  51 .  48 
2111 ,  52 .  64 
2143 ,  50 .  90 
2135 ,  51 .  34 
2082 ,  51 .  77 
2064 ,  50 .  90 
2129 ,  51 .  77 
2159 ,  51 .  63 
2139 ,  52 .   6 
2111 ,  51 .  34 
2143 ,  51 .  92 
2136 ,  50 .  32 
2082 ,  50 .  90 
2066 ,  51 .  48 
2131 ,  51 .  48 
2161 ,  52 .   6 
2136 ,  51 .  48 
2114 ,  51 .  92 
2143 ,  51 .  92 
2132 ,  50 .  61 
2078 ,  50 .  90 
2066 ,  51 .  63 
2129 ,  51 .  48 
2159 ,  50 .  76 
2132 ,  51 .  92 
2111 ,  51 .  19 
2140 ,  51 .  48 
2128 ,  50 .  90 
2074 ,  50 .  90 
2068 ,  51 .  92 
2129 ,  51 .  63 
2156 ,  51 .  34 
2131 ,  51 .  63 
2112 ,  52 .   6 
2140 ,  51 .  34 
2129 ,  50 .  90 
2069 ,  51 .  48 
2068 ,  52 .   6 
2134 ,  52 .   6 
2156 ,  50 .  90 
2129 ,  51 .  34 
2110 ,  52 .  50 
2139 ,  50 .  76 
2125 ,  51 .  48 
2068 ,  51 .  48 
2074 ,  51 .  63 
2136 ,  51 .  34 
2160 ,  52 .  50 
2129 ,  49 .  74 
2112 ,  51 .  63 
2142 ,  52 .  50 
2125 ,  51 .  34 
2066 ,  50 .  90 
2076 ,  52 .   6 
2136 ,  51 .  34 
2156 ,  50 .  90 
2126 ,  51 .  34 
2112 ,  50 .  90 
2139 ,  50 .  90 
2123 ,  51 .  92 
2060 ,  50 .  32 
2072 ,  50 .  90 
2134 ,  52 .   6 
2155 ,  51 .  63 
2122 ,  50 .  76 
2112 ,  51 .  48 
2140 ,  50 .  90 
2123 ,  51 .  92 
2059 ,  50 .  90 
2076 ,  50 .  90 
2136 ,  50 .  90 
2154 ,  51 .  92 
2120 ,  52 .  64 
2113 ,  51 .  34 
2142 ,  52 .   6 
2120 ,  52 .   6 
2055 ,  52 .   6 
2078 ,  50 .  90 
2137 ,  51 .  48 
2154 ,  51 .  77 
2118 ,  51 .  48 
2115 ,  50 .  90 
2140 ,  51 .  34 
2119 ,  51 .  92 
2054 ,  51 .  34 
2081 ,  50 .  90 
2137 ,  51 .  34 
2153 ,  51 .  48 
2116 ,  52 .  64 
2115 ,  50 .  90 
2137 ,  50 .  76 
2118 ,  51 .  92 
2051 ,  51 .  63 
2079 ,  50 .  90 
2137 ,  51 .  48 
2152 ,  50 .  90 
2113 ,  51 .  34 
2114 ,  50 .  18 
2136 ,  51 .  48 
2110 ,  50 .  90 
2045 ,  50 .  90 
2082 ,  51 .  34 
2137 ,  50 .  61 
2154 ,  50 .  90 
2111 ,  51 .  63 
2116 ,  50 .  90 
2137 ,  51 .  48 
2114 ,  50 .  90 
2048 ,  52 .   6 
2085 ,  51 .  48 
2140 ,  51 .  48 
2152 ,  52 .  50 
2109 ,  51 .  34 
2117 ,  50 .  90 
2138 ,  51 .  48 
2112 ,  51 .  34 
2041 ,  51 .  48 
2085 ,  52 .   6 
2141 ,  50 .  90 
2151 ,  51 .  34 
2110 ,  51 .  92 
2121 ,  49 .  74 
2140 ,  50 .  90 
2110 ,  52 .   6 
2040 ,  51 .  34 
2087 ,  50 .  61 
2144 ,  51 .  48 
2152 ,  52 .   6 
2109 ,  50 .  76 
2119 ,  50 .  32 
2142 ,  52 .  21 
2110 ,  50 .  76 
2037 ,  51 .  19 
2089 ,  51 .  77 
2142 ,  51 .  92 
2150 ,  52 .  50 
2103 ,  52 .   6 
2118 ,  51 .  48 
2138 ,  51 .  63 
2107 ,  50 .  90 
2037 ,  52 .   6 
2092 ,  52 .  64 
2146 ,  51 .  92 
2148 ,  50 .  90 
2099 ,  51 .  77 
2121 ,  52 .  50 
2134 ,  51 .  48 
2101 ,  51 .  34 
2036 ,  51 .  34 
2094 ,  50 .  90 
2146 ,  51 .  77 
2148 ,  50 .  47 
2100 ,  52 .  50 
2119 ,  51 .  48 
2137 ,  50 .  61 
2102 ,  50 .  76 
2035 ,  51 .  92 
2101 ,  51 .  34 
2146 ,  51 .  77 
2147 ,  51 .  48 
2098 ,  51 .  48 
2122 ,  51 .  92 
2136 ,  51 .  77 
2100 ,  50 .  90 
2040 ,  51 .  48 
2099 ,  50 .  90 
2146 ,  51 .  92 
2147 ,  51 .  48 
2098 ,  50 .  90 
2124 ,  50 .  90 
2135 ,  51 .  34 
2094 ,  51 .  92 
2033 ,  51 .  34 
2099 ,  50 .  90 
2144 ,  51 .  63 
2144 ,  52 .  50 
2095 ,  51 .  48 
2123 ,  50 .  61 
2136 ,  51 .  92 
2096 ,  51 .  34 
2037 ,  51 .  77 
2100 ,  51 .  48 
2143 ,  52 .  64 
2142 ,  51 .  92 
2091 ,  52 .   6 
2123 ,  50 .  90 
2132 ,  51 .  48 
2091 ,  52 .   6 
2034 ,  51 .  34 
2101 ,  51 .  48 
2145 ,  51 .  34 
2140 ,  52 .   6 
2093 ,  50 .  76 
2124 ,  50 .  76 
2134 ,  51 .  48 
2092 ,  52 .   6 
2036 ,  50 .  90 
2105 ,  51 .  63 
2148 ,  50 .  90 
2144 ,  50 .  90 
2094 ,  52 .   6 
2125 ,  51 .  34 
2132 ,  51 .  92 
2090 ,  52 .   6 
2039 ,  52 .   6 
2105 ,  50 .  32 
2146 ,  52 .   6 
2137 ,  51 .  77 
2089 ,  51 .  34 
2122 ,  52 .  35 
2128 ,  51 .  77 
2084 ,  50 .  76 
2040 ,  52 .  79 
2104 ,  52 .   6 
2144 ,  50 .  90 
2135 ,  51 .  19 
2091 ,  52 .  64 
2126 ,  50 .  90 
2129 ,  51 .  48 
2083 ,  50 .  90 
2040 ,  51 .  63 
2107 ,  50 .  76 
2145 ,  50 .  90 
2135 ,  50 .  76 
2092 ,  51 .  48 
2125 ,  50 .  90 
2130 ,  50 .  90 
2081 ,  50 .  90 
2041 ,  52 .   6 
2108 ,  50 .  90 
2148 ,  50 .  90 
2138 ,  51 .  48 
2094 ,  52 .  79 
2126 ,  50 .  90 
2129 ,  51 .  48 
2082 ,  52 .  64 
2045 ,  52 .   6 
2113 ,  51 .  77 
2151 ,  51 .  34 
2136 ,  52 .   6 
2096 ,  50 .  90 
2131 ,  52 .   6 
2130 ,  51 .  92 
2081 ,  50 .  90 
2049 ,  51 .  77 
2114 ,  50 .  90 
2152 ,  51 .  77 
2132 ,  50 .  61 
2098 ,  51 .  92 
2132 ,  51 .  48 
2130 ,  50 .  90 
2080 ,  50 .  47 
2053 ,  51 .  48 
2118 ,  51 .  48 
2151 ,  50 .  76 
2133 ,  50 .  32 
2101 ,  50 .  90 
2132 ,  51 .  63 
2130 ,  52 .   6 
2078 ,  51 .  48 
2055 ,  51 .  63 
2119 ,  51 .  19 
2155 ,  51 .  34 
2132 ,  50 .  90 
2098 ,  50 .  61 
2133 ,  52 .   6 
2125 ,  51 .  34 
2071 ,  51 .  34 
2056 ,  51 .  92 
2119 ,  51 .  48 
2150 ,  50 .  90 
2131 ,  52 .  64 
2100 ,  51 .  92 
2132 ,  50 .  90 
2124 ,  50 .  76 
2069 ,  50 .  90 
2056 ,  50 .  18 
2122 ,  52 .   6 
2155 ,  50 .  90 
2130 ,  51 .  34 
2101 ,  50 .  76 
2133 ,  50 .  90 
2123 ,  51 .  63 
2070 ,  51 .  34 
2058 ,  50 .  90 
2123 ,  50 .  90 
2150 ,  51 .  48 
2128 ,  51 .  48 
2104 ,  50 .  90 
2134 ,  50 .  61 
2124 ,  50 .  90 
2068 ,  51 .  34 
2064 ,  50 .  90 
2128 ,  51 .  48 
2153 ,  51 .  48 
2127 ,  52 .   6 
2103 ,  53 .  22 
2132 ,  51 .  34 
2119 ,  50 .  90 
2063 ,  51 .  34 
2066 ,  50 .  90 
2130 ,  52 .   6 
2153 ,  51 .  48 
2124 ,  51 .  48 
2106 ,  51 .  48 
2138 ,  51 .  34 
2125 ,  51 .  48 
2064 ,  50 .  90 
2070 ,  52 .   6 
2132 ,  51 .  92 
2152 ,  51 .  63 
2126 ,  51 .  92 
2110 ,  52 .  50 
2138 ,  50 .  32 
2123 ,  50 .  90 
2062 ,  50 .  90 
2071 ,  50 .  90 
2132 ,  50 .  32 
2152 ,  51 .  34 
2120 ,  51 .  48 
2109 ,  50 .  90 
2135 ,  50 .  32 
2120 ,  51 .  63 
2057 ,  50 .  76 
2073 ,  51 .  48 
2134 ,  51 .  34 
2152 ,  52 .   6 
2119 ,  50 .  90 
2110 ,  52 .   6 
2136 ,  51 .  34 
2117 ,  50 .  90 
2056 ,  51 .  34 
2075 ,  52 .   6 
2135 ,  51 .  48 
2154 ,  51 .  34 
2116 ,  50 .  90 
2111 ,  50 .  90 
2137 ,  52 .  93 
2116 ,  51 .  92 
2054 ,  51 .  34 
2075 ,  50 .  90 
2134 ,  52 .   6 
2150 ,  51 .  34 
2115 ,  50 .  90 
2112 ,  51 .  77 
2139 ,  50 .  90 
2115 ,  52 .   6 
2049 ,  50 .  90 
2079 ,  50 .  76 
2138 ,  50 .  90 
2152 ,  51 .  63 
2115 ,  50 .  18 
2114 ,  52 .   6 
2138 ,  51 .  63 
2113 ,  50 .  90 
2050 ,  51 .  48 
2082 ,  52 .  50 
2137 ,  50 .  61 
2151 ,  51 .  34 
2109 ,  51 .  34 
2113 ,  50 .  90 
2138 ,  51 .  48 
2112 ,  52 .   6 
2042 ,  50 .  76 
2083 ,  51 .  48 
2136 ,  51 .  48 
2149 ,  52 .   6 
2112 ,  51 .  63 
2116 ,  51 .  19 
2136 ,  51 .  34 
2109 ,  51 .  63 
2039 ,  50 .  90 
2085 ,  51 .  34 
2140 ,  50 .  90 
2150 ,  51 .  63 
2105 ,  50 .  90 
2117 ,  50 .  90 
2140 ,  50 .  76 
2109 ,  51 .  92 
2039 ,  50 .  61 
2088 ,  52 .   6 
2141 ,  49 .  74 
2152 ,  51 .  92 
2105 ,  52 .   6 
2119 ,  51 .  48 
2138 ,  50 .  90 
2110 ,  52 .   6 
2039 ,  50 .  90 
2094 ,  51 .  48 
2144 ,  51 .  63 
2150 ,  51 .  92 
2106 ,  50 .  90 
2121 ,  51 .  34 
2137 ,  50 .  76 
2104 ,  50 .  90 
2038 ,  49 .   2 
2094 ,  51 .  34 
2144 ,  50 .  90 
2149 ,  52 .  35 
2104 ,  52 .  79 
2123 ,  50 .  90 
2140 ,  50 .  90 
2106 ,  50 .  90 
2040 ,  51 .  34 
2099 ,  51 .  92 
2146 ,  50 .  18 
2147 ,  51 .  77 
2100 ,  50 .  76 
2124 ,  50 .  90 
2137 ,  50 .  32 
2100 ,  50 .  90 
2040 ,  50 .  90 
2098 ,  50 .  90 
2146 ,  51 .  63 
2147 ,  51 .  48 
2099 ,  51 .  34 
2126 ,  51 .  48 
2138 ,  51 .  34 
2101 ,  50 .  90 
2040 ,  50 .  76 
2101 ,  51 .  19 
2146 ,  50 .  47 
2147 ,  50 .  90 
2098 ,  50 .  90 
2128 ,  50 .  90 
2140 ,  51 .  34 
2100 ,  50 .  90 
2041 ,  51 .  19 
2101 ,  50 .  90 
2150 ,  50 .  90 
2146 ,  50 .  90 
2095 ,  50 .  76 
2125 ,  51 .  48 
2133 ,  50 .  90 
2095 ,  51 .  92 
2040 ,  51 .  48 
2104 ,  50 .  90 
2150 ,  51 .  63 
2144 ,  50 .  90 
2096 ,  51 .  77 
2127 ,  51 .  92 
2136 ,  49 .  74 
2093 ,  51 .  48 
2042 ,  51 .  48 
2105 ,  50 .  90 
2149 ,  50 .  32 
2144 ,  51 .  63 
2096 ,  51 .  77 
2130 ,  51 .  63 
2134 ,  50 .  61 
2092 ,  50 .  90 
2042 ,  51 .  34 
2110 ,  52 .   6 
2148 ,  50 .  61 
2143 ,  50 .  90 
2096 ,  51 .  19 
2127 ,  50 .  90 
2135 ,  50 .  90 
2094 ,  50 .  32 
2043 ,  50 .  90 
2110 ,  50 .  90 
2149 ,  50 .  90 
2139 ,  51 .  48 
2097 ,  51 .  77 
2131 ,  51 .  92 
2135 ,  51 .  63 
2089 ,  51 .  48 
2045 ,  50 .  90 
2109 ,  50 .  90 
2148 ,  51 .  48 
2139 ,  51 .  48 
2096 ,  50 .  90 
2130 ,  52 .   6 
2134 ,  50 .  90 
2086 ,  51 .  34 
2045 ,  50 .  90 
2111 ,  50 .  32 
2149 ,  51 .  48 
2138 ,  51 .  34 
2097 ,  51 .  19 
2132 ,  51 .  92 
2135 ,  50 .  90 
2082 ,  51 .  48 
2047 ,  50 .  90 
2118 ,  52 .   6 
2153 ,  50 .  47 
2138 ,  50 .  90 
2098 ,  51 .  92 
2131 ,  51 .  48 
2132 ,  50 .  90 
2081 ,  51 .  48 
2050 ,  51 .  34 
2116 ,  50 .  47 
2153 ,  51 .  34 
2136 ,  51 .  34 
2098 ,  50 .  18 
2133 ,  50 .  90 
2132 ,  51 .  63 
2079 ,  50 .  90 
2053 ,  50 .  76 
2118 ,  50 .  90 
2154 ,  51 .  63 
2133 ,  51 .  77 
2101 ,  52 .  50 
2133 ,  50 .  90 
2128 ,  50 .  90 
2074 ,  51 .  48 
2054 ,  51 .  34 
2121 ,  50 .  61 
2153 ,  50 .  90 
2134 ,  51 .  48 
2104 ,  49 .  60 
2134 ,  50 .  76 
2128 ,  52 .  50 
2076 ,  51 .  63 
2057 ,  49 .  45 
2122 ,  51 .  48 
2154 ,  52 .  50 
2131 ,  50 .  90 
2100 ,  50 .  90 
2136 ,  50 .  90 
2127 ,  50 .  76 
2071 ,  51 .  34 
2057 ,  50 .  90 
2123 ,  51 .  34 
2152 ,  50 .  76 
2128 ,  50 .  90 
2099 ,  51 .  48 
2134 ,  50 .  90 
2126 ,  51 .   5 
2069 ,  50 .  90 
2058 ,  49 .  74 
2123 ,  50 .  47 
2151 ,  50 .  90 
2125 ,  51 .  77 
2102 ,  48 .  58 
2133 ,  51 .  77 
2124 ,  50 .  90 
2066 ,  51 .  34 
2061 ,  50 .  90 
2125 ,  51 .  48 
2150 ,  50 .  90 
2124 ,  50 .  32 
2101 ,  51 .  63 
2133 ,  50 .  90 
2122 ,  51 .  48 
2062 ,  52 .   6 
2064 ,  50 .  76 
2125 ,  50 .  32 
2152 ,  51 .  48 
2122 ,  49 .  74 
2105 ,  50 .  32 
2134 ,  51 .  34 
2116 ,  50 .  32 
2054 ,  51 .  92 
2056 ,  51 .  92 
2120 ,  52 .   6 
2141 ,  50 .  90 
2110 ,  50 .  32 
2094 ,  50 .  90 
2125 ,  50 .  18 
2110 ,  51 .  48 
2050 ,  51 .  63 
2057 ,  50 .  76 
2117 ,  50 .  90 
2142 ,  50 .  90 
2110 ,  50 .  76 
2096 ,  51 .  48 
2124 ,  50 .  90 
2109 ,  50 .  90 
2043 ,  50 .  90 
2058 ,  50 .  90 
2123 ,  50 .  90 
2142 ,  51 .  92 
2108 ,  51 .  63 
2099 ,  50 .  76 
2126 ,  50 .  90 
2110 ,  51 .  34 
2042 ,  51 .  19 
2064 ,  50 .  90 
2123 ,  50 .  90 
2144 ,  51 .  48 
2110 ,  51 .  77 
2102 ,  50 .  90 
2132 ,  50 .  61 
2114 ,  51 .  34 
2045 ,  50 .  90 
2071 ,  51 .  48 
2131 ,  50 .  90 
2148 ,  51 .  48 
2111 ,  50 .  90 
2108 ,  50 .  90 
2134 ,  50 .  90 
2110 ,  50 .  76 
2044 ,  51 .  48 
2075 ,  50 .  90 
2132 ,  51 .  48 
2149 ,  51 .  48 
2112 ,  50 .  90 
2111 ,  51 .  63 
2135 ,  50 .  90 
2112 ,  51 .  34 
2045 ,  51 .  34 
2079 ,  50 .  18 
2137 ,  50 .  76 
2152 ,  50 .  76 
2110 ,  51 .  92 
2113 ,  50 .  76 
2136 ,  51 .  48 
2112 ,  50 .  90 
2043 ,  51 .  48 
2081 ,  50 .  32 
2140 ,  51 .  77 
2148 ,  51 .  48 
2109 ,  51 .  34 
2114 ,  52 .   6 
2134 ,  50 .  90 
2108 ,  50 .  90 
2040 ,  51 .  48 
2080 ,  50 .  90 
2136 ,  50 .  90 
2148 ,  52 .   6 
2105 ,  51 .  48 
2115 ,  51 .  19 
2136 ,  50 .  90 
2107 ,  51 .  34 
2037 ,  51 .  48 
2085 ,  50 .  90 
2139 ,  51 .  77 
2147 ,  51 .  34 
2103 ,  51 .  48 
2111 ,  50 .  76 
2131 ,  51 .  92 
2102 ,  53 .  66 
2032 ,  51 .  34 
2083 ,  51 .  48 
2135 ,  50 .  47 
2144 ,  51 .  34 
2093 ,  50 .  90 
2112 ,  50 .  90 
2132 ,  51 .  48 
2100 ,  51 .  48 
2031 ,  51 .  63 
2083 ,  51 .  77 
2135 ,  50 .  90 
2141 ,  52 .   6 
2095 ,  51 .  48 
2113 ,  51 .  48 
2131 ,  50 .  90 
2097 ,  50 .  90 
2030 ,  50 .  90 
2085 ,  51 .  48 
2136 ,  51 .  34 
2139 ,  50 .  32 
2088 ,  50 .  32 
2115 ,  51 .  92 
2129 ,  50 .  61 
2096 ,  50 .  90 
2029 ,  51 .  48 
2088 ,  50 .  90 
2140 ,  50 .  90 
2140 ,  50 .  90 
2091 ,  49 .  74 
2117 ,  50 .  90 
2132 ,  50 .  76 
2096 ,  50 .  90 
2032 ,  50 .  61 
2092 ,  51 .  48 
2141 ,  50 .  47 
2144 ,  51 .  92 
2091 ,  51 .  92 
2117 ,  50 .  90 
2129 ,  51 .  19 
2094 ,  51 .  48 
2032 ,  51 .  63 
2090 ,  51 .  63 
2136 ,  52 .   6 
2136 ,  52 .   6 
2085 ,  51 .  34 
2112 ,  51 .  34 
2126 ,  52 .  50 
2091 ,  50 .  76 
2029 ,  51 .  19 
2093 ,  51 .  34 
2144 ,  51 .  63 
2136 ,  50 .  90 
2089 ,  50 .  90 
2120 ,  50 .  90 
2130 ,  51 .  48 
2087 ,  50 .  90 
2027 ,  51 .  77 
2094 ,  50 .  76 
2137 ,  50 .   3 
2136 ,  50 .  90 
2088 ,  51 .  48 
2119 ,  51 .  34 
2126 ,  51 .  48 
2086 ,  51 .  48 
2032 ,  51 .  92 
2100 ,  52 .   6 
2139 ,  50 .  76 
2135 ,  50 .  90 
2085 ,  51 .  34 
2120 ,  50 .  90 
2127 ,  50 .  90 
2082 ,  50 .  32 
2032 ,  51 .  34 
2099 ,  51 .  34 
2139 ,  50 .  90 
2133 ,  50 .  76 
2083 ,  51 .  34 
2116 ,  50 .  90 
2124 ,  51 .  48 
2081 ,  50 .  90 
2032 ,  51 .  48 
2100 ,  51 .  48 
2141 ,  50 .  90 
2134 ,  51 .  48 
2090 ,  51 .  48 
2121 ,  51 .  48 
2127 ,  50 .  61 
2080 ,  51 .  34 
2036 ,  50 .  90 
2104 ,  51 .  63 
2144 ,  50 .  90 
2133 ,  51 .  63 
2090 ,  50 .  76 
2123 ,  51 .  48 
2124 ,  51 .  48 
2076 ,  50 .  76 
2035 ,  51 .  48 
2103 ,  50 .  76 
2142 ,  50 .  90 
2130 ,  51 .  63 
2086 ,  51 .  48 
2123 ,  50 .  32 
2126 ,  51 .  34 
2075 ,  51 .  48 
2037 ,  50 .  61 
2105 ,  50 .  32 
2146 ,  52 .   6 
2129 ,  50 .  90 
2087 ,  50 .  90 
2123 ,  50 .  90 
2122 ,  50 .  90 
2074 ,  51 .  48 
2040 ,  51 .  48 
2108 ,  50 .  90 
2143 ,  51 .  48 
2128 ,  50 .  76 
2088 ,  50 .  76 
2122 ,  51 .  34 
2122 ,  51 .  63 
2072 ,  52 .  50 
2041 ,  50 .  90 
2110 ,  51 .  34 
2142 ,  50 .  90 
2124 ,  51 .  77 
2090 ,  51 .  77 
2123 ,  52 .  93 
2121 ,  50 .  90 
2066 ,  50 .  90 
2042 ,  52 .   6 
2107 ,  51 .  92 
2140 ,  51 .  19 
2119 ,  50 .  76 
2085 ,  50 .  90 
2120 ,  50 .  90 
2115 ,  51 .  48 
2063 ,  51 .  48 
2039 ,  51 .  48 
2108 ,  50 .  90 
2140 ,  51 .  48 
2121 ,  50 .  90 
2086 ,  51 .  34 
2121 ,  50 .  47 
2116 ,  50 .  90 
2063 ,  51 .  48 
2043 ,  51 .  63 
2114 ,  51 .  48 
2141 ,  51 .  48 
2119 ,  50 .  90 
2089 ,  50 .  90 
2122 ,  50 .  90 
2114 ,  51 .  19 
2060 ,  50 .  76 
2045 ,  50 .  90 
2111 ,  50 .  90 
2140 ,  50 .  90 
2116 ,  51 .  48 
2090 ,  51 .  34 
2123 ,  50 .  90 
2112 ,  50 .  90 
2059 ,  51 .  34 
2047 ,  50 .  76 
2114 ,  51 .  34 
2139 ,  50 .  90 
2116 ,  51 .  19 
2092 ,  51 .  92 
2121 ,  53 .  95 
2111 ,  50 .  90 
2051 ,  50 .  61 
2048 ,  51 .  48 
2113 ,  50 .  90 
2140 ,  50 .  90 
2113 ,  50 .  90 
2091 ,  50 .  90 
2124 ,  50 .  76 
2110 ,  51 .  48 
2050 ,  50 .  61 
2052 ,  51 .  34 
2114 ,  50 .  32 
2140 ,  50 .  61 
2110 ,  50 .  90 
2092 ,  51 .  63 
2121 ,  50 .  76 
2110 ,  50 .  90 
2050 ,  51 .  19 
2052 ,  50 .  76 
2117 ,  50 .  90 
2142 ,  50 .  90 
2112 ,  50 .  90 
2093 ,  50 .  90 
2124 ,  50 .  90 
2109 ,  50 .  90 
2049 ,  51 .  48 
2058 ,  51 .  34 
2120 ,  50 .  32 
2144 ,  51 .  92 
2112 ,  51 .  92 
2096 ,  50 .  76 
2126 ,  50 .  90 
2109 ,  49 .  74 
2050 ,  51 .  77 
2061 ,  51 .  19 
2126 ,  51 .  48 
2144 ,  51 .  92 
2110 ,  50 .  90 
2096 ,  50 .  90 
2125 ,  51 .  48 
2108 ,  50 .  90 
2046 ,  51 .  48 
2059 ,  51 .  92 
2124 ,  51 .  48 
2142 ,  51 .  34 
2108 ,  51 .  48 
2097 ,  50 .  90 
2127 ,  50 .  90 
2107 ,  50 .  76 
2046 ,  50 .  90 
2065 ,  51 .  34 
2124 ,  50 .  76 
2142 ,  50 .  32 
2108 ,  50 .  32 
2101 ,  51 .  48 
2128 ,  50 .  90 
2104 ,  51 .  34 
2044 ,  50 .  90 
2065 ,  51 .  63 
2124 ,  50 .  90 
2142 ,  50 .  32 
2103 ,  50 .  90 
2100 ,  50 .  90 
2125 ,  50 .  76 
2107 ,  50 .  76 
2040 ,  50 .  47 
2070 ,  51 .  34 
2128 ,  50 .  32 
2146 ,  51 .  48 
2108 ,  50 .  90 
2106 ,  51 .  77 
2129 ,  50 .  32 
2107 ,  51 .  34 
2040 ,  51 .  34 
2073 ,  52 .  64 
2131 ,  50 .  90 
2144 ,  51 .  48 
2105 ,  50 .  76 
2103 ,  51 .  34 
2130 ,  50 .  90 
2104 ,  50 .  90 
2036 ,  50 .  47 
2071 ,  50 .  90 
2132 ,  50 .  90 
2145 ,  50 .  90 
2102 ,  50 .  32 
2106 ,  50 .  90 
2131 ,  50 .  76 
2104 ,  50 .  90 
2035 ,  50 .  76 
2077 ,  50 .  76 
2133 ,  51 .  34 
2143 ,  51 .  48 
2099 ,  50 .  32 
2108 ,  50 .  76 
2131 ,  50 .  47 
2101 ,  50 .  90 
2026 ,  51 .  77 
2076 ,  51 .  48 
2133 ,  50 .  32 
2143 ,  51 .  34 
2098 ,  50 .  32 
2107 ,  51 .  92 
2130 ,  50 .  90 
2100 ,  50 .  61 
2032 ,  50 .  90 
2079 ,  50 .  32 
2136 ,  51 .  63 
2143 ,  51 .  34 
2099 ,  51 .  48 
2108 ,  51 .  34 
2130 ,  50 .  32 
2100 ,  51 .  48 
2032 ,  51 .  34 
2082 ,  51 .  19 
2133 ,  49 .  74 
2142 ,  51 .  48 
2094 ,  51 .  77 
2109 ,  50 .  90 
2128 ,  50 .  90 
2098 ,  50 .  32 
2028 ,  50 .  90 
2083 ,  50 .  90 
2135 ,  49 .  74 
2139 ,  50 .  90 
2094 ,  50 .  76 
2110 ,  50 .  90 
2128 ,  50 .  32 
2094 ,  50 .  61 
2027 ,  50 .  18 
2082 ,  50 .  76 
2136 ,  50 .  61 
2137 ,  50 .  76 
2088 ,  50 .  32 
2109 ,  50 .  90 
2125 ,  50 .  32 
2092 ,  50 .  90 
2026 ,  52 .  50 
2086 ,  51 .  63 
2136 ,  50 .  90 
2137 ,  51 .  48 
2090 ,  50 .  32 
2112 ,  50 .  90 
2127 ,  50 .  90 
2091 ,  50 .  61 
2030 ,  51 .  48 
2088 ,  50 .  76 
2138 ,  50 .  90 
2136 ,  51 .  48 
2086 ,  50 .  32 
2110 ,  51 .  92 
2123 ,  52 .   6 
2085 ,  50 .  61 
2028 ,  50 .  90 
2087 ,  50 .  90 
2136 ,  51 .  48 
2136 ,  50 .  90 
2086 ,  50 .  32 
2112 ,  50 .  90 
2128 ,  50 .  90 
2091 ,  50 .  90 
2029 ,  48 .  58 
2091 ,  50 .  90 
2137 ,  50 .  47 
2133 ,  50 .  76 
2086 ,  49 .   2 
2114 ,  50 .  90 
2122 ,  49 .  74 
2085 ,  50 .  76 
2030 ,  48 .  58 
2090 ,  50 .  76 
2138 ,  50 .  90 
2132 ,  50 .  32 
2085 ,  48 .  58 
2116 ,  50 .  90 
2126 ,  50 .  90 
2085 ,  50 .  90 
2029 ,  49 .  16 
2095 ,  50 .  32 
2140 ,  50 .  90 
2134 ,  50 .  90 
2087 ,  48 .  58 
2119 ,  49 .  74 
2128 ,  50 .  32 
2083 ,  49 .  74 
2033 ,  50 .  32 
2097 ,  51 .  48 
2140 ,  50 .  90 
2134 ,  50 .  76 
2085 ,  50 .  18 
2117 ,  49 .  74 
2126 ,  50 .  90 
2081 ,  50 .  90 
2033 ,  50 .  90 
2097 ,  50 .  47 
2141 ,  49 .  74 
2136 ,  51 .  34 
2089 ,  50 .  32 
2120 ,  50 .  90 
2126 ,  50 .  47 
2081 ,  50 .  18 
2036 ,  50 .  32 
2100 ,  51 .  34 
2144 ,  50 .  18 
2134 ,  49 .  60 
2092 ,  50 .  90 
2122 ,  51 .  48 
2126 ,  50 .  61 
2082 ,  50 .  76 
2040 ,  49 .  31 
2105 ,  51 .  34 
2146 ,  50 .  47 
2135 ,  50 .  32 
2094 ,  51 .  48 
2125 ,  50 .  47 
2129 ,  50 .  32 
2080 ,  50 .  61 
2042 ,  50 .  18 
2108 ,  50 .  76 
2146 ,  50 .  32 
2136 ,  50 .  76 
2095 ,  50 .  32 
2126 ,  51 .  92 
2127 ,  50 .  18 
2077 ,  50 .  76 
2042 ,  50 .  90 
2109 ,  50 .  32 
2145 ,  50 .  32 
2132 ,  50 .  90 
2094 ,  50 .  18 
2125 ,  50 .  76 
2124 ,  50 .  76 
2076 ,  50 .  90 
2044 ,  50 .  61 
2112 ,  51 .  92 
2148 ,  49 .  74 
2132 ,  50 .  76 
2098 ,  50 .  90 
2127 ,  50 .  47 
2125 ,  50 .  61 
2076 ,  51 .  34 
2048 ,  50 .  32 
2114 ,  51 .  48 
2148 ,  50 .  90 
2129 ,  50 .  90 
2096 ,  49 .  74 
2130 ,  51 .  48 
2126 ,  50 .  18 
2074 ,  50 .  32 
2052 ,  50 .  76 
2118 ,  51 .  48 
2149 ,  50 .  90 
2133 ,  50 .  76 
2103 ,  50 .  47 
2134 ,  51 .  48 
2129 ,  51 .  77 
2073 ,  50 .  32 
2056 ,  51 .  92 
2123 ,  51 .  34 
2151 ,  50 .  76 
2131 ,  50 .  32 
2096 ,  50 .  90 
2129 ,  50 .  90 
2124 ,  50 .  90 
2068 ,  50 .  76 
2051 ,  50 .  76 
2117 ,  52 .   6 
2148 ,  50 .  90 
2126 ,  50 .  90 
2098 ,  50 .  47 
2127 ,  49 .  60 
2120 ,  51 .  92 
2068 ,  50 .  90 
2057 ,  50 .  18 
2121 ,  51 .  77 
2150 ,  52 .   6 
2127 ,  50 .  90 
2103 ,  50 .  90 
2131 ,  50 .  90 
2122 ,  50 .  90 
2065 ,  50 .  47 
2057 ,  50 .  90 
2122 ,  51 .  48 
2150 ,  51 .  77 
2124 ,  50 .  47 
2106 ,  50 .  90 
2130 ,  51 .  63 
2123 ,  49 .  74 
2066 ,  50 .  90 
2064 ,  51 .  92 
2123 ,  50 .  76 
2150 ,  50 .  32 
2126 ,  50 .  76 
2104 ,  50 .  61 
2134 ,  50 .  76 
2125 ,  50 .  90 
2066 ,  50 .  90 
2068 ,  50 .  90 
2125 ,  51 .  63 
2149 ,  50 .  61 
2124 ,  50 .  76 
2105 ,  50 .  61 
2132 ,  51 .  34 
2122 ,  50 .  90 
2062 ,  50 .  76 
2065 ,  49 .  60 
2127 ,  50 .  90 
2152 ,  50 .  90 
2122 ,  50 .  76 
2105 ,  49 .  16 
2134 ,  51 .  92 
2120 ,  51 .  34 
2060 ,  50 .  76 
2069 ,  50 .  32 
2127 ,  50 .  90 
2150 ,  50 .  76 
2118 ,  50 .  90 
2105 ,  50 .  61 
2133 ,  51 .  63 
2116 ,  50 .  90 
2053 ,  50 .  90 
2067 ,  51 .  48 
2130 ,  51 .  92 
2149 ,  50 .  90 
2119 ,  50 .  90 
2104 ,  51 .  48 
2134 ,  50 .  76 
2118 ,  51 .  48 
2053 ,  50 .  61 
2068 ,  51 .  48 
2130 ,  50 .  76 
2150 ,  51 .  63 
2114 ,  51 .  34 
2105 ,  50 .  90 
2134 ,  52 .  79 
2112 ,  50 .  90 
2045 ,  50 .  90 
2068 ,  49 .  74 
2126 ,  51 .  34 
2146 ,  51 .  34 
2109 ,  50 .  32 
2104 ,  51 .  63 
2130 ,  51 .  48 
2109 ,  50 .  90 
2045 ,  50 .  90 
2069 ,  51 .  19 
2130 ,  50 .  90 
2145 ,  50 .  90 
2109 ,  51 .  19 
2106 ,  50 .  76 
2130 ,  52 .   6 
2110 ,  50 .  90 
2042 ,  50 .  90 
2071 ,  50 .  76 
2128 ,  50 .  90 
2146 ,  51 .  92 
2110 ,  51 .  48 
2109 ,  50 .  47 
2129 ,  50 .  90 
2107 ,  50 .  90 
2042 ,  51 .  63 
2078 ,  50 .  90 
2132 ,  51 .  48 
2144 ,  50 .  90 
2105 ,  50 .  61 
2111 ,  50 .  90 
2131 ,  52 .  50 
2107 ,  51 .  34 
2038 ,  51 .  63 
2080 ,  50 .  76 
2132 ,  50 .  90 
2144 ,  50 .  76 
2103 ,  50 .  76 
2109 ,  52 .   6 
2129 ,  49 .  60 
2103 ,  50 .  32 
2034 ,  52 .   6 
2080 ,  51 .  48 
2132 ,  50 .  61 
2145 ,  50 .  90 
2103 ,  51 .  48 
2110 ,  51 .  48 
2129 ,  50 .  90 
2101 ,  50 .  32 
2033 ,  51 .  34 
2080 ,  50 .  90 
2131 ,  50 .  61 
2142 ,  50 .  61 
2100 ,  50 .  90 
2116 ,  51 .  48 
2127 ,  50 .  61 
2100 ,  50 .  76 
2033 ,  50 .  90 
2081 ,  50 .  90 
2134 ,  50 .  32 
2142 ,  51 .  48 
2098 ,  50 .  32 
2113 ,  50 .  90 
2130 ,  51 .  63 
2100 ,  50 .  47 
2031 ,  50 .  90 
2084 ,  50 .  76 
2133 ,  50 .  90 
2140 ,  50 .  90 
2093 ,  50 .  76 
2110 ,  50 .  76 
2129 ,  50 .  90 
2098 ,  50 .  90 
2031 ,  50 .  90 
2086 ,  51 .  34 
2133 ,  51 .  48 
2136 ,  50 .  76 
2088 ,  50 .  32 
2110 ,  51 .  63 
2122 ,  51 .  48 
2091 ,  50 .  90 
2026 ,  50 .  32 
2084 ,  50 .  90 
2131 ,  51 .  92 
2137 ,  50 .  90 
2086 ,  51 .  77 
2112 ,  50 .  76 
2124 ,  51 .  63 
2089 ,  50 .  76 
2025 ,  50 .  90 
2085 ,  50 .  76 
2135 ,  50 .  90 
2138 ,  50 .  32 
2088 ,  50 .  90 
2113 ,  50 .  61 
2127 ,  50 .  76 
2090 ,  51 .  48 
2028 ,  52 .  64 
2090 ,  50 .  90 
2137 ,  50 .  90 
2136 ,  50 .  90 
2088 ,  50 .  90 
2116 ,  51 .  34 
2124 ,  50 .  32 
2088 ,  51 .  34 
2028 ,  50 .  76 
2094 ,  50 .  90 
2135 ,  51 .  48 
2135 ,  50 .  32 
2086 ,  50 .  90 
2116 ,  51 .  92 
2121 ,  50 .  90 
2084 ,  50 .  90 
2025 ,  50 .  90 
2091 ,  49 .  89 
2133 ,  50 .  18 
2131 ,  52 .   6 
2083 ,  50 .  90 
2112 ,  50 .  90 
2123 ,  50 .  76 
2080 ,  50 .  90 
2025 ,  50 .  76 
2091 ,  51 .  34 
2133 ,  50 .  61 
2131 ,  50 .  90 
2086 ,  52 .   6 
2113 ,  50 .  76 
2119 ,  50 .  90 
2077 ,  51 .  48 
2026 ,  51 .  92 
2091 ,  51 .  48 
2134 ,  51 .  48 
2128 ,  50 .  90 
2081 ,  50 .  47 
2115 ,  50 .  76 
2118 ,  50 .  90 
2075 ,  50 .  76 
2028 ,  50 .  76 
2096 ,  50 .  90 
2135 ,  51 .  34 
2128 ,  50 .  90 
2083 ,  51 .  63 
2117 ,  50 .  32 
2118 ,  50 .  90 
2074 ,  50 .  90 
2030 ,  50 .  76 
2098 ,  51 .  34 
2135 ,  51 .  34 
2126 ,  50 .  90 
2079 ,  50 .  90 
2110 ,  50 .  18 
2111 ,  50 .  90 
2068 ,  50 .  18 
2025 ,  50 .  47 
2096 ,  50 .  90 
2133 ,  50 .  90 
2121 ,  50 .  76 
2082 ,  50 .  76 
2118 ,  50 .  90 
2117 ,  50 .  61 
2070 ,  50 .  90 
2034 ,  50 .  32 
2102 ,  50 .  32 
2137 ,  50 .  90 
2125 ,  50 .  61 
2086 ,  51 .  34 
2117 ,  50 .  61 
2117 ,  50 .  90 
2068 ,  50 .  32 
2035 ,  50 .  90 
2104 ,  51 .  77 
2135 ,  51 .  48 
2124 ,  49 .  45 
2086 ,  50 .  90 
2121 ,  50 .  76 
2116 ,  51 .  34 
2070 ,  50 .  32 
2037 ,  50 .  76 
2104 ,  51 .  63 
2137 ,  50 .  90 
2124 ,  50 .  18 
2086 ,  50 .  90 
2120 ,  50 .  61 
2116 ,  51 .  34 
2066 ,  50 .  32 
2041 ,  50 .  47 
2107 ,  50 .  61 
2137 ,  50 .  32 
2121 ,  50 .  76 
2085 ,  50 .  90 
2119 ,  50 .  76 
2114 ,  50 .  90 
2062 ,  50 .  90 
2041 ,  50 .  76 
2108 ,  52 .   6 
2139 ,  50 .  90 
2119 ,  51 .  48 
2086 ,  52 .   6 
2120 ,  50 .  32 
2113 ,  51 .  19 
2058 ,  50 .  90 
2041 ,  50 .  90 
2108 ,  51 .  48 
2137 ,  50 .  90 
2117 ,  50 .  61 
2088 ,  50 .  76 
2122 ,  50 .  90 
2113 ,  50 .  61 
2060 ,  50 .  90 
2044 ,  51 .  48 
2110 ,  50 .  90 
2139 ,  50 .  90 
2120 ,  50 .  18 
2090 ,  50 .  61 
2124 ,  50 .  18 
2113 ,  50 .  90 
2058 ,  49 .  74 
2051 ,  50 .  32 
2115 ,  50 .  76 
2141 ,  51 .  63 
2120 ,  51 .  48 
2094 ,  51 .  77 
2124 ,  50 .  32 
2114 ,  51 .  34 
2056 ,  50 .  90 
2048 ,  50 .  76 
2111 ,  50 .  90 
2139 ,  50 .  90 
2114 ,  50 .  90 
2093 ,  50 .  32 
2121 ,  50 .  76 
2110 ,  50 .  90 
2054 ,  50 .  47 
2050 ,  50 .  61 
2116 ,  50 .  90 
2139 ,  51 .  34 
2112 ,  49 .  74 
2094 ,  50 .  18 
2122 ,  50 .  90 
2106 ,  50 .  90 
2048 ,  50 .  32 
2054 ,  50 .  76 
2115 ,  50 .  61 
2137 ,  50 .  76 
2110 ,  50 .  76 
2092 ,  50 .  90 
2119 ,  50 .  90 
2105 ,  51 .  48 
2045 ,  50 .  76 
2054 ,  48 .  58 
2114 ,  50 .  32 
2138 ,  52 .   6 
2106 ,  50 .  76 
2092 ,  50 .  76 
2122 ,  51 .  48 
2104 ,  51 .  77 
2041 ,  50 .   3 
2053 ,  50 .  76 
2117 ,  50 .  76 
2139 ,  50 .  90 
2109 ,  50 .  76 
2094 ,  51 .  92 
2121 ,  50 .  90 
2098 ,  50 .  90 
2039 ,  50 .  90 
2055 ,  50 .  32 
2121 ,  50 .  18 
2139 ,  50 .  61 
2103 ,  50 .  76 
2095 ,  50 .  90 
2126 ,  49 .  89 
2101 ,  50 .  90 
2040 ,  50 .  61 
2060 ,  50 .  90 
2121 ,  49 .  74 
2139 ,  51 .  77 
2105 ,  50 .  32 
2104 ,  52 .   6 
2125 ,  50 .  76 
2102 ,  51 .  92 
2041 ,  50 .  32 
2065 ,  50 .  90 
2125 ,  51 .  34 
2139 ,  50 .  76 
2104 ,  50 .  90 
2101 ,  51 .  48 
2128 ,  50 .  90 
2106 ,  51 .  63 
2039 ,  50 .  47 
2068 ,  50 .  90 
2125 ,  50 .  61 
2142 ,  51 .  48 
2105 ,  50 .  90 
2104 ,  50 .  90 
2129 ,  50 .  90 
2106 ,  51 .  48 
2042 ,  51 .  77 
2072 ,  51 .  63 
2126 ,  50 .  32 
2139 ,  51 .  92 
2104 ,  50 .  90 
2103 ,  50 .  90 
2128 ,  49 .  74 
2104 ,  50 .  90 
2036 ,  50 .  47 
2070 ,  51 .  77 
2127 ,  50 .  18 
2142 ,  51 .  48 
2100 ,  50 .  90 
2107 ,  50 .  90 
2127 ,  50 .  47 
2103 ,  50 .  90 
2036 ,  50 .  90 
2075 ,  50 .  90 
2131 ,  51 .  19 
2141 ,  50 .  90 
2101 ,  50 .  90 
2110 ,  50 .  76 
2130 ,  50 .  90 
2101 ,  51 .  77 
2031 ,  50 .  18 
2077 ,  51 .  63 
2130 ,  52 .   6 
2139 ,  50 .  90 
2096 ,  50 .  76 
2107 ,  50 .  76 
2127 ,  51 .  63 
2095 ,  50 .  90 
2027 ,  51 .  34 
2076 ,  50 .  90 
2130 ,  50 .  90 
2138 ,  51 .  48 
2092 ,  50 .  76 
2107 ,  50 .  76 
2125 ,  50 .  90 
2094 ,  50 .  90 
2022 ,  50 .  90 
2076 ,  50 .  7