.  16 
 800 ,  39 .  74 
 802 ,  39 .  88 
 804 ,  39 .  74 
 800 ,  39 .  16 
 794 ,  40 .   3 
 799 ,  39 .   1 
 803 ,  37 .  56 
 800 ,  39 .  74 
 796 ,  38 .  87 
 798 ,  38 .  14 
 803 ,  39 .  16 
 800 ,  39 .  45 
 795 ,  40 .  32 
 800 ,  39 .  30 
 801 ,  38 .  72 
 802 ,  39 .  88 
 794 ,  37 .  42 
 797 ,  39 .  16 
 804 ,  39 .  45 
 802 ,  40 .  90 
 798 ,  40 .   3 
 800 ,  37 .  85 
 802 ,  40 .  17 
 799 ,  40 .  32 
 797 ,  38 .  72 
 802 ,  35 .  39 
 805 ,  39 .  30 
 799 ,  39 .  30 
 796 ,  40 .  32 
 802 ,  38 .   0 
 804 ,  39 .  88 
 799 ,  38 .   0 
 798 ,  38 .   0 
 802 ,  38 .  58 
 805 ,  39 .  88 
 800 ,  40 .   3 
 799 ,  39 .  16 
 801 ,  36 .  98 
 801 ,  38 .  14 
 796 ,  38 .  14 
 795 ,  40 .  90 
 800 ,  40 .  32 
 802 ,  39 .  45 
 804 ,  40 .  32 
 799 ,  39 .  88 
 800 ,  38 .  72 
 802 ,  39 .  30 
 797 ,  39 .  74 
 796 ,  37 .  85 
 800 ,  39 .  16 
 802 ,  39 .  45 
 800 ,  40 .  46 
 796 ,  35 .  82 
 802 ,  38 .  58 
 804 ,  38 .  72 
 800 ,  39 .  16 
 799 ,  38 .  58 
 803 ,  38 .  14 
 800 ,  38 .  72 
 799 ,  38 .  14 
 800 ,  39 .  88 
 803 ,  38 .  72 
 802 ,  39 .  74 
 799 ,  38 .  87 
 799 ,  38 .  58 
 802 ,  38 .  14 
 803 ,  39 .  16 
 803 ,  38 .  72 
 796 ,  39 .  88 
 801 ,  39 .   1 
 800 ,  38 .  72 
 797 ,  39 .  30 
 800 ,  39 .  16 
 802 ,  38 .  72 
 801 ,  38 .  87 
 799 ,  38 .  14 
 796 ,  39 .   1 
 800 ,  38 .  87 
 802 ,  39 .  88 
 798 ,  37 .  56 
 799 ,  39 .  30 
 801 ,  38 .  72 
 800 ,  39 .  30 
 800 ,  39 .   1 
 797 ,  39 .  30 
 799 ,  36 .  98 
 797 ,  37 .  56 
 798 ,  40 .   3 
 796 ,  39 .  30 
 804 ,  38 .  72 
 806 ,  38 .  29 
 799 ,  39 .  59 
 799 ,  39 .  45 
 803 ,  38 .  58 
 801 ,  38 .  58 
 797 ,  38 .  72 
 800 ,  39 .  74 
 802 ,  38 .  58 
 801 ,  38 .  14 
 797 ,  36 .  98 
 798 ,  38 .  72 
 803 ,  39 .  74 
 802 ,  39 .  16 
 795 ,  40 .   3 
 798 ,  39 .   1 
 804 ,  38 .  58 
 802 ,  37 .  85 
 798 ,  38 .   0 
 798 ,  37 .  71 
 800 ,  38 .  14 
 799 ,  37 .  71 
 798 ,  36 .  98 
 799 ,  37 .  56 
 803 ,  39 .  16 
 799 ,  37 .  56 
 797 ,  38 .   0 
 800 ,  39 .  88 
 799 ,  39 .  16 
 800 ,  37 .  42 
 798 ,  40 .   3 
 798 ,  39 .  88 
 801 ,  39 .  30 
 801 ,  38 .   0 
 796 ,  39 .  45 
 802 ,  39 .  30 
 804 ,  38 .   0 
 801 ,  38 .  87 
 799 ,  39 .  74 
 801 ,  39 .  16 
 799 ,  38 .  58 
 803 ,  38 .  58 
 799 ,  39 .  16 
 800 ,  39 .  74 
 804 ,  39 .  88 
 801 ,  36 .  26 
 800 ,  39 .  16 
 799 ,  39 .  74 
 804 ,  39 .  74 
 802 ,  38 .   0 
 798 ,  40 .  32 
 800 ,  40 .   3 
 804 ,  38 .  87 
 799 ,  38 .  14 
 796 ,  39 .  30 
 802 ,  40 .   3 
 804 ,  35 .  82 
 804 ,  38 .  58 
 797 ,  36 .  98 
 798 ,  38 .  14 
 800 ,  38 .  72 
 802 ,  38 .  87 
 796 ,  38 .  58 
 799 ,  39 .  30 
 802 ,  38 .   0 
 800 ,  38 .   0 
 795 ,  38 .  58 
 799 ,  37 .  56 
 802 ,  36 .  98 
 800 ,  39 .  30 
 799 ,  39 .  30 
 802 ,  40 .  32 
 802 ,  38 .  14 
 802 ,  37 .  71 
 802 ,  38 .  58 
 803 ,  36 .  84 
 801 ,  37 .  56 
 801 ,  39 .  30 
 799 ,  39 .  16 
 801 ,  38 .   0 
 802 ,  37 .  42 
 803 ,  38 .  14 
 799 ,  36 .  40 
 804 ,  36 .  98 
 800 ,  38 .   0 
 800 ,  38 .   0 
 800 ,  37 .  71 
 800 ,  36 .  98 
 805 ,  38 .  43 
 803 ,  37 .  71 
 795 ,  36 .  98 
 803 ,  38 .  72 
 804 ,  37 .  56 
 801 ,  37 .  56 
 798 ,  38 .  58 
 803 ,  38 .   0 
 805 ,  38 .  87 
 801 ,  35 .  68 
 800 ,  36 .  69 
 801 ,  36 .  98 
 803 ,  37 .  85 
 801 ,  39 .  30 
 795 ,  36 .  98 
 801 ,  38 .  14 
 802 ,  35 .  10 
 802 ,  37 .  71 
 800 ,  37 .  71 
 802 ,  39 .   1 
 805 ,  38 .  87 
 801 ,  37 .  42 
 801 ,  37 .  42 
 801 ,  36 .  55 
 805 ,  38 .   0 
 800 ,  39 .  74 
 798 ,  39 .   1 
 800 ,  36 .  98 
 805 ,  36 .  98 
 802 ,  38 .   0 
 800 ,  38 .  14 
 804 ,  38 .  87 
 801 ,  38 .  14 
 802 ,  37 .  42 
 797 ,  37 .  56 
 800 ,  38 .  58 
 805 ,  38 .  14 
 800 ,  37 .  71 
 798 ,  38 .  14 
 802 ,  37 .  56 
 806 ,  38 .  58 
 800 ,  36 .  98 
 802 ,  37 .  71 
 806 ,  37 .  85 
 803 ,  38 .   0 
 800 ,  38 .   0 
 798 ,  36 .  84 
 801 ,  35 .  82 
 804 ,  38 .   0 
 799 ,  38 .  14 
 801 ,  39 .  30 
 802 ,  38 .  14 
 803 ,  38 .  14 
 800 ,  37 .  71 
 799 ,  37 .  42 
 803 ,  36 .  98 
 804 ,  37 .  56 
 797 ,  38 .   0 
 800 ,  38 .  14 
 806 ,  36 .  84 
 806 ,  38 .  14 
 800 ,  36 .  40 
 801 ,  37 .  85 
 804 ,  38 .  72 
 801 ,  38 .  72 
 800 ,  37 .  56 
 800 ,  38 .  14 
 805 ,  38 .   0 
 804 ,  36 .  98 
 802 ,  39 .  16 
 800 ,  38 .  87 
 802 ,  38 .  87 
 803 ,  37 .  56 
 799 ,  38 .   0 
 802 ,  36 .  84 
 800 ,  37 .  85 
 802 ,  36 .  98 
 798 ,  38 .  87 
 798 ,  37 .  85 
 804 ,  37 .  56 
 804 ,  36 .  98 
 799 ,  38 .  14 
 803 ,  38 .   0 
 806 ,  38 .   0 
 808 ,  38 .  14 
 801 ,  37 .  71 
 803 ,  36 .  98 
 808 ,  38 .  72 
 807 ,  36 .  84 
 801 ,  37 .  71 
 804 ,  36 .  84 
 803 ,  36 .  98 
 803 ,  38 .  87 
 802 ,  38 .  87 
 802 ,  38 .  72 
 804 ,  38 .  14 
 804 ,  35 .  82 
 799 ,  37 .  85 
 797 ,  37 .  71 
 804 ,  38 .   0 
 802 ,  39 .  74 
 798 ,  36 .  98 
 800 ,  38 .  58 
 804 ,  36 .  98 
 803 ,  37 .  42 
 799 ,  38 .  43 
 799 ,  36 .  98 
 805 ,  38 .  14 
 801 ,  37 .  85 
 799 ,  36 .  40 
 803 ,  38 .   0 
 806 ,  36 .  98 
 802 ,  39 .  74 
 802 ,  38 .   0 
 803 ,  38 .  87 
 808 ,  38 .   0 
 806 ,  38 .  14 
 799 ,  36 .  84 
 805 ,  37 .  56 
 805 ,  38 .  87 
 804 ,  37 .  71 
 799 ,  38 .   0 
 803 ,  37 .  56 
 808 ,  38 .  14 
 803 ,  38 .  14 
 799 ,  37 .  71 
 801 ,  38 .   0 
 804 ,  36 .  98 
 804 ,  36 .  55 
 799 ,  38 .  58 
 804 ,  36 .  98 
 802 ,  40 .  46 
 804 ,  36 .  55 
 803 ,  38 .   0 
 803 ,  39 .  30 
 805 ,  38 .  58 
 804 ,  37 .  56 
 800 ,  38 .  72 
 802 ,  38 .   0 
 808 ,  38 .  87 
 802 ,  39 .   1 
 798 ,  36 .  40 
 807 ,  37 .  42 
 809 ,  37 .  56 
 802 ,  39 .  16 
 802 ,  38 .  58 
 801 ,  37 .  42 
 803 ,  36 .  98 
 805 ,  36 .  98 
 798 ,  37 .  42 
 803 ,  38 .  72 
 807 ,  37 .  56 
 805 ,  37 .  42 
 800 ,  38 .   0 
 804 ,  40 .   3 
 805 ,  38 .  14 
 805 ,  36 .  98 
 803 ,  37 .  85 
 807 ,  36 .  98 
 808 ,  37 .  71 
 802 ,  38 .  14 
 801 ,  36 .  98 
 803 ,  38 .   0 
 808 ,  38 .   0 
 806 ,  39 .  16 
 802 ,  38 .  72 
 805 ,  38 .   0 
 807 ,  36 .  69 
 805 ,  38 .  58 
 799 ,  36 .  98 
 803 ,  36 .  84 
 805 ,  37 .  85 
 800 ,  37 .  71 
 799 ,  38 .   0 
 802 ,  38 .  58 
 806 ,  37 .  71 
 802 ,  37 .  71 
 800 ,  40 .  32 
 808 ,  38 .  72 
 808 ,  38 .  14 
 804 ,  38 .   0 
 801 ,  37 .  42 
 804 ,  37 .  71 
 806 ,  35 .  82 
 801 ,  38 .  43 
 796 ,  39 .   1 
 804 ,  38 .  14 
 806 ,  36 .  98 
 802 ,  36 .  84 
 800 ,  37 .  42 
 806 ,  38 .   0 
 808 ,  38 .  29 
 797 ,  37 .  42 
 800 ,  37 .  71 
 805 ,  39 .   1 
 806 ,  39 .  74 
 808 ,  38 .  72 
 800 ,  38 .  14 
 801 ,  38 .   0 
 805 ,  38 .  72 
 804 ,  38 .  14 
 804 ,  36 .  98 
 804 ,  38 .   0 
 804 ,  36 .  84 
 801 ,  38 .  72 
 802 ,  36 .  98 
 801 ,  39 .   1 
 809 ,  38 .   0 
 800 ,  38 .  14 
 802 ,  38 .  87 
 808 ,  37 .  71 
 810 ,  38 .   0 
 803 ,  38 .   0 
 802 ,  38 .  58 
 809 ,  38 .  58 
 807 ,  38 .  14 
 803 ,  38 .   0 
 799 ,  38 .   0 
 808 ,  38 .  14 
 808 ,  38 .  14 
 804 ,  37 .  85 
 801 ,  36 .  98 
 808 ,  40 .   3 
 807 ,  38 .  14 
 804 ,  37 .  85 
 801 ,  38 .   0 
 806 ,  38 .  14 
 803 ,  37 .  42 
 802 ,  38 .   0 
 803 ,  37 .  56 
 804 ,  38 .  58 
 805 ,  38 .   0 
 803 ,  36 .  55 
 801 ,  37 .  27 
 803 ,  38 .  14 
 807 ,  38 .  14 
 802 ,  38 .  87 
 800 ,  37 .  71 
 806 ,  38 .  29 
 805 ,  37 .  85 
 801 ,  38 .  87 
 800 ,  36 .  98 
 806 ,  38 .  14 
 805 ,  38 .  14 
 799 ,  35 .  82 
 804 ,  37 .  27 
 808 ,  38 .   0 
 808 ,  37 .  56 
 802 ,  37 .  71 
 802 ,  38 .  14 
 807 ,  38 .  14 
 803 ,  36 .  84 
 802 ,  37 .  42 
 801 ,  37 .  42 
 804 ,  38 .  14 
 808 ,  38 .   0 
 803 ,  36 .  98 
 802 ,  38 .   0 
 806 ,  37 .  42 
 806 ,  38 .   0 
 802 ,  39 .  30 
 805 ,  38 .  14 
 806 ,  38 .  72 
 805 ,  37 .  71 
 801 ,  38 .  14 
 801 ,  37 .  56 
 806 ,  39 .  16 
 810 ,  38 .  87 
 804 ,  38 .  14 
 804 ,  36 .  84 
 806 ,  38 .  14 
 805 ,  36 .  98 
 803 ,  38 .   0 
 803 ,  38 .   0 
 809 ,  37 .  42 
 805 ,  37 .  56 
 799 ,  38 .  14 
 806 ,  38 .  14 
 805 ,  38 .  14 
 805 ,  36 .  98 
 804 ,  36 .  55 
 804 ,  37 .  71 
 804 ,  38 .  14 
 805 ,  38 .   0 
 801 ,  37 .  56 
 800 ,  38 .  58 
 808 ,  38 .  14 
 805 ,  36 .  84 
 801 ,  38 .  87 
 803 ,  38 .  58 
 804 ,  36 .  98 
 804 ,  37 .  56 
 800 ,  37 .  71 
 798 ,  38 .   0 
 805 ,  37 .  56 
 804 ,  36 .  98 
 800 ,  37 .  71 
 801 ,  38 .  72 
 806 ,  38 .   0 
 804 ,  36 .  98 
 799 ,  36 .  98 
 799 ,  36 .  69 
 802 ,  38 .  58 
 801 ,  38 .  58 
 796 ,  36 .  84 
 801 ,  38 .  72 
 804 ,  36 .  98 
 801 ,  36 .  98 
 798 ,  37 .  71 
 797 ,  38 .  14 
 803 ,  38 .   0 
 802 ,  38 .  14 
 798 ,  37 .  71 
 799 ,  37 .  85 
 805 ,  37 .  85 
 801 ,  35 .  68 
 800 ,  37 .  56 
 803 ,  37 .  42 
 804 ,  36 .  84 
 803 ,  36 .  98 
 798 ,  38 .  72 
 797 ,  37 .  85 
 804 ,  37 .  85 
 801 ,  36 .  98 
 799 ,  37 .  71 
 804 ,  36 .  98 
 803 ,  36 .  98 
 804 ,  37 .  71 
 804 ,  35 .  82 
 803 ,  37 .  42 
 804 ,  36 .  98 
 801 ,  37 .  71 
 798 ,  38 .  58 
 801 ,  35 .  82 
 805 ,  37 .  56 
 800 ,  37 .  42 
 798 ,  37 .  71 
 801 ,  37 .  42 
 800 ,  36 .  84 
 801 ,  37 .  71 
 799 ,  38 .  14 
 802 ,  37 .  56 
 806 ,  38 .   0 
 802 ,  38 .   0 
 802 ,  37 .  42 
 803 ,  37 .  56 
 807 ,  36 .  55 
 800 ,  36 .  98 
 798 ,  36 .  98 
 802 ,  38 .  14 
 805 ,  36 .  84 
 801 ,  38 .   0 
 797 ,  36 .  98 
 802 ,  37 .  56 
 803 ,  36 .  98 
 801 ,  37 .  42 
 796 ,  36 .  98 
 804 ,  37 .  56 
 808 ,  38 .  58 
 802 ,  36 .  55 
 797 ,  36 .  98 
 800 ,  38 .   0 
 804 ,  38 .  72 
 801 ,  36 .  55 
 801 ,  36 .  84 
 802 ,  36 .  84 
 804 ,  37 .  42 
 803 ,  38 .  14 
 797 ,  36 .  98 
 801 ,  36 .  98 
 808 ,  38 .   0 
 802 ,  38 .  58 
 788 ,  38 .  87 
 802 ,  36 .  98 
 804 ,  37 .  56 
 801 ,  36 .  84 
 801 ,  37 .  42 
 801 ,  36 .  98 
 805 ,  38 .  14 
 801 ,  37 .  27 
 800 ,  38 .   0 
 804 ,  38 .  72 
 808 ,  38 .  87 
 803 ,  36 .  98 
 796 ,  36 .  40 
 801 ,  36 .  55 
 808 ,  35 .  82 
 802 ,  36 .  98 
 799 ,  37 .  42 
 809 ,  35 .  82 
 804 ,  35 .  82 
 797 ,  35 .  82 
 798 ,  38 .  14 
 805 ,  36 .  98 
 802 ,  37 .  56 
 799 ,  37 .  71 
 802 ,  36 .  98 
 805 ,  36 .  84 
 804 ,  38 .   0 
 801 ,  36 .  98 
 800 ,  37 .  71 
 802 ,  38 .   0 
 804 ,  37 .  56 
 792 ,  38 .   0 
 797 ,  36 .  40 
 802 ,  37 .  56 
 802 ,  37 .  56 
 793 ,  38 .   0 
 796 ,  36 .  98 
 800 ,  36 .  98 
 805 ,  37 .  85 
 796 ,  35 .  68 
 799 ,  36 .  98 
 809 ,  36 .  84 
 803 ,  38 .   0 
 798 ,  38 .   0 
 800 ,  39 .  16 
 802 ,  38 .  14 
 806 ,  36 .  98 
 799 ,  38 .  58 
 804 ,  36 .  84 
 801 ,  36 .  98 
 806 ,  38 .   0 
 800 ,  38 .  58 
 796 ,  35 .  82 
 798 ,  38 .  14 
 804 ,  36 .  98 
 801 ,  35 .  82 
 793 ,  36 .  98 
 803 ,  36 .  98 
 799 ,  36 .  55 
 798 ,  35 .  82 
 800 ,  38 .  14 
 801 ,  36 .  40 
 801 ,  36 .  55 
 796 ,  36 .  69 
 798 ,  37 .  71 
 799 ,  36 .  98 
 796 ,  35 .  68 
 795 ,  35 .  82 
 798 ,  35 .  68 
 799 ,  36 .  98 
 799 ,  35 .  82 
 796 ,  33 .  94 
 797 ,  34 .  66 
 802 ,  35 .  82 
 802 ,  35 .  97 
 798 ,  35 .  39 
 796 ,  33 .  36 
 801 ,  35 .  39 
 800 ,  37 .  56 
 798 ,  32 .  78 
 800 ,  33 .  50 
 802 ,  35 .  53 
 802 ,  38 .  14 
 795 ,  31 .  18 
 797 ,  35 .  24 
 801 ,  32 .  34 
 801 ,  36 .  98 
 799 ,  30 .   2 
 802 ,  32 .  34 
 804 ,  32 .  92 
 802 ,  37 .  71 
 798 ,  32 .  78 
 800 ,  35 .  10 
 804 ,  33 .   7 
 804 ,  38 .  14 
 798 ,  31 .  76 
 799 ,  31 .  62 
 800 ,  35 .  82 
 803 ,  36 .  98 
 799 ,  38 .  58 
 797 ,  32 .  20 
 804 ,  35 .  10 
 802 ,  31 .  91 
 804 ,  32 .  34 
 802 ,  29 .  88 
 802 ,  32 .  78 
 806 ,  30 .   2 
 797 ,  31 .  76 
 802 ,  34 .  81 
 805 ,  36 .  98 
 803 ,  35 .  82 
 797 ,  30 .  46 
 797 ,  33 .  50 
 804 ,  30 .  46 
 803 ,  36 .  98 
 796 ,  29 .  88 
 802 ,  31 .   4 
 805 ,  29 .  44 
 802 ,  37 .  71 
 800 ,  27 .  70 
 800 ,  32 .  78 
 802 ,  31 .  18 
 802 ,  38 .   0 
 800 ,  31 .  33 
 799 ,  38 .   0 
 804 ,  30 .   2 
 802 ,  38 .   0 
 802 ,  31 .  62 
 798 ,  27 .  56 
 806 ,  28 .  72 
 803 ,  37 .  71 
 799 ,  28 .  86 
 802 ,  28 .  72 
 806 ,  33 .  50 
 806 ,  36 .  84 
 798 ,  30 .  75 
 802 ,  30 .   2 
 808 ,  38 .  29 
 806 ,  30 .  75 
 798 ,  29 .  88 
 803 ,  30 .  46 
 807 ,  29 .  88 
 806 ,  37 .  56 
 802 ,  29 .  59 
 802 ,  30 .   2 
 808 ,  29 .  44 
 803 ,  38 .   0 
 798 ,  29 .  59 
 804 ,  30 .   2 
 804 ,  30 .  46 
 805 ,  30 .  60 
 800 ,  27 .  70 
 806 ,  30 .  60 
 810 ,  30 .  46 
 803 ,  31 .  18 
 800 ,  31 .  18 
 802 ,  31 .  76 
 808 ,  30 .  60 
 803 ,  36 .  40 
 799 ,  30 .  17 
 804 ,  30 .  46 
 803 ,  28 .  43 
 804 ,  36 .  98 
 802 ,  29 .  88 
 804 ,  31 .  76 
 808 ,  31 .  18 
 804 ,  38 .   0 
 800 ,  31 .  62 
 803 ,  32 .  34 
 808 ,  31 .  18 
 806 ,  31 .  18 
 802 ,  37 .  56 
 807 ,  33 .  36 
 808 ,  33 .  50 
 805 ,  31 .  91 
 799 ,  33 .  36 
 807 ,  33 .  94 
 805 ,  34 .  52 
 801 ,  37 .  71 
 801 ,  33 .  36 
 805 ,  32 .  92 
 808 ,  34 .  81 
 802 ,  37 .  42 
 802 ,  34 .  23 
 805 ,  33 .  36 
 806 ,  33 .  36 
 802 ,  38 .  58 
 800 ,  34 .  81 
 802 ,  34 .  66 
 806 ,  34 .  37 
 799 ,  36 .  40 
 801 ,  35 .  10 
 804 ,  33 .  50 
 808 ,  35 .  24 
 803 ,  32 .  34 
 799 ,  34 .  66 
 806 ,  34 .  81 
 806 ,  34 .  52 
 802 ,  37 .  71 
 802 ,  35 .  68 
 805 ,  35 .  39 
 807 ,  35 .  24 
 804 ,  36 .  26 
 801 ,  34 .  81 
 802 ,  34 .  66 
 805 ,  36 .  98 
 802 ,  34 .  23 
 799 ,  32 .  20 
 804 ,  34 .  23 
 806 ,  35 .  39 
 806 ,  36 .  40 
 802 ,  36 .  26 
 803 ,  36 .  55 
 807 ,  35 .  68 
 801 ,  34 .  81 
 804 ,  35 .  68 
 802 ,  34 .  37 
 807 ,  36 .  98 
 803 ,  36 .  98 
 801 ,  35 .  68 
 807 ,  35 .  82 
 804 ,  35 .  82 
 802 ,  34 .  95 
 799 ,  36 .  55 
 803 ,  35 .  10 
 802 ,  36 .  98 
 800 ,  35 .  82 
 800 ,  37 .  56 
 806 ,  36 .  84 
 808 ,  36 .  84 
 803 ,  36 .  98 
 800 ,  36 .  98 
 803 ,  36 .  26 
 804 ,  35 .  82 
 801 ,  36 .  26 
 799 ,  36 .  40 
 808 ,  36 .  98 
 808 ,  36 .  84 
 804 ,  36 .  40 
 802 ,  36 .  84 
 803 ,  36 .  40 
 803 ,  36 .  98 
 802 ,  36 .  26 
 798 ,  36 .  98 
 803 ,  36 .  98 
 804 ,  36 .  98 
 797 ,  36 .  69 
 798 ,  36 .  98 
 806 ,  36 .  98 
 804 ,  36 .  84 
 802 ,  36 .  98 
 796 ,  36 .  84 
 802 ,  35 .  82 
 802 ,  36 .  84 
 802 ,  36 .  40 
 802 ,  37 .  71 
 802 ,  36 .  98 
 802 ,  36 .  40 
 800 ,  37 .  71 
 800 ,  36 .  55 
 805 ,  35 .  82 
 803 ,  36 .  98 
 800 ,  31 .  91 
 800 ,  36 .  98 
 801 ,  36 .  84 
 805 ,  36 .  40 
 800 ,  36 .  98 
 801 ,  37 .  56 
 806 ,  36 .  98 
 801 ,  36 .  40 
 802 ,  37 .  42 
 802 ,  36 .  84 
 804 ,  35 .  82 
 806 ,  36 .  84 
 802 ,  36 .  26 
 800 ,  36 .  98 
 806 ,  36 .  98 
 801 ,  36 .  84 
 799 ,  38 .   0 
 798 ,  36 .  98 
 802 ,  38 .  14 
 804 ,  38 .  14 
 800 ,  36 .  98 
 803 ,  36 .  84 
 803 ,  37 .  71 
 806 ,  36 .  98 
 796 ,  37 .  56 
 799 ,  37 .  71 
 802 ,  35 .  82 
 801 ,  37 .  85 
 798 ,  36 .  55 
 801 ,  36 .  40 
 806 ,  36 .  55 
 803 ,  36 .  69 
 798 ,  36 .  55 
 798 ,  36 .  98 
 804 ,  36 .  98 
 803 ,  36 .  40 
 798 ,  36 .  98 
 802 ,  36 .  84 
 802 ,  35 .  82 
 804 ,  36 .  84 
 800 ,  36 .  98 
 799 ,  36 .  40 
 802 ,  37 .  42 
 801 ,  38 .  14 
 794 ,  36 .  26 
 799 ,  37 .  71 
 806 ,  36 .  84 
 802 ,  36 .  40 
 802 ,  38 .   0 
 802 ,  38 .  87 
 806 ,  36 .  84 
 806 ,  36 .  98 
 796 ,  36 .  98 
 801 ,  36 .  98 
 805 ,  36 .  40 
 804 ,  37 .  56 
 802 ,  37 .  71 
 802 ,  36 .  98 
 806 ,  36 .  98 
 804 ,  36 .  55 
 800 ,  38 .  14 
 802 ,  36 .  98 
 805 ,  36 .  84 
 803 ,  37 .  42 
 802 ,  36 .  98 
 804 ,  36 .  98 
 805 ,  36 .  98 
 800 ,  36 .  40 
 801 ,  36 .  40 
 802 ,  35 .  68 
 806 ,  37 .  42 
 807 ,  35 .  82 
 803 ,  37 .  71 
 804 ,  36 .  98 
 808 ,  38 .  14 
 806 ,  37 .  42 
 800 ,  36 .  84 
 805 ,  36 .  40 
 803 ,  36 .  55 
 806 ,  36 .  84 
 800 ,  36 .  84 
 802 ,  36 .  98 
 805 ,  37 .  56 
 804 ,  37 .  56 
 802 ,  37 .  71 
 806 ,  38 .   0 
 808 ,  36 .  84 
 808 ,  38 .  14 
 800 ,  37 .  71 
 803 ,  29 .  59 
 805 ,  37 .  56 
 801 ,  36 .  98 
 800 ,  37 .  85 
 801 ,  38 .  14 
 811 ,  36 .  98 
 804 ,  37 .  42 
 802 ,  36 .  40 
 803 ,  38 .   0 
 806 ,  37 .  71 
 806 ,  37 .  56 
 803 ,  36 .  98 
 810 ,  37 .  42 
 807 ,  37 .  42 
 802 ,  36 .  55 
 801 ,  36 .  98 
 801 ,  36 .  98 
 807 ,  36 .  55 
 803 ,  35 .  82 
 800 ,  36 .  55 
 802 ,  36 .  98 
 804 ,  37 .  42 
 799 ,  36 .  69 
 800 ,  38 .  87 
 806 ,  36 .  84 
 806 ,  36 .  84 
 804 ,  36 .  84 
 800 ,  36 .  98 
 802 ,  36 .  40 
 806 ,  37 .  71 
 806 ,  36 .  26 
 800 ,  36 .  84 
 802 ,  34 .  66 
 803 ,  36 .  84 
 803 ,  36 .  98 
 800 ,  37 .  42 
 800 ,  40 .  90 
 802 ,  35 .  82 
 801 ,  37 .  71 
 799 ,  36 .  98 
 802 ,  38 .  87 
 807 ,  36 .  98 
 803 ,  37 .  42 
 799 ,  38 .   0 
 801 ,  36 .  40 
 801 ,  37 .  56 
 800 ,  36 .  98 
 797 ,  35 .  68 
 803 ,  37 .  71 
 806 ,  37 .  42 
 801 ,  36 .  84 
 798 ,  35 .  82 
 803 ,  36 .  98 
 803 ,  36 .  98 
 803 ,  38 .   0 
 798 ,  38 .   0 
 801 ,  37 .  56 
 805 ,  36 .  69 
 800 ,  35 .  82 
 797 ,  37 .  56 
 802 ,  38 .  14 
 804 ,  37 .  71 
 801 ,  37 .  71 
 799 ,  36 .  55 
 801 ,  37 .  56 
 804 ,  36 .  98 
 799 ,  38 .  14 
 802 ,  38 .   0 
 804 ,  36 .  98 
 806 ,  36 .  98 
 801 ,  36 .  98 
 801 ,  36 .  69 
 801 ,  36 .  26 
 801 ,  36 .  98 
 804 ,  36 .  98 
 798 ,  36 .  69 
 801 ,  36 .  84 
 801 ,  36 .  40 
 804 ,  36 .  84 
 802 ,  36 .  84 
 802 ,  35 .  82 
 804 ,  36 .  98 
 804 ,  36 .  40 
 802 ,  37 .  42 
 806 ,  36 .  40 
 805 ,  35 .  82 
 803 ,  39 .  16 
 801 ,  36 .  84 
 803 ,  36 .  98 
 808 ,  37 .  71 
 802 ,  38 .   0 
 800 ,  38 .  14 
 804 ,  37 .  71 
 805 ,  37 .  42 
 800 ,  36 .  98 
 801 ,  36 .  98 
 802 ,  39 .  30 
 805 ,  36 .  84 
 801 ,  36 .  98 
 802 ,  35 .  97 
 802 ,  37 .  71 
 806 ,  36 .  98 
 798 ,  36 .  98 
 798 ,  38 .  14 
 804 ,  36 .  84 
 805 ,  36 .  55 
 798 ,  37 .  56 
 800 ,  37 .  56 
 806 ,  39 .  16 
 804 ,  37 .  71 
 802 ,  38 .  72 
 801 ,  36 .  98 
 802 ,  36 .  98 
 804 ,  36 .  98 
 799 ,  36 .  84 
 800 ,  38 .   0 
 802 ,  37 .  56 
 806 ,  37 .  71 
 800 ,  38 .  87 
 802 ,  36 .  84 
 804 ,  37 .  71 
 806 ,  36 .  98 
 804 ,  36 .  98 
 799 ,  36 .  98 
 801 ,  35 .  82 
 803 ,  36 .  98 
 797 ,  37 .  56 
 802 ,  38 .   0 
 806 ,  36 .  98 
 804 ,  36 .  40 
 802 ,  36 .  84 
 800 ,  36 .  98 
 803 ,  36 .  69 
 802 ,  36 .  98 
 797 ,  36 .  84 
 800 ,  36 .  84 
 801 ,  36 .  40 
 806 ,  37 .  56 
 799 ,  37 .  42 
 800 ,  35 .  82 
 805 ,  36 .  40 
 802 ,  36 .  98 
 797 ,  36 .  98 
 801 ,  36 .  98 
 803 ,  36 .  69 
 801 ,  37 .  56 
 799 ,  36 .  98 
 800 ,  36 .  40 
 808 ,  37 .  71 
 803 ,  38 .   0 
 800 ,  38 .  87 
 802 ,  36 .  55 
 801 ,  36 .  98 
 806 ,  36 .  98 
 799 ,  36 .  40 
 800 ,  35 .  82 
 801 ,  36 .  98 
 804 ,  38 .   0 
 800 ,  38 .  14 
 800 ,  36 .  98 
 803 ,  37 .  42 
 800 ,  37 .  85 
 801 ,  35 .  82 
 800 ,  36 .  84 
 805 ,  36 .  84 
 802 ,  35 .  82 
 799 ,  36 .  55 
 799 ,  36 .  69 
 802 ,  37 .  85 
 802 ,  38 .   0 
 800 ,  36 .  84 
 800 ,  38 .   0 
 806 ,  36 .  98 
 805 ,  36 .  40 
 800 ,  36 .  84 
 802 ,  38 .  58 
 804 ,  36 .  98 
 806 ,  36 .  98 
 800 ,  36 .  98 
 801 ,  36 .  98 
 804 ,  35 .  82 
 803 ,  36 .  40 
 799 ,  35 .  82 
 800 ,  36 .  84 
 806 ,  36 .  98 
 804 ,  36 .  40 
 798 ,  36 .  98 
 802 ,  38 .   0 
 804 ,  38 .  14 
 802 ,  37 .  71 
 800 ,  38 .   0 
 802 ,  38 .   0 
 804 ,  36 .  98 
 802 ,  36 .  40 
 802 ,  36 .  84 
 802 ,  38 .   0 
 808 ,  37 .  71 
 806 ,  36 .  98 
 797 ,  36 .  40 
 803 ,  36 .  26 
 805 ,  36 .  26 
 802 ,  36 .  98 
 802 ,  36 .  98 
 802 ,  36 .  40 
 806 ,  37 .  42 
 803 ,  35 .  39 
 797 ,  36 .  84 
 803 ,  36 .  84 
 805 ,  35 .  82 
 803 ,  36 .  84 
 799 ,  36 .  98 
 803 ,  37 .  56 
 806 ,  35 .  68 
 806 ,  36 .  98 
 796 ,  38 .  14 
 803 ,  37 .  71 
 805 ,  38 .  14 
 804 ,  36 .  98 
 799 ,  38 .   0 
 799 ,  36 .  55 
 808 ,  37 .  42 
 803 ,  37 .  71 
 802 ,  37 .  42 
 802 ,  38 .   0 
 805 ,  36 .  98 
 802 ,  37 .  71 
 800 ,  38 .   0 
 802 ,  38 .   0 
 806 ,  36 .  11 
 804 ,  36 .  98 
 800 ,  38 .   0 
 803 ,  37 .  71 
 808 ,  37 .  42 
 803 ,  36 .  55 
 799 ,  35 .  82 
 803 ,  36 .  98 
 803 ,  36 .  98 
 802 ,  36 .  98 
 800 ,  37 .  71 
 802 ,  37 .  71 
 804 ,  37 .  85 
 802 ,  36 .  98 
 798 ,  36 .  84 
 803 ,  36 .  98 
 806 ,  36 .  98 
 801 ,  36 .  55 
 799 ,  36 .  98 
 802 ,  36 .  26 
 805 ,  36 .  40 
 806 ,  36 .  84 
 802 ,  37 .  71 
 802 ,  38 .   0 
 806 ,  36 .  98 
 802 ,  35 .  24 
 799 ,  36 .  40 
 802 ,  36 .  84 
 808 ,  38 .  58 
 804 ,  36 .  55 
 800 ,  38 .  14 
 801 ,  36 .  69 
 803 ,  36 .  26 
 802 ,  37 .  56 
 802 ,  37 .  42 
 804 ,  37 .  42 
 803 ,  36 .  84 
 801 ,  36 .  40 
 797 ,  36 .  98 
 801 ,  36 .  55 
 808 ,  36 .  26 
 803 ,  35 .  10 
 800 ,  36 .  98 
 805 ,  36 .  98 
 805 ,  36 .  84 
 801 ,  35 .  24 
 800 ,  36 .  40 
 803 ,  36 .  84 
 805 ,  35 .  82 
 804 ,  36 .  98 
 801 ,  38 .  14 
 804 ,  37 .  56 
 806 ,  36 .  98 
 799 ,  35 .  82 
 801 ,  38 .  14 
 802 ,  35 .  82 
 808 ,  36 .  84 
 806 ,  36 .  55 
 800 ,  36 .  84 
 801 ,  36 .  55 
 804 ,  36 .  98 
 801 ,  36 .  40 
 801 ,  36 .  98 
 804 ,  36 .  98 
 806 ,  36 .  98 
 802 ,  36 .  98 
 797 ,  36 .  84 
 803 ,  36 .  98 
 802 ,  36 .  98 
 801 ,  36 .  69 
 799 ,  37 .  42 
 804 ,  37 .  71 
 808 ,  36 .  98 
 802 ,  36 .  26 
 802 ,  36 .  84 
 806 ,  36 .  98 
 804 ,  36 .  40 
 802 ,  37 .  56 
 802 ,  36 .  55 
 805 ,  36 .  98 
 806 ,  37 .  71 
 802 ,  39 .  30 
 797 ,  36 .  98 
 807 ,  36 .  40 
 804 ,  36 .  98 
 801 ,  36 .  69 
 801 ,  35 .  82 
 804 ,  35 .  82 
 804 ,  36 .  98 
 804 ,  35 .  68 
 801 ,  36 .  98 
 801 ,  37 .  56 
 804 ,  37 .  85 
 800 ,  36 .  55 
 800 ,  36 .  84 
 804 ,  35 .  82 
 805 ,  36 .  26 
 801 ,  36 .  98 
 801 ,  35 .  68 
 803 ,  36 .  84 
 805 ,  38 .  14 
 800 ,  35 .  24 
 799 ,  36 .  26 
 803 ,  36 .  98 
 803 ,  36 .  55 
 802 ,  37 .  56 
 802 ,  37 .  42 
 805 ,  35 .  82 
 805 ,  36 .  55 
 798 ,  35 .  68 
 800 ,  38 .  14 
 808 ,  36 .  84 
 806 ,  36 .  98 
 800 ,  36 .  84 
 802 ,  37 .  56 
 808 ,  36 .  98 
 806 ,  36 .  84 
 803 ,  36 .  40 
 802 ,  36 .  98 
 806 ,  36 .  84 
 805 ,  36 .  98 
 801 ,  36 .  84 
 799 ,  36 .  98 
 805 ,  36 .  98 
 803 ,  35 .  82 
 799 ,  36 .  84 
 802 ,  37 .  56 
 804 ,  36 .  98 
 801 ,  35 .  10 
 800 ,  35 .  82 
 800 ,  36 .  40 
 808 ,  37 .  56 
 805 ,  35 .  82 
 801 ,  35 .  82 
 801 ,  36 .  55 
 804 ,  36 .  69 
 804 ,  36 .  26 
 799 ,  37 .  56 
 802 ,  36 .  98 
 807 ,  37 .  56 
 806 ,  36 .  55 
 799 ,  34 .  52 
 804 ,  36 .  98 
 808 ,  36 .  11 
 804 ,  36 .  40 
 803 ,  35 .  82 
 806 ,  36 .  98 
 805 ,  35 .  82 
 801 ,  37 .  56 
 802 ,  37 .  56 
 806 ,  36 .  84 
 808 ,  36 .  55 
 805 ,  35 .  82 
 801 ,  36 .  26 
 803 ,  35 .  10 
 804 ,  36 .  98 
 807 ,  35 .  82 
 801 ,  38 .   0 
 797 ,  35 .  82 
 808 ,  35 .  10 
 804 ,  36 .  98 
 800 ,  36 .  98 
 806 ,  36 .  40 
 806 ,  36 .  26 
 805 ,  36 .  26 
 800 ,  34 .  52 
 802 ,  37 .  42 
 806 ,  37 .  56 
 806 ,  36 .  26 
 808 ,  38 .  14 
 807 ,  36 .  98 
 808 ,  37 .  42 
 809 ,  36 .  26 
 803 ,  36 .  84 
 805 ,  36 .  55 
 806 ,  35 .  82 
 806 ,  35 .  39 
 804 ,  36 .  98 
 807 ,  36 .  55 
 807 ,  36 .  98 
 806 ,  36 .  55 
 799 ,  36 .  40 
 802 ,  36 .  98 
 808 ,  36 .  40 
 806 ,  36 .  98 
 800 ,  35 .  68 
 806 ,  38 .   0 
 810 ,  36 .  26 
 807 ,  36 .  98 
 800 ,  36 .  40 
 804 ,  36 .  55 
 805 ,  36 .  98 
 802 ,  36 .  55 
 801 ,  36 .  84 
 803 ,  35 .  68 
 805 ,  36 .  69 
 801 ,  36 .  40 
 802 ,  36 .  26 
 804 ,  35 .  10 
 810 ,  36 .  84 
 808 ,  36 .  98 
 802 ,  36 .  98 
 803 ,  36 .  26 
 807 ,  35 .  82 
 805 ,  36 .  40 
 802 ,  36 .  98 
 804 ,  36 .  55 
 809 ,  36 .  98 
 805 ,  36 .  84 
 804 ,  36 .  84 
 804 ,  35 .  53 
 807 ,  36 .  84 
 805 ,  36 .  26 
 803 ,  35 .  68 
 806 ,  35 .  82 
 808 ,  36 .  98 
 805 ,  35 .  82 
 801 ,  35 .  82 
 807 ,  37 .  56 
 808 ,  36 .  84 
 804 ,  36 .  84 
 804 ,  36 .  98 
 807 ,  35 .  82 
 807 ,  35 .  68 
 808 ,  36 .  40 
 806 ,  36 .  55 
 807 ,  35 .  82 
 808 ,  36 .  98 
 808 ,  36 .  84 
 802 ,  38 .   0 
 806 ,  36 .  55 
 809 ,  35 .  82 
 805 ,  36 .  84 
 804 ,  36 .  40 
 807 ,  35 .  82 
 805 ,  36 .  40 
 805 ,  35 .  82 
 799 ,  34 .  95 
 806 ,  36 .  40 
 808 ,  36 .  98 
 803 ,  36 .  40 
 806 ,  36 .  98 
 810 ,  36 .  84 
 812 ,  36 .  84 
 808 ,  35 .  68 
 804 ,  36 .  84 
 806 ,  36 .  98 
 808 ,  36 .  84 
 804 ,  36 .  26 
 806 ,  36 .  84 
 809 ,  36 .  98 
 808 ,  36 .  98 
 804 ,  35 .  82 
 803 ,  36 .  84 
 805 ,  36 .  98 
 809 ,  36 .  69 
 804 ,  36 .  84 
 803 ,  34 .   8 
 808 ,  36 .  84 
 809 ,  36 .  26 
 799 ,  36 .  98 
 805 ,  36 .  98 
 810 ,  37 .  42 
 808 ,  36 .  84 
 805 ,  36 .  98 
 808 ,  36 .  98 
 808 ,  36 .  98 
 807 ,  36 .  55 
 804 ,  36 .  84 
 804 ,  36 .  98 
 809 ,  36 .  40 
 809 ,  35 .  82 
 804 ,  36 .  40 
 806 ,  39 .  74 
 807 ,  36 .  40 
 807 ,  36 .  26 
 803 ,  36 .  98 
 805 ,  36 .  26 
 807 ,  35 .  68 
 809 ,  35 .  82 
 804 ,  36 .  98 
 804 ,  36 .  69 
 808 ,  37 .  85 
 810 ,  36 .  55 
 802 ,  36 .  40 
 803 ,  36 .  40 
 810 ,  36 .  55 
 809 ,  36 .  84 
 805 ,  36 .  40 
 803 ,  35 .  82 
 808 ,  38 .  14 
 806 ,  36 .  55 
 802 ,  36 .  26 
 802 ,  36 .  26 
 806 ,  36 .  40 
 808 ,  34 .  23 
 804 ,  36 .  55 
 805 ,  35 .  82 
 809 ,  37 .  71 
 809 ,  36 .  55 
 804 ,  37 .  56 
 807 ,  36 .  84 
 811 ,  36 .  40 
 808 ,  36 .  69 
 805 ,  35 .  82 
 804 ,  35 .  82 
 811 ,  36 .  26 
 808 ,  37 .  56 
 805 ,  36 .  98 
 805 ,  36 .  55 
 805 ,  36 .  98 
 815 ,  36 .  84 
 801 ,  36 .  98 
 806 ,  36 .  98 
 811 ,  36 .  40 
 808 ,  37 .  42 
 804 ,  36 .  84 
 807 ,  35 .  82 
 807 ,  36 .  98 
 810 ,  37 .  71 
 803 ,  36 .  84 
 806 ,  38 .   0 
 808 ,  37 .  71 
 808 ,  37 .  71 
 802 ,  36 .  55 
 805 ,  36 .  55 
 808 ,  36 .  98 
 807 ,  37 .  42 
 802 ,  36 .  98 
 803 ,  36 .  84 
 809 ,  36 .  55 
 809 ,  35 .  82 
 805 ,  36 .  84 
 805 ,  36 .  98 
 808 ,  36 .  98 
 808 ,  37 .  71 
 806 ,  36 .  98 
 810 ,  36 .  26 
 810 ,  38 .   0 
 808 ,  36 .  98 
 805 ,  35 .  97 
 804 ,  37 .  71 
 811 ,  35 .  82 
 807 ,  38 .  14 
 810 ,  36 .  40 
 810 ,  37 .  42 
 812 ,  36 .  26 
 805 ,  36 .  98 
 803 ,  36 .  84 
 808 ,  38 .   0 
 810 ,  40 .  46 
 807 ,  37 .  42 
 803 ,  36 .  84 
 809 ,  35 .  82 
 808 ,  38 .   0 
 808 ,  36 .  40 
 801 ,  36 .  84 
 807 ,  36 .  40 
 809 ,  36 .  84 
 808 ,  37 .  42 
 806 ,  35 .  82 
 808 ,  36 .  84 
 810 ,  36 .  98 
 808 ,  36 .  26 
 805 ,  36 .  98 
 807 ,  36 .  26 
 809 ,  36 .  40 
 808 ,  36 .  40 
 806 ,  36 .  98 
 808 ,  36 .  84 
 810 ,  36 .  98 
 805 ,  36 .  69 
 806 ,  36 .  84 
 808 ,  36 .  84 
 810 ,  36 .  84 
 809 ,  35 .  82 
 804 ,  35 .  24 
 807 ,  36 .  40 
 814 ,  36 .  98 
 805 ,  35 .  39 
 806 ,  36 .  40 
 808 ,  36 .  98 
 812 ,  37 .  42 
 808 ,  37 .  71 
 806 ,  36 .  55 
 805 ,  35 .  24 
 811 ,  36 .  84 
 808 ,  37 .  71 
 802 ,  36 .  55 
 808 ,  36 .  84 
 808 ,  36 .  84 
 807 ,  36 .  84 
 807 ,  36 .  55 
 805 ,  35 .  10 
 809 ,  36 .  98 
 806 ,  35 .  82 
 801 ,  36 .  55 
 809 ,  39 .   1 
 810 ,  37 .  42 
 808 ,  37 .  71 
 802 ,  37 .  71 
 810 ,  35 .  53 
 810 ,  36 .  98 
 808 ,  36 .  40 
 804 ,  36 .  55 
 807 ,  36 .  84 
 809 ,  35 .  39 
 805 ,  36 .  98 
 805 ,  35 .  97 
 809 ,  36 .  55 
 809 ,  36 .  98 
 807 ,  36 .  55 
 802 ,  36 .  98 
 807 ,  36 .  84 
 812 ,  36 .  98 
 806 ,  36 .  69 
 804 ,  35 .  68 
 805 ,  36 .  69 
 809 ,  36 .  98 
 806 ,  35 .  82 
 804 ,  36 .  84 
 806 ,  36 .  55 
 809 ,  36 .  84 
 804 ,  37 .  56 
 804 ,  36 .  40 
 808 ,  37 .  71 
 810 ,  36 .  98 
 808 ,  37 .  56 
 804 ,  37 .  71 
 810 ,  36 .  55 
 810 ,  36 .  55 
 806 ,  36 .  26 
 803 ,  36 .  55 
 809 ,  34 .  81 
 812 ,  36 .  84 
 808 ,  35 .  82 
 805 ,  35 .  82 
 808 ,  36 .  98 
 812 ,  36 .  84 
 807 ,  36 .  55 
 801 ,  35 .  82 
 811 ,  36 .  98 
 810 ,  36 .  55 
 806 ,  35 .  82 
 803 ,  36 .  84 
 806 ,  35 .  82 
 811 ,  36 .  98 
 807 ,  36 .  26 
 805 ,  35 .  82 
 807 ,  36 .  98 
 810 ,  36 .  84 
 808 ,  36 .  55 
 802 ,  36 .  40 
 807 ,  35 .  82 
 808 ,  36 .  98 
 807 ,  36 .  84 
 804 ,  36 .  98 
 810 ,  36 .  55 
 811 ,  38 .  14 
 805 ,  36 .  98 
 806 ,  36 .  84 
 809 ,  36 .  26 
 811 ,  35 .  39 
 807 ,  36 .  26 
 809 ,  37 .  27 
 811 ,  35 .  82 
 806 ,  36 .  98 
 805 ,  35 .  24 
 807 ,  36 .  69 
 809 ,  35 .  39 
 811 ,  36 .  40 
 806 ,  36 .  26 
 808 ,  36 .  26 
 810 ,  36 .  40 
 814 ,  36 .  98 
 808 ,  36 .  98 
 805 ,  36 .  40 
 808 ,  36 .  40 
 806 ,  36 .  55 
 805 ,  36 .  84 
 807 ,  36 .  40 
 810 ,  36 .  98 
 812 ,  37 .  85 
 804 ,  36 .  98 
 810 ,  36 .  98 
 808 ,  36 .  26 
 810 ,  36 .  84 
 806 ,  39 .  74 
 806 ,  38 .   0 
 810 ,  35 .  68 
 809 ,  35 .  68 
 806 ,  36 .  40 
 805 ,  36 .  84 
 809 ,  34 .  81 
 811 ,  35 .  82 
 804 ,  36 .  69 
 804 ,  36 .  55 
 810 ,  36 .  40 
 810 ,  38 .  87 
 808 ,  36 .  98 
 806 ,  36 .  40 
 810 ,  36 .  98 
 810 ,  36 .  40 
 806 ,  35 .  39 
 807 ,  36 .  55 
 807 ,  36 .  69 
 811 ,  36 .  84 
 805 ,  35 .  68 
 806 ,  35 .  68 
 811 ,  36 .  84 
 808 ,  36 .  84 
 808 ,  35 .  82 
 806 ,  36 .  98 
 810 ,  36 .  40 
 808 ,  37 .  42 
 803 ,  36 .  98 
 808 ,  36 .  98 
 809 ,  36 .  84 
 810 ,  36 .  98 
 801 ,  36 .  26 
 805 ,  36 .  40 
 808 ,  36 .  98 
 808 ,  36 .  98 
 804 ,  35 .  82 
 806 ,  36 .  84 
 809 ,  36 .  55 
 807 ,  35 .  82 
 804 ,  36 .  98 
 806 ,  36 .  40 
 809 ,  36 .  98 
 808 ,  36 .  84 
 805 ,  35 .  53 
 807 ,  35 .  68 
 813 ,  36 .  69 
 810 ,  36 .  98 
 805 ,  35 .  82 
 807 ,  35 .  68 
 812 ,  36 .  40 
 810 ,  38 .   0 
 806 ,  36 .  98 
 808 ,  36 .  26 
 810 ,  36 .  84 
 810 ,  36 .  98 
 802 ,  36 .  98 
 806 ,  35 .  68 
 812 ,  36 .  40 
 810 ,  36 .  40 
 806 ,  36 .  98 
 810 ,  36 .  40 
 810 ,  36 .  55 
 811 ,  35 .  68 
 808 ,  36 .  40 
 806 ,  36 .  26 
 809 ,  37 .  56 
 807 ,  36 .  98 
 802 ,  35 .  10 
 808 ,  36 .  40 
 812 ,  35 .  82 
 810 ,  36 .  98 
 806 ,  36 .  40 
 810 ,  37 .  42 
 812 ,  36 .  69 
 807 ,  36 .  98 
 804 ,  36 .  55 
 807 ,  36 .  98 
 813 ,  36 .  26 
 809 ,  36 .  98 
 810 ,  37 .  42 
 808 ,  36 .  98 
 812 ,  36 .  98 
 810 ,  36 .  98 
 804 ,  35 .  53 
 807 ,  35 .  82 
 809 ,  35 .  82 
 809 ,  36 .  98 
 804 ,  36 .  55 
 807 ,  35 .  39 
 810 ,  36 .  98 
 805 ,  35 .  24 
 803 ,  36 .  55 
 807 ,  36 .  26 
 809 ,  36 .  40 
 811 ,  36 .  26 
 805 ,  35 .  82 
 808 ,  36 .  98 
 809 ,  36 .  40 
 808 ,  36 .  84 
 808 ,  35 .  10 
 810 ,  38 .  58 
 811 ,  36 .  98 
 810 ,  38 .  14 
 803 ,  37 .  85 
 811 ,  35 .  82 
 810 ,  36 .  84 
 809 ,  35 .  68 
 806 ,  36 .  84 
 809 ,  36 .  84 
 814 ,  35 .  82 
 809 ,  35 .  68 
 804 ,  35 .  82 
 807 ,  35 .  82 
 809 ,  36 .  40 
 806 ,  36 .  84 
 808 ,  37 .  56 
 810 ,  35 .  97 
 814 ,  36 .  84 
 810 ,  36 .  26 
 806 ,  36 .  55 
 811 ,  36 .  69 
 809 ,  36 .  26 
 805 ,  35 .  82 
 804 ,  35 .  82 
 808 ,  33 .  94 
 810 ,  36 .  26 
 807 ,  36 .  55 
 800 ,  35 .  82 
 808 ,  36 .  84 
 807 ,  36 .  84 
 805 ,  35 .  68 
 806 ,  37 .  42 
 810 ,  35 .  82 
 808 ,  36 .  55 
 807 ,  36 .  26 
 805 ,  35 .  82 
 807 ,  36 .  26 
 813 ,  36 .  55 
 806 ,  35 .  82 
 805 ,  35 .  82 
 810 ,  35 .  39 
 809 ,  35 .  82 
 804 ,  36 .  55 
 804 ,  36 .  40 
 810 ,  36 .  98 
 811 ,  38 .   0 
 808 ,  36 .  98 
 804 ,  35 .  68 
 808 ,  36 .  40 
 811 ,  36 .  98 
 808 ,  36 .  40 
 804 ,  36 .  55 
 809 ,  35 .  82 
 809 ,  35 .  68 
 805 ,  36 .  84 
 804 ,  36 .  84 
 809 ,  35 .  24 
 811 ,  36 .  84 
 806 ,  36 .  26 
 807 ,  35 .  82 
 809 ,  35 .  82 
 812 ,  36 .  84 
 809 ,  36 .  55 
 809 ,  35 .  82 
 809 ,  35 .  82 
 810 ,  35 .  68 
 805 ,  35 .  68 
 806 ,  36 .  40 
 811 ,  36 .  55 
 813 ,  35 .  82 
 808 ,  36 .  40 
 806 ,  35 .  10 
 808 ,  35 .  53 
 809 ,  35 .  68 
 808 ,  35 .  82 
 808 ,  36 .  26 
 813 ,  35 .  82 
 810 ,  36 .  84 
 808 ,  35 .  24 
 807 ,  35 .  82 
 809 ,  36 .  40 
 808 ,  36 .  84 
 808 ,  36 .  40 
 806 ,  36 .  84 
 811 ,  36 .  84 
 811 ,  37 .  42 
 804 ,  36 .  40 
 807 ,  36 .  55 
 812 ,  36 .  98 
 809 ,  35 .  68 
 805 ,  36 .  98 
 807 ,  36 .  55 
 808 ,  35 .  82 
 808 ,  36 .  84 
 808 ,  36 .  40 
 806 ,  37 .  56 
 810 ,  36 .  84 
 810 ,  36 .  98 
 808 ,  36 .  26 
 808 ,  36 .  98 
 809 ,  35 .  24 
 807 ,  35 .  24 
 807 ,  36 .  40 
 803 ,  35 .  24 
 811 ,  35 .  68 
 810 ,  35 .  68 
 807 ,  35 .  82 
 804 ,  35 .  82 
 811 ,  36 .  40 
 810 ,  36 .  84 
 806 ,  36 .  84 
 806 ,  35 .  82 
 808 ,  36 .  98 
 809 ,  35 .  10 
 802 ,  36 .  26 
 810 ,  37 .  42 
 810 ,  35 .  82 
 811 ,  35 .  68 
 804 ,  35 .  82 
 805 ,  35 .  82 
 805 ,  36 .  40 
 806 ,  35 .  68 
 800 ,  36 .  84 
 808 ,  35 .  82 
 808 ,  35 .  82 
 808 ,  34 .  66 
 805 ,  36 .  26 
 806 ,  36 .  40 
 810 ,  36 .  84 
 810 ,  36 .  55 
 803 ,  36 .  55 
 807 ,  35 .  53 
 814 ,  36 .  40 
 809 ,  35 .  68 
 807 ,  36 .  26 
 806 ,  36 .  40 
 810 ,  36 .  55 
 809 ,  36 .  84 
 805 ,  35 .  82 
 809 ,  36 .  69 
 813 ,  36 .  55 
 805 ,  35 .  39 
 808 ,  36 .  26 
 808 ,  36 .  40 
 810 ,  36 .  26 
 808 ,  35 .  82 
 808 ,  35 .  82 
 808 ,  37 .  42 
 809 ,  35 .  10 
 809 ,  36 .  40 
 805 ,  35 .  82 
 807 ,  36 .  40 
 810 ,  36 .  84 
 808 ,  35 .  82 
 806 ,  36 .  84 
 805 ,  36 .  40 
 810 ,  36 .  55 
 809 ,  35 .  82 
 807 ,  35 .  82 
 805 ,  35 .  82 
 810 ,  35 .  53 
 809 ,  36 .  98 
 808 ,  36 .  40 
 807 ,  36 .  26 
 810 ,  36 .  84 
 810 ,  36 .  98 
 806 ,  36 .  55 
 806 ,  34 .  81 
 811 ,  35 .  39 
 805 ,  36 .  69 
 805 ,  35 .  82 
 806 ,  35 .  82 
 809 ,  35 .  53 
 805 ,  35 .  53 
 803 ,  36 .  98 
 807 ,  36 .  98 
 810 ,  36 .  55 
 809 ,  35 .  82 
 805 ,  36 .  26 
 807 ,  36 .  40 
 811 ,  36 .  84 
 807 ,  34 .  66 
 804 ,  36 .  26 
 804 ,  35 .  82 
 809 ,  36 .  40 
 808 ,  35 .  24 
 804 ,  36 .  98 
 806 ,  36 .  26 
 808 ,  35 .  82 
 804 ,  35 .  39 
 805 ,  35 .  68 
 806 ,  36 .  98 
 808 ,  36 .  40 
 806 ,  36 .  84 
 804 ,  35 .  82 
 810 ,  35 .  82 
 811 ,  35 .  68 
 810 ,  36 .  40 
 804 ,  36 .  69 
 806 ,  35 .  39 
 809 ,  34 .  52 
 808 ,  36 .  98 
 804 ,  35 .  68 
 808 ,  35 .  68 
 814 ,  36 .  84 
 808 ,  36 .  55 
 806 ,  34 .  52 
 806 ,  36 .  26 
 809 ,  35 .  82 
 804 ,  35 .  82 
 803 ,  35 .  82 
 807 ,  35 .  68 
 807 ,  34 .  66 
 804 ,  36 .  98 
 805 ,  36 .  69 
 806 ,  36 .  98 
 809 ,  35 .  39 
 806 ,  36 .  26 
 804 ,  36 .  98 
 805 ,  36 .  69 
 808 ,  35 .  82 
 808 ,  36 .  84 
 802 ,  36 .  40 
 808 ,  36 .  55 
 808 ,  36 .  84 
 805 ,  36 .  84 
 806 ,  36 .  55 
 807 ,  35 .  68 
 812 ,  35 .  82 
 804 ,  36 .  40 
 805 ,  35 .  24 
 807 ,  35 .  10 
 810 ,  36 .  84 
 808 ,  36 .  40 
 808 ,  36 .  84 
 810 ,  36 .  55 
 811 ,  35 .  82 
 807 ,  35 .  10 
 805 ,  35 .  82 
 805 ,  35 .  82 
 808 ,  35 .  10 
 804 ,  35 .  53 
 805 ,  36 .  40 
 809 ,  36 .  40 
 810 ,  36 .  55 
 807 ,  35 .  10 
 805 ,  36 .  40 
 807 ,  35 .  10 
 808 ,  35 .  24 
 805 ,  36 .  40 
 802 ,  36 .  26 
 808 ,  35 .  82 
 810 ,  36 .  98 
 804 ,  35 .  68 
 804 ,  36 .  26 
 810 ,  36 .  40 
 810 ,  36 .  26 
 804 ,  35 .  82 
 810 ,  35 .  10 
 810 ,  36 .  40 
 810 ,  35 .  82 
 807 ,  35 .  24 
 805 ,  36 .  84 
 810 ,  35 .  82 
 811 ,  36 .  84 
 804 ,  35 .  10 
 805 ,  36 .  40 
 811 ,  35 .  24 
 810 ,  36 .  26 
 807 ,  35 .  10 
 805 ,  34 .  81 
 811 ,  35 .  10 
 810 ,  34 .  52 
 806 ,  36 .  40 
 808 ,  36 .  55 
 808 ,  36 .  26 
 807 ,  34 .  95 
 804 ,  35 .  39 
 805 ,  36 .  98 
 809 ,  35 .  39 
 812 ,  34 .  66 
 805 ,  35 .  24 
 803 ,  35 .  39 
 808 ,  35 .  82 
 806 ,  36 .  84 
 803 ,  36 .  26 
 807 ,  35 .  68 
 810 ,  36 .  84 
 812 ,  35 .  68 
 806 ,  35 .  10 
 806 ,  35 .  68 
 804 ,  35 .  10 
 807 ,  35 .  24 
 804 ,  34 .  95 
 807 ,  35 .  10 
 809 ,  34 .  66 
 811 ,  35 .  24 
 805 ,  35 .  24 
 806 ,  36 .  98 
 813 ,  35 .  24 
 811 ,  35 .  82 
 802 ,  36 .  55 
 806 ,  35 .  39 
 808 ,  35 .  39 
 809 ,  35 .  10 
 805 ,  35 .  10 
 810 ,  36 .  55 
 809 ,  35 .  68 
 808 ,  35 .  82 
 804 ,  35 .  53 
 805 ,  35 .  82 
 810 ,  35 .  82 
 808 ,  35 .  24 
 804 ,  36 .  84 
 808 ,  35 .  82 
 811 ,  36 .  55 
 808 ,  35 .  82 
 803 ,  34 .  81 
 807 ,  35 .  68 
 808 ,  34 .   8 
 808 ,  35 .  10 
 805 ,  35 .  82 
 805 ,  35 .  82 
 809 ,  35 .  82 
 808 ,  35 .  39 
 802 ,  35 .  82 
 805 ,  35 .  24 
 811 ,  35 .  10 
 807 ,  35 .  10 
 806 ,  36 .  98 
 805 ,  34 .  52 
 806 ,  34 .  52 
 810 ,  36 .  55 
 805 ,  35 .  68 
 807 ,  35 .  82 
 808 ,  34 .  52 
 807 ,  33 .  50 
 806 ,  35 .  39 
 808 ,  35 .  82 
 812 ,  36 .  40 
 810 ,  36 .  69 
 805 ,  35 .  68 
 806 ,  34 .  66 
 807 ,  35 .  68 
 810 ,  34 .  81 
 804 ,  35 .  24 
 808 ,  35 .  10 
 811 ,  35 .  68 
 809 ,  35 .  24 
 804 ,  35 .  82 
 805 ,  35 .  82 
 811 ,  35 .  68 
 808 ,  35 .  82 
 804 ,  35 .  24 
 804 ,  35 .  82 
 809 ,  36 .  98 
 806 ,  35 .  82 
 803 ,  34 .  66 
 807 ,  35 .  10 
 810 ,  36 .  26 
 808 ,  35 .  24 
 803 ,  36 .  55 
 808 ,  35 .  82 
 810 ,  35 .  82 
 808 ,  36 .  26 
 806 ,  35 .  82 
 808 ,  35 .  10 
 808 ,  35 .  82 
 810 ,  34 .  81 
 806 ,  35 .  24 
 807 ,  34 .  52 
 812 ,  35 .  24 
 807 ,  35 .  82 
 805 ,  35 .  82 
 805 ,  35 .  24 
 810 ,  35 .  10 
 804 ,  35 .  68 
 804 ,  36 .  26 
 810 ,  34 .   8 
 809 ,  35 .  53 
 807 ,  35 .  82 
 804 ,  35 .  82 
 804 ,  34 .  23 
 808 ,  35 .  10 
 810 ,  36 .  55 
 803 ,  36 .  26 
 808 ,  35 .  82 
 811 ,  36 .  26 
 804 ,  35 .  82 
 804 ,  35 .  39 
 807 ,  34 .  23 
 812 ,  35 .  24 
 808 ,  36 .  98 
 805 ,  35 .  68 
 811 ,  35 .  82 
 809 ,  35 .  10 
 808 ,  35 .  24 
 806 ,  35 .  39 
 807 ,  35 .  82 
 809 ,  37 .  56 
 810 ,  35 .  24 
 807 ,  35 .  10 
 808 ,  36 .  40 
 810 ,  35 .  97 
 808 ,  33 .   7 
 806 ,  36 .  40 
 809 ,  35 .  82 
 812 ,  36 .  26 
 807 ,  35 .  53 
 801 ,  35 .  39 
 809 ,  35 .  82 
 810 ,  35 .  82 
 805 ,  35 .  39 
 804 ,  35 .  82 
 805 ,  35 .  53 
 809 ,  35 .  39 
 806 ,  35 .  24 
 803 ,  35 .  82 
 811 ,  34 .  23 
 811 ,  34 .  81 
 807 ,  35 .  24 
 805 ,  34 .  95 
 809 ,  35 .  39 
 809 ,  35 .  10 
 810 ,  34 .  81 
 807 ,  35 .  24 
 808 ,  37 .  42 
 809 ,  35 .  10 
 806 ,  34 .  81 
 803 ,  35 .  10 
 811 ,  32 .  92 
 807 ,  36 .  40 
 810 ,  36 .  40 
 804 ,  34 .  23 
 809 ,  36 .  55 
 808 ,  35 .  10 
 805 ,  35 .  82 
 804 ,  36 .  11 
 811 ,  36 .  84 
 808 ,  35 .  82 
 808 ,  36 .  40 
 808 ,  35 .  82 
 810 ,  35 .  82 
 814 ,  36 .  26 
 810 ,  35 .  39 
 805 ,  35 .  39 
 806 ,  35 .  82 
 813 ,  35 .  24 
 805 ,  34 .  95 
 804 ,  35 .  68 
 808 ,  35 .  24 
 812 ,  35 .  68 
 807 ,  35 .  68 
 807 ,  35 .  53 
 806 ,  35 .  68 
 811 ,  36 .  26 
 806 ,  35 .  10 
 808 ,  36 .  98 
 813 ,  35 .  10 
 811 ,  35 .  39 
 808 ,  35 .  68 
 805 ,  33 .  94 
 812 ,  34 .  81 
 811 ,  36 .  26 
 807 ,  36 .  40 
 804 ,  35 .  24 
 808 ,  34 .  81 
 811 ,  35 .  68 
 805 ,  36 .  55 
 805 ,  34 .  95 
 808 ,  36 .  55 
 809 ,  35 .  53 
 805 ,  35 .  82 
 805 ,  35 .  82 
 813 ,  35 .  24 
 808 ,  35 .  82 
 804 ,  35 .  82 
 806 ,  34 .  66 
 807 ,  35 .  82 
 809 ,  35 .  68 
 808 ,  36 .  26 
 804 ,  35 .  82 
 808 ,  35 .  24 
 809 ,  36 .  26 
 805 ,  34 .  81 
 806 ,  35 .  39 
 809 ,  35 .  39 
 810 ,  36 .  40 
 810 ,  35 .  82 
 807 ,  35 .  68 
 811 ,  35 .  10 
 810 ,  35 .  53 
 808 ,  35 .  53 
 806 ,  35 .  24 
 809 ,  35 .  10 
 809 ,  35 .  39 
 807 ,  35 .  53 
 807 ,  35 .  68 
 812 ,  35 .  10 
 810 ,  35 .  68 
 805 ,  33 .  36 
 808 ,  36 .  26 
 810 ,  35 .  68 
 812 ,  35 .  53 
 798 ,  34 .  81 
 806 ,  34 .  23 
 811 ,  35 .  39 
 812 ,  35 .  10 
 806 ,  35 .  10 
 808 ,  36 .  26 
 810 ,  35 .  39 
 809 ,  35 .  39 
 802 ,  35 .  82 
 806 ,  35 .  10 
 807 ,  35 .  82 
 809 ,  35 .  24 
 806 ,  35 .  24 
 810 ,  34 .   8 
 814 ,  34 .  81 
 810 ,  35 .  68 
 810 ,  36 .  55 
 807 ,  35 .  82 
 813 ,  35 .  10 
 810 ,  35 .  10 
 801 ,  35 .  82 
 807 ,  34 .  66 
 812 ,  36 .  26 
 808 ,  36 .  26 
 809 ,  35 .  82 
 810 ,  35 .  24 
 812 ,  36 .  84 
 811 ,  35 .  68 
 806 ,  36 .  84 
 808 ,  35 .  24 
 811 ,  35 .  82 
 812 ,  34 .  66 
 809 ,  35 .  82 
 808 ,  35 .  24 
 813 ,  35 .  24 
 813 ,  34 .  95 
 808 ,  35 .  82 
 806 ,  35 .  24 
 812 ,  35 .  39 
 811 ,  35 .  10 
 805 ,  35 .  68 
 810 ,  33 .  50 
 812 ,  34 .  81 
 808 ,  36 .  84 
 805 ,  34 .  81 
 808 ,  34 .  81 
 812 ,  34 .   8 
 811 ,  35 .  68 
 808 ,  35 .  10 
 811 ,  34 .  37 
 815 ,  35 .  10 
 812 ,  35 .  68 
 808 ,  35 .  39 
 808 ,  35 .  68 
 812 ,  35 .  68 
 809 ,  35 .  82 
 807 ,  34 .  66 
 810 ,  34 .   8 
 813 ,  35 .  82 
 808 ,  35 .  82 
 808 ,  35 .  82 
 807 ,  35 .  10 
 814 ,  35 .  68 
 814 ,  36 .  55 
 807 ,  34 .  66 
 807 ,  35 .  10 
 813 ,  35 .  68 
 814 ,  35 .  24 
 807 ,  35 .  24 
 809 ,  34 .   8 
 813 ,  35 .  39 
 813 ,  35 .  82 
 811 ,  35 .  39 
 806 ,  35 .  24 
 812 ,  35 .  82 
 810 ,  35 .  10 
 807 ,  34 .  52 
 812 ,  35 .  10 
 814 ,  34 .  81 
 811 ,  35 .  68 
 810 ,  34 .  52 
 812 ,  35 .  10 
 813 ,  35 .  39 
 812 ,  35 .  68 
 810 ,  35 .  24 
 812 ,  34 .  95 
 812 ,  34 .  81 
 810 ,  35 .  39 
 805 ,  35 .  24 
 810 ,  34 .  95 
 812 ,  35 .  24 
 809 ,  35 .  10 
 808 ,  35 .  53 
 811 ,  34 .  66 
 812 ,  35 .  24 
 813 ,  34 .  23 
 808 ,  34 .  66 
 810 ,  36 .  26 
 814 ,  35 .  10 
 810 ,  35 .  68 
 806 ,  35 .  82 
 813 ,  35 .  68 
 815 ,  34 .  81 
 812 ,  35 .  68 
 804 ,  35 .  39 
 811 ,  35 .  68 
 816 ,  33 .  94 
 812 ,  36 .  40 
 808 ,  36 .  55 
 809 ,  34 .  95 
 812 ,  35 .  39 
 813 ,  35 .  39 
 807 ,  35 .  24 
 814 ,  34 .  66 
 814 ,  34 .  81 
 811 ,  35 .  24 
 809 ,  34 .  81 
 815 ,  35 .  39 
 813 ,  35 .  24 
 811 ,  35 .  82 
 810 ,  35 .  68 
 815 ,  34 .  81 
 816 ,  36 .  98 
 814 ,  35 .  82 
 810 ,  34 .  52 
 814 ,  35 .  82 
 814 ,  36 .  26 
 814 ,  35 .  39 
 809 ,  34 .  81 
 810 ,  35 .  39 
 812 ,  33 .  50 
 813 ,  35 .  82 
 808 ,  35 .  10 
 809 ,  34 .   8 
 813 ,  35 .  10 
 813 ,  35 .  10 
 808 ,  35 .  39 
 811 ,  35 .  68 
 814 ,  36 .  11 
 811 ,  35 .  82 
 810 ,  34 .  52 
 811 ,  34 .   8 
 817 ,  36 .  98 
 814 ,  35 .  39 
 808 ,  35 .  82 
 815 ,  35 .  10 
 814 ,  34 .  52 
 809 ,  35 .  24 
 811 ,  34 .   8 
 815 ,  34 .  23 
 815 ,  35 .  82 
 811 ,  35 .  82 
 809 ,  34 .   8 
 816 ,  33 .  94 
 817 ,  35 .  39 
 813 ,  34 .  81 
 809 ,  35 .  68 
 816 ,  34 .  81 
 816 ,  35 .  39 
 813 ,  35 .  82 
 809 ,  35 .  10 
 812 ,  35 .  24 
 813 ,  34 .  95 
 813 ,  35 .  53 
 809 ,  35 .  53 
 812 ,  35 .  24 
 813 ,  35 .  68 
 811 ,  34 .  95 
 809 ,  34 .  95 
 811 ,  30 .  60 
 813 ,  34 .  52 
 811 ,  35 .  68 
 814 ,  35 .  10 
 814 ,  33 .  94 
 811 ,  33 .  50 
 812 ,  35 .  10 
 811 ,  34 .  81 
 815 ,  34 .  52 
 815 ,  34 .  66 
 815 ,  35 .  10 
 812 ,  34 .   8 
 813 ,  35 .  39 
 816 ,  35 .  68 
 811 ,  35 .  82 
 810 ,  34 .  81 
 814 ,  35 .  10 
 816 ,  35 .  68 
 812 ,  35 .  82 
 811 ,  34 .  95 
 813 ,  34 .  66 
 813 ,  35 .  82 
 813 ,  35 .  10 
 807 ,  35 .  24 
 813 ,  35 .  24 
 817 ,  35 .  10 
 812 ,  34 .  52 
 807 ,  35 .  24 
 813 ,  35 .  68 
 813 ,  35 .  24 
 812 ,  34 .  52 
 807 ,  34 .  66 
 812 ,  35 .  10 
 814 ,  35 .  39 
 809 ,  35 .  82 
 809 ,  34 .  81 
 818 ,  35 .  10 
 817 ,  34 .  37 
 809 ,  35 .  39 
 809 ,  33 .  94 
 813 ,  34 .   8 
 813 ,  35 .  24 
 809 ,  34 .  52 
 810 ,  35 .  10 
 816 ,  35 .  24 
 813 ,  32 .  92 
 809 ,  35 .  39 
 812 ,  35 .  39 
 812 ,  35 .  10 
 816 ,  35 .  10 
 811 ,  36 .  40 
 811 ,  35 .  24 
 815 ,  35 .  39 
 815 ,  35 .  82 
 809 ,  34 .  81 
 814 ,  35 .  82 
 814 ,  35 .  39 
 816 ,  35 .  10 
 810 ,  34 .  81 
 812 ,  35 .  82 
 814 ,  34 .  81 
 815 ,  35 .  82 
 814 ,  36 .  84 
 814 ,  35 .  68 
 814 ,  35 .  24 
 814 ,  35 .  82 
 811 ,  35 .  82 
 810 ,  35 .  39 
 813 ,  34 .  52 
 815 ,  35 .  82 
 809 ,  34 .  81 
 812 ,  35 .  10 
 811 ,  34 .  95 
 817 ,  35 .  10 
 809 ,  35 .  24 
 814 ,  35 .  10 
 817 ,  34 .   8 
 813 ,  34 .  81 
 810 ,  34 .  52 
 813 ,  34 .   8 
 819 ,  34 .  52 
 814 ,  35 .  39 
 812 ,  34 .  37 
 810 ,  35 .  10 
 818 ,  36 .  11 
 816 ,  34 .  95 
 811 ,  34 .  52 
 811 ,  34 .  66 
 813 ,  34 .  81 
 813 ,  35 .  39 
 813 ,  35 .  10 
 812 ,  35 .  24 
 812 ,  36 .  26 
 812 ,  35 .  82 
 808 ,  35 .  10 
 812 ,  35 .  24 
 816 ,  33 .  94 
 816 ,  33 .  65 
 809 ,  35 .  24 
 812 ,  35 .  24 
 814 ,  35 .  53 
 816 ,  35 .  10 
 814 ,  34 .  23 
 812 ,  35 .  24 
 815 ,  35 .  24 
 819 ,  35 .  39 
 811 ,  34 .  37 
 813 ,  33 .  94 
 819 ,  34 .  23 
 817 ,  35 .  10 
 814 ,  35 .  39 
 816 ,  34 .  23 
 816 ,  34 .  23 
 816 ,  33 .  50 
 811 ,  35 .  24 
 814 ,  32 .   5 
 816 ,  34 .  81 
 818 ,  34 .  95 
 812 ,  34 .  81 
 816 ,  35 .  24 
 820 ,  38 .  14 
 814 ,  35 .  82 
 814 ,  35 .  82 
 814 ,  36 .  55 
 815 ,  35 .  10 
 813 ,  34 .  66 
 807 ,  35 .  10 
 814 ,  33 .  36 
 814 ,  34 .  81 
 817 ,  35 .  82 
 809 ,  34 .  66 
 812 ,  34 .  66 
 815 ,  33 .  94 
 814 ,  35 .  10 
 810 ,  35 .  68 
 813 ,  35 .  10 
 817 ,  34 .  23 
 813 ,  35 .  68 
 812 ,  36 .  84 
 814 ,  34 .  81 
 817 ,  34 .  81 
 817 ,  35 .  68 
 809 ,  35 .  82 
 811 ,  32 .  92 
 815 ,  34 .  81 
 814 ,  34 .  66 
 812 ,  34 .  52 
 813 ,  32 .  78 
 817 ,  35 .  10 
 814 ,  35 .  10 
 810 ,  35 .  68 
 813 ,  34 .  23 
 816 ,  34 .  52 
 812 ,  34 .  95 
 813 ,  35 .  24 
 813 ,  34 .   8 
 817 ,  36 .  40 
 814 ,  35 .  53 
 809 ,  34 .  95 
 812 ,  35 .  53 
 815 ,  33 .  94 
 812 ,  34 .  66 
 809 ,  35 .  10 
 812 ,  35 .  10 
 819 ,  35 .  39 
 813 ,  34 .  81 
 812 ,  34 .  81 
 816 ,  33 .  50 
 816 ,  32 .  34 
 815 ,  35 .  10 
 811 ,  35 .  24 
 816 ,  34 .  81 
 813 ,  31 .  76 
 816 ,  34 .   8 
 812 ,  33 .  50 
 815 ,  35 .  68 
 818 ,  35 .  10 
 814 ,  35 .  24 
 811 ,  35 .  10 
 815 ,  36 .  26 
 816 ,  35 .  10 
 812 ,  34 .  81 
 811 ,  35 .  82 
 815 ,  34 .  81 
 816 ,  35 .  10 
 818 ,  35 .  10 
 811 ,  35 .  24 
 814 ,  34 .  81 
 818 ,  35 .  82 
 815 ,  34 .  81 
 808 ,  35 .  10 
 814 ,  34 .  81 
 816 ,  34 .  37 
 814 ,  35 .  24 
 808 ,  33 .  50 
 811 ,  34 .  52 
 814 ,  35 .  10 
 811 ,  35 .  68 
 813 ,  34 .  52 
 819 ,  33 .  50 
 814 ,  35 .  10 
 813 ,  33 .  94 
 811 ,  34 .  81 
 815 ,  35 .  82 
 817 ,  34 .  23 
 816 ,  35 .  24 
 811 ,  35 .  10 
 812 ,  34 .  81 
 817 ,  34 .  66 
 810 ,  34 .  37 
 810 ,  35 .  39 
 814 ,  35 .  10 
 817 ,  35 .  10 
 813 ,  34 .  95 
 809 ,  33 .  50 
 815 ,  34 .  52 
 817 ,  34 .  23 
 812 ,  33 .  94 
 810 ,  35 .  24 
 813 ,  35 .  68 
 816 ,  35 .  68 
 814 ,  35 .  39 
 810 ,  34 .  23 
 812 ,  35 .  68 
 815 ,  34 .  81 
 813 ,  33 .  94 
 807 ,  33 .  50 
 812 ,  35 .  10 
 816 ,  34 .   8 
 814 ,  35 .  10 
 813 ,  34 .   8 
 815 ,  35 .  10 
 817 ,  34 .  66 
 817 ,  35 .  68 
 814 ,  34 .  23 
 817 ,  35 .  68 
 819 ,  34 .  23 
 815 ,  34 .  52 
 814 ,  34 .  52 
 818 ,  35 .  68 
 820 ,  34 .  23 
 815 ,  34 .  52 
 814 ,  34 .   8 
 818 ,  33 .  50 
 814 ,  34 .  37 
 814 ,  34 .  66 
 812 ,  35 .  10 
 816 ,  34 .  66 
 818 ,  38 .  14 
 812 ,  35 .  82 
 810 ,  34 .  66 
 816 ,  34 .  52 
 817 ,  36 .  26 
 814 ,  35 .  10 
 814 ,  35 .  39 
 817 ,  35 .  10 
 815 ,  33 .  94 
 813 ,  34 .  66 
 811 ,  34 .  23 
 816 ,  35 .  68 
 818 ,  35 .  39 
 813 ,  34 .  52 
 812 ,  33 .  21 
 814 ,  34 .  37 
 814 ,  34 .  52 
 815 ,  34 .   8 
 815 ,  34 .   8 
 815 ,  34 .  37 
 813 ,  34 .  52 
 814 ,  34 .   8 
 811 ,  34 .  95 
 817 ,  33 .  79 
 817 ,  34 .  23 
 814 ,  35 .  10 
 814 ,  35 .  10 
 816 ,  33 .  50 
 817 ,  35 .  10 
 812 ,  34 .  37 
 813 ,  35 .  10 
 814 ,  35 .  10 
 818 ,  35 .  10 
 812 ,  34 .   8 
 812 ,  38 .  14 
 815 ,  34 .  66 
 816 ,  34 .   8 
 811 ,  34 .  23 
 809 ,  33 .  50 
 816 ,  35 .  24 
 813 ,  33 .  94 
 810 ,  35 .  24 
 812 ,  34 .  66 
 817 ,  34 .  23 
 813 ,  34 .  66 
 813 ,  34 .  52 
 812 ,  35 .  10 
 815 ,  34 .  81 
 816 ,  34 .   8 
 811 ,  34 .  66 
 810 ,  35 .  24 
 815 ,  34 .  52 
 816 ,  33 .  36 
 807 ,  34 .   8 
 812 ,  33 .  36 
 816 ,  36 .  69 
 816 ,  34 .  37 
 812 ,  34 .  81 
 811 ,  33 .  36 
 814 ,  34 .  81 
 818 ,  34 .  81 
 812 ,  32 .  20 
 810 ,  35 .  24 
 817 ,  34 .  81 
 817 ,  33 .  36 
 813 ,  34 .  66 
 809 ,  34 .  37 
 813 ,  35 .  10 
 814 ,  35 .  68 
 814 ,  35 .  10 
 808 ,  34 .  52 
 813 ,  34 .  66 
 816 ,  33 .  94 
 808 ,  35 .  39 
 816 ,  35 .  10 
 815 ,  35 .  53 
 818 ,  34 .  81 
 809 ,  35 .  10 
 814 ,  34 .  52 
 813 ,  34 .  23 
 815 ,  34 .  37 
 811 ,  34 .   8 
 810 ,  34 .  37 
 813 ,  33 .  50 
 817 ,  34 .   8 
 809 ,  32 .  34 
 810 ,  33 .   7 
 816 ,  34 .  23 
 815 ,  35 .  10 
 812 ,  34 .  81 
 813 ,  34 .   8 
 816 ,  35 .  24 
 816 ,  34 .  52 
 812 ,  34 .   8 
 813 ,  34 .  81 
 814 ,  33 .  94 
 814 ,  35 .  82 
 811 ,  35 .  10 
 813 ,  34 .  23 
 812 ,  35 .  10 
 813 ,  33 .  50 
 807 ,  33 .  36 
 814 ,  34 .  66 
 813 ,  34 .   8 
 813 ,  34 .   8 
 810 ,  34 .  81 
 814 ,  35 .  24 
 812 ,  34 .   8 
 813 ,  36 .  98 
 808 ,  34 .  52 
 815 ,  34 .  81 
 819 ,  34 .  66 
 815 ,  33 .  50 
 809 ,  32 .  92 
 812 ,  34 .  66 
 816 ,  34 .  52 
 815 ,  35 .  24 
 809 ,  34 .  81 
 813 ,  34 .  23 
 816 ,  34 .  66 
 815 ,  35 .  82 
 810 ,  35 .  24 
 813 ,  34 .   8 
 815 ,  35 .  24 
 816 ,  34 .  66 
 812 ,  33 .   7 
 815 ,  34 .  37 
 816 ,  33 .  50 
 815 ,  34 .  37 
 811 ,  35 .  82 
 814 ,  35 .  82 
 817 ,  35 .  82 
 814 ,  34 .  66 
 810 ,  34 .  23 
 813 ,  35 .  39 
 813 ,  33 .  50 
 812 ,  34 .  66 
 808 ,  33 .  21 
 813 ,  34 .  66 
 818 ,  33 .  94 
 815 ,  35 .  68 
 810 ,  35 .  68 
 809 ,  35 .  24 
 814 ,  34 .  52 
 816 ,  33 .  94 
 809 ,  34 .  52 
 812 ,  34 .   8 
 813 ,  34 .   8 
 815 ,  33 .  94 
 810 ,  35 .  10 
 810 ,  35 .  39 
 816 ,  34 .  52 
 813 ,  34 .   8 
 809 ,  34 .  66 
 808 ,  33 .  94 
 812 ,  34 .  52 
 815 ,  34 .  52 
 814 ,  35 .  39 
 812 ,  34 .  52 
 814 ,  34 .  37 
 813 ,  34 .   8 
 806 ,  34 .  66 
 812 ,  35 .  24 
 813 ,  34 .  66 
 811 ,  34 .   8 
 810 ,  34 .  95 
 810 ,  34 .  37 
 813 ,  34 .   8 
 814 ,  34 .  37 
 807 ,  33 .  50 
 813 ,  35 .  24 
 813 ,  34 .  52 
 811 ,  34 .  66 
 808 ,  33 .  50 
 813 ,  35 .  68 
 812 ,  33 .  94 
 814 ,  35 .  10 
 807 ,  34 .  23 
 812 ,  35 .  10 
 813 ,  34 .   8 
 813 ,  34 .  66 
 809 ,  35 .  10 
 812 ,  34 .   8 
 815 ,  34 .  66 
 815 ,  34 .   8 
 808 ,  33 .  50 
 812 ,  34 .  81 
 814 ,  33 .  36 
 812 ,  34 .  23 
 807 ,  34 .   8 
 808 ,  34 .   8 
 814 ,  35 .  39 
 813 ,  34 .  23 
 809 ,  35 .  39 
 809 ,  34 .   8 
 812 ,  33 .  94 
 807 ,  34 .  37 
 805 ,  35 .  10 
 812 ,  34 .  81 
 812 ,  33 .  36 
 809 ,  35 .  24 
 809 ,  34 .  52 
 813 ,  33 .  50 
 812 ,  35 .  53 
 810 ,  34 .  66 
 807 ,  35 .  82 
 811 ,  34 .  52 
 812 ,  35 .  10 
 810 ,  34 .  23 
 811 ,  34 .  37 
 810 ,  34 .  52 
 813 ,  34 .  66 
 814 ,  34 .   8 
 807 ,  34 .  37 
 812 ,  34 .  81 
 813 ,  34 .  52 
 814 ,  35 .  10 
 810 ,  34 .  81 
 814 ,  34 .  81 
 815 ,  34 .  23 
 810 ,  33 .  50 
 810 ,  35 .  10 
 814 ,  34 .  81 
 812 ,  34 .  66 
 810 ,  34 .  66 
 809 ,  35 .  39 
 810 ,  34 .   8 
 812 ,  34 .  81 
 811 ,  34 .  66 
 809 ,  34 .  52 
 810 ,  33 .   7 
 812 ,  34 .  52 
 806 ,  34 .  66 
 804 ,  35 .  10 
 814 ,  34 .  81 
 814 ,  33 .  94 
 810 ,  34 .   8 
 807 ,  34 .   8 
 813 ,  34 .  52 
 813 ,  34 .   8 
 811 ,  33 .  50 
 811 ,  34 .  52 
 811 ,  32 .  92 
 814 ,  34 .  81 
 811 ,  34 .  37 
 807 ,  34 .  81 
 813 ,  34 .  23 
 814 ,  34 .  37 
 813 ,  33 .  94 
 806 ,  34 .  81 
 812 ,  34 .  81 
 813 ,  33 .  50 
 813 ,  35 .  10 
 809 ,  33 .  21 
 812 ,  34 .  23 
 816 ,  33 .  50 
 812 ,  34 .   8 
 807 ,  34 .  95 
 812 ,  34 .  37 
 811 ,  34 .   8 
 810 ,  34 .  66 
 809 ,  34 .  66 
 811 ,  35 .  24 
 813 ,  34 .  66 
 808 ,  35 .  10 
 810 ,  35 .  39 
 810 ,  35 .  10 
 813 ,  34 .  37 
 809 ,  34 .  81 
 806 ,  34 .  66 
 812 ,  34 .  23 
 816 ,  33 .  94 
 808 ,  34 .   8 
 809 ,  34 .  23 
 810 ,  32 .  34 
 815 ,  32 .  92 
 809 ,  33 .  50 
 807 ,  33 .  94 
 811 ,  34 .  81 
 816 ,  34 .  66 
 807 ,  34 .  52 
 808 ,  34 .   8 
 812 ,  34 .  66 
 814 ,  33 .  94 
 810 ,  35 .  10 
 810 ,  34 .  95 
 814 ,  34 .  66 
 812 ,  34 .  23 
 809 ,  34 .  52 
 805 ,  35 .  10 
 812 ,  34 .  81 
 812 ,  34 .  66 
 808 ,  34 .  52 
 808 ,  35 .  39 
 815 ,  34 .   8 
 814 ,  34 .  81 
 808 ,  35 .  10 
 810 ,  34 .  66 
 813 ,  33 .  50 
 813 ,  34 .  81 
 810 ,  34 .  81 
 810 ,  34 .  81 
 813 ,  33 .  50 
 811 ,  34 .  66 
 808 ,  34 .  52 
 812 ,  35 .  10 
 815 ,  34 .  23 
 811 ,  35 .  24 
 808 ,  33 .  94 
 812 ,  34 .  52 
 813 ,  33 .  50 
 812 ,  34 .  81 
 811 ,  34 .  37 
 811 ,  35 .  10 
 813 ,  34 .   8 
 811 ,  34 .  52 
 805 ,  33 .  50 
 806 ,  34 .  66 
 816 ,  34 .  52 
 814 ,  34 .  81 
 810 ,  33 .  94 
 810 ,  34 .  81 
 811 ,  34 .  95 
 813 ,  34 .   8 
 807 ,  33 .  50 
 811 ,  34 .  52 
 809 ,  35 .  24 
 810 ,  33 .  94 
 808 ,  33 .   7 
 806 ,  34 .  66 
 816 ,  34 .  81 
 810 ,  35 .  68 
 807 ,  34 .  66 
 811 ,  34 .   8 
 813 ,  34 .  66 
 814 ,  34 .  81 
 808 ,  33 .  50 
 807 ,  34 .  66 
 811 ,  33 .  94 
 816 ,  34 .  52 
 814 ,  34 .  95 
 810 ,  34 .  52 
 815 ,  34 .  52 
 813 ,  33 .  50 
 808 ,  34 .  52 
 811 ,  33 .  50 
 812 ,  35 .  10 
 812 ,  34 .   8 
 807 ,  33 .  94 
 808 ,  34 .  66 
 814 ,  35 .  10 
 814 ,  35 .  24 
 808 ,  34 .   8 
 811 ,  33 .  36 
 813 ,  34 .  37 
 809 ,  34 .  23 
 808 ,  34 .   8 
 807 ,  34 .  52 
 812 ,  35 .  10 
 814 ,  34 .  81 
 808 ,  34 .   8 
 808 ,  34 .   8 
 813 ,  33 .  94 
 812 ,  33 .  50 
 806 ,  34 .  66 
 808 ,  34 .  66 
 814 ,  36 .  40 
 814 ,  33 .  50 
 811 ,  35 .  10 
 812 ,  34 .   8 
 814 ,  35 .  10 
 813 ,  33 .  36 
 806 ,  36 .  26 
 810 ,  33 .  36 
 815 ,  33 .  50 
 814 ,  33 .  94 
 810 ,  33 .  50 
 814 ,  33 .  50 
 814 ,  32 .  92 
 812 ,  33 .  94 
 809 ,  33 .  50 
 811 ,  34 .  52 
 814 ,  34 .  81 
 809 ,  32 .  92 
 808 ,  34 .  66 
 809 ,  33 .  94 
 813 ,  35 .  24 
 811 ,  34 .  37 
 805 ,  34 .  66 
 808 ,  35 .  68 
 814 ,  35 .  39 
 812 ,  34 .  37 
 808 ,  33 .  50 
 809 ,  34 .  23 
 810 ,  35 .  24 
 811 ,  33 .  94 
 808 ,  33 .  21 
 810 ,  35 .  10 
 812 ,  34 .  81 
 811 ,  33 .  94 
 807 ,  33 .  50 
 811 ,  32 .  34 
 816 ,  34 .  66 
 812 ,  32 .  34 
 807 ,  34 .  81 
 811 ,  32 .  78 
 813 ,  34 .  23 
 812 ,  32 .  92 
 808 ,  32 .  34 
 811 ,  34 .   8 
 813 ,  35 .  24 
 811 ,  34 .  23 
 807 ,  32 .  34 
 809 ,  33 .  50 
 817 ,  34 .  81 
 814 ,  33 .  94 
 808 ,  33 .  36 
 810 ,  33 .  94 
 811 ,  35 .  10 
 810 ,  34 .  52 
 808 ,  34 .  52 
 809 ,  33 .  50 
 814 ,  33 .  50 
 812 ,  33 .  94 
 808 ,  31 .  91 
 811 ,  32 .  78 
 814 ,  33 .  36 
 810 ,  34 .  66 
 805 ,  32 .  34 
 810 ,  33 .  36 
 815 ,  34 .  52 
 812 ,  33 .  65 
 807 ,  34 .  52 
 810 ,  34 .  66 
 813 ,  38 .  72 
 811 ,  33 .  36 
 807 ,  33 .  94 
 810 ,  33 .  50 
 815 ,  34 .  37 
 814 ,  34 .  81 
 811 ,  32 .  78 
 812 ,  33 .  50 
 812 ,  35 .  24 
 813 ,  32 .  34 
 806 ,  34 .  37 
 809 ,  32 .  34 
 816 ,  34 .  52 
 811 ,  32 .  20 
 810 ,  34 .   8 
 807 ,  34 .  23 
 814 ,  35 .  10 
 814 ,  34 .  95 
 810 ,  34 .  81 
 810 ,  35 .  68 
 814 ,  35 .  68 
 809 ,  33 .   7 
 807 ,  33 .  36 
 810 ,  34 .  23 
 815 ,  35 .  82 
 811 ,  33 .  50 
 809 ,  33 .  50 
 811 ,  34 .  52 
 812 ,  33 .  50 
 812 ,  33 .  50 
 808 ,  33 .  36 
 809 ,  33 .  50 
 813 ,  35 .  39 
 811 ,  33 .  21 
 808 ,  33 .   7 
 813 ,  33 .  21 
 813 ,  33 .  50 
 812 ,  33 .  94 
 809 ,  33 .  21 
 810 ,  33 .  50 
 815 ,  33 .  50 
 811 ,  34 .  66 
 807 ,  33 .  50 
 813 ,  33 .  36 
 816 ,  34 .  66 
 812 ,  33 .  50 
 807 ,  33 .  50 
 809 ,  33 .  50 
 813 ,  33 .  50 
 806 ,  34 .  37 
 808 ,  34 .   8 
 812 ,  34 .  52 
 813 ,  34 .  66 
 811 ,  34 .  52 
 806 ,  35 .  10 
 810 ,  34 .  52 
 813 ,  35 .  10 
 810 ,  34 .   8 
 807 ,  32 .  20 
 813 ,  34 .  52 
 818 ,  34 .  81 
 811 ,  33 .  50 
 809 ,  33 .  50 
 814 ,  35 .  10 
 817 ,  35 .  24 
 807 ,  34 .  23 
 810 ,  34 .  81 
 812 ,  34 .  81 
 813 ,  34 .  66 
 809 ,  34 .   8 
 810 ,  34 .  23 
 815 ,  33 .  50 
 816 ,  34 .  37 
 812 ,  34 .  81 
 808 ,  34 .  37 
 813 ,  33 .  94 
 818 ,  34 .  52 
 814 ,  36 .  26 
 811 ,  34 .  23 
 813 ,  34 .  81 
 814 ,  35 .  39 
 811 ,  34 .   8 
 810 ,  35 .  39 
 811 ,  33 .  50 
 815 ,  33 .  94 
 809 ,  33 .  50 
 808 ,  34 .  23 
 813 ,  37 .  56 
 812 ,  34 .  52 
 808 ,  33 .  50 
 807 ,  32 .  78 
 812 ,  34 .  52 
 814 ,  34 .  52 
 805 ,  33 .  21 
 808 ,  33 .  50 
 808 ,  33 .  79 
 815 ,  34 .  23 
 810 ,  33 .  50 
 810 ,  33 .  36 
 818 ,  34 .  52 
 816 ,  33 .  50 
 809 ,  32 .  92 
 809 ,  34 .  23 
 816 ,  33 .  50 
 814 ,  33 .   7 
 810 ,  33 .  50 
 809 ,  33 .   7 
 812 ,  33 .  94 
 814 ,  33 .  94 
 810 ,  33 .  21 
 806 ,  34 .  66 
 813 ,  33 .  94 
 815 ,  34 .  52 
 810 ,  34 .  52 
 811 ,  35 .  10 
 813 ,  33 .  50 
 813 ,  33 .  50 
 809 ,  33 .  50 
 810 ,  33 .   7 
 815 ,  33 .  36 
 815 ,  34 .  81 
 808 ,  34 .   8 
 808 ,  33 .  50 
 813 ,  32 .  34 
 812 ,  33 .  50 
 810 ,  33 .  36 
 810 ,  33 .  94 
 814 ,  33 .   7 
 812 ,  33 .  36 
 809 ,  33 .  94 
 809 ,  33 .  36 
 814 ,  33 .  50 
 814 ,  34 .  23 
 811 ,  33 .   7 
 809 ,  34 .  23 
 816 ,  33 .  50 
 816 ,  34 .  95 
 807 ,  31 .  33 
 809 ,  33 .  94 
 813 ,  32 .  92 
 811 ,  33 .  21 
 809 ,  34 .  37 
 804 ,  33 .  94 
 813 ,  33 .  36 
 814 ,  34 .   8 
 812 ,  33 .   7 
 813 ,  33 .  94 
 813 ,  33 .  50 
 814 ,  34 .   8 
 808 ,  34 .  81 
 812 ,  33 .  36 
 813 ,  34 .  37 
 818 ,  34 .  52 
 808 ,  34 .  52 
 808 ,  34 .  52 
 813 ,  34 .  23 
 815 ,  35 .  53 
 812 ,  34 .   8 
 811 ,  33 .  50 
 813 ,  34 .  23 
 809 ,  34 .  23 
 812 ,  34 .  52 
 814 ,  33 .  50 
 818 ,  33 .  94 
 814 ,  34 .  52 
 811 ,  33 .  50 
 812 ,  33 .   7 
 816 ,  33 .  94 
 815 ,  33 .  94 
 811 ,  32 .   5 
 809 ,  33 .  50 
 817 ,  33 .   7 
 812 ,  34 .  23 
 809 ,  34 .  37 
 809 ,  33 .  50 
 816 ,  33 .  94 
 813 ,  34 .   8 
 808 ,  33 .  94 
 811 ,  32 .  34 
 815 ,  33 .  36 
 815 ,  33 .  65 
 811 ,  33 .  50 
 812 ,  33 .  79 
 814 ,  34 .   8 
 816 ,  35 .  10 
 811 ,  34 .  52 
 809 ,  33 .  21 
 816 ,  34 .  52 
 813 ,  33 .  50 
 809 ,  33 .  50 
 812 ,  32 .  63 
 817 ,  33 .  36 
 813 ,  33 .  50 
 811 ,  33 .  94 
 813 ,  33 .  50 
 816 ,  33 .  50 
 814 ,  33 .  36 
 814 ,  33 .   7 
 815 ,  35 .  68 
 820 ,  33 .   7 
 812 ,  34 .  66 
 812 ,  33 .  36 
 813 ,  34 .  23 
 818 ,  32 .  92 
 815 ,  33 .  50 
 811 ,  34 .  23 
 813 ,  34 .   8 
 813 ,  35 .  24 
 814 ,  33 .  94 
 811 ,  34 .  52 
 811 ,  33 .   7 
 814 ,  34 .  52 
 813 ,  34 .  23 
 809 ,  33 .  21 
 809 ,  32 .  92 
 816 ,  34 .   8 
 815 ,  33 .  50 
 809 ,  33 .  36 
 814 ,  33 .  94 
 814 ,  33 .   7 
 814 ,  34 .  81 
 810 ,  33 .  94 
 814 ,  33 .  36 
 819 ,  33 .  21 
 814 ,  32 .  92 
 809 ,  33 .  36 
 813 ,  33 .   7 
 817 ,  33 .   7 
 817 ,  32 .  34 
 813 ,  33 .   7 
 814 ,  33 .  50 
 815 ,  32 .  34 
 815 ,  33 .  36 
 811 ,  34 .  66 
 817 ,  33 .  94 
 815 ,  33 .  50 
 814 ,  33 .  50 
 813 ,  33 .  94 
 813 ,  34 .   8 
 814 ,  34 .  81 
 814 ,  33 .  50 
 808 ,  34 .   8 
 813 ,  33 .  50 
 815 ,  33 .  36 
 815 ,  33 .  50 
 808 ,  33 .  50 
 813 ,  34 .   8 
 817 ,  34 .   8 
 815 ,  33 .  50 
 810 ,  33 .  94 
 814 ,  33 .  94 
 818 ,  34 .  23 
 815 ,  32 .  34 
 812 ,  33 .  50 
 816 ,  34 .  23 
 813 ,  34 .   8 
 814 ,  32 .  78 
 810 ,  33 .   7 
 813 ,  32 .  78 
 816 ,  32 .  78 
 814 ,  33 .  50 
 813 ,  33 .  36 
 815 ,  34 .  23 
 817 ,  33 .  94 
 813 ,  33 .  94 
 810 ,  33 .  94 
 813 ,  34 .  52 
 816 ,  33 .  50 
 811 ,  32 .  34 
 812 ,  32 .   5 
 813 ,  33 .   7 
 819 ,  33 .  94 
 816 ,  32 .  34 
 811 ,  34 .   8 
 815 ,  34 .   8 
 818 ,  33 .   7 
 812 ,  34 .  23 
 813 ,  33 .  36 
 814 ,  34 .  52 
 816 ,  33 .  36 
 818 ,  33 .  36 
 814 ,  34 .   8 
 813 ,  33 .  94 
 816 ,  33 .   7 
 815 ,  33 .   7 
 812 ,  33 .  36 
 811 ,  33 .   7 
 816 ,  31 .  91 
 813 ,  32 .  78 
 813 ,  33 .   7 
 817 ,  35 .  10 
 819 ,  33 .  36 
 815 ,  32 .  34 
 813 ,  32 .  78 
 815 ,  33 .  50 
 817 ,  33 .  36 
 815 ,  34 .  23 
 809 ,  33 .  21 
 816 ,  33 .  50 
 816 ,  33 .  50 
 816 ,  32 .  34 
 813 ,  33 .  36 
 818 ,  33 .  94 
 818 ,  33 .  50 
 814 ,  34 .  23 
 810 ,  34 .  23 
 810 ,  33 .  21 
 817 ,  34 .  23 
 811 ,  31 .  62 
 812 ,  33 .  50 
 817 ,  33 .   7 
 815 ,  32 .  34 
 813 ,  33 .  94 
 812 ,  32 .  78 
 817 ,  32 .  34 
 816 ,  34 .  23 
 813 ,  33 .  21 
 811 ,  33 .   7 
 815 ,  33 .  94 
 815 ,  32 .  34 
 814 ,  32 .  34 
 814 ,  33 .  94 
 816 ,  31 .  91 
 816 ,  32 .  34 
 813 ,  32 .  34 
 812 ,  32 .  20 
 818 ,  33 .  36 
 818 ,  33 .  94 
 814 ,  33 .  36 
 814 ,  33 .  50 
 817 ,  33 .  36 
 815 ,  32 .  34 
 816 ,  32 .  34 
 815 ,  33 .  21 
 817 ,  33 .  50 
 817 ,  33 .  36 
 812 ,  32 .  34 
 813 ,  32 .  92 
 817 ,  33 .  36 
 818 ,  33 .  50 
 814 ,  33 .  21 
 811 ,  33 .  50 
 815 ,  33 .   7 
 818 ,  38 .   0 
 814 ,  33 .  94 
 814 ,  33 .  50 
 816 ,  34 .  23 
 817 ,  33 .   7 
 813 ,  33 .  65 
 812 ,  33 .   7 
 818 ,  32 .  20 
 816 ,  33 .  36 
 818 ,  32 .  63 
 811 ,  32 .  78 
 816 ,  32 .  92 
 815 ,  32 .  34 
 811 ,  33 .  50 
 812 ,  32 .  34 
 816 ,  34 .   8 
 817 ,  32 .  92 
 813 ,  32 .  20 
 813 ,  33 .   7 
 816 ,  32 .   5 
 816 ,  32 .  92 
 814 ,  34 .  52 
 811 ,  33 .  36 
 818 ,  32 .  92 
 818 ,  32 .  34 
 812 ,  33 .  50 
 814 ,  33 .  36 
 814 ,  32 .  92 
 818 ,  33 .  50 
 813 ,  33 .   7 
 812 ,  33 .  50 
 817 ,  33 .   7 
 816 ,  32 .  34 
 813 ,  33 .  50 
 809 ,  33 .   7 
 816 ,  33 .  21 
 816 ,  32 .  34 
 813 ,  33 .  36 
 812 ,  33 .  36 
 814 ,  33 .  50 
 818 ,  33 .  50 
 812 ,  33 .  94 
 814 ,  33 .  21 
 818 ,  34 .  37 
 817 ,  32 .  78 
 812 ,  33 .  21 
 813 ,  32 .  34 
 817 ,  33 .  36 
 818 ,  32 .  78 
 811 ,  33 .   7 
 815 ,  32 .  78 
 819 ,  33 .   7 
 818 ,  33 .  94 
 810 ,  33 .  50 
 814 ,  33 .   7 
 816 ,  33 .  79 
 814 ,  33 .  50 
 811 ,  34 .  52 
 816 ,  33 .  50 
 819 ,  33 .   7 
 819 ,  33 .   7 
 812 ,  33 .  36 
 814 ,  33 .  79 
 818 ,  34 .  23 
 819 ,  33 .  50 
 816 ,  33 .  94 
 816 ,  33 .   7 
 819 ,  33 .  94 
 817 ,  33 .   7 
 812 ,  33 .  50 
 815 ,  32 .  34 
 817 ,  33 .  50 
 821 ,  33 .  50 
 812 ,  33 .  36 
 812 ,  33 .  36 
 818 ,  33 .  50 
 817 ,  32 .  34 
 812 ,  33 .  36 
 811 ,  33 .  21 
 817 ,  33 .   7 
 817 ,  33 .   7 
 813 ,  33 .  50 
 813 ,  33 .  21 
 817 ,  32 .  34 
 813 ,  34 .  66 
 812 ,  32 .  20 
 815 ,  33 .  94 
 818 ,  32 .  34 
 816 ,  32 .  34 
 810 ,  32 .  92 
 812 ,  33 .  36 
 818 ,  32 .  34 
 816 ,  33 .  50 
 812 ,  32 .  92 
 817 ,  33 .  50 
 817 ,  32 .  92 
 814 ,  34 .  23 
 813 ,  34 .  23 
 815 ,  33 .  21 
 817 ,  33 .  50 
 816 ,  33 .  50 
 812 ,  32 .  34 
 813 ,  32 .  20 
 817 ,  32 .  34 
 822 ,  33 .   7 
 811 ,  32 .  34 
 816 ,  33 .  79 
 816 ,  32 .  34 
 816 ,  33 .  21 
 812 ,  33 .  21 
 816 ,  32 .  92 
 821 ,  33 .  36 
 818 ,  33 .  36 
 812 ,  33 .  94 
 814 ,  32 .  20 
 818 ,  33 .  50 
 814 ,  33 .  94 
 812 ,  33 .  94 
 814 ,  33 .  50 
 818 ,  34 .   8 
 812 ,  34 .   8 
 809 ,  32 .  34 
 812 ,  32 .  78 
 816 ,  32 .  92 
 816 ,  33 .  50 
 810 ,  33 .  50 
 815 ,  32 .  34 
 816 ,  33 .  36 
 818 ,  32 .  20 
 810 ,  33 .  36 
 814 ,  32 .  92 
 815 ,  33 .   7 
 816 ,  32 .  92 
 810 ,  32 .  34 
 811 ,  33 .  36 
 819 ,  32 .  63 
 816 ,  33 .   7 
 814 ,  32 .  34 
 814 ,  33 .   7 
 820 ,  33 .  36 
 816 ,  32 .  92 
 811 ,  33 .  50 
 813 ,  32 .   5 
 817 ,  33 .  50 
 813 ,  32 .  78 
 812 ,  32 .  92 
 814 ,  33 .  36 
 820 ,  32 .  78 
 813 ,  32 .  34 
 810 ,  32 .  78 
 813 ,  33 .  50 
 816 ,  33 .  36 
 814 ,  33 .  50 
 814 ,  34 .  37 
 815 ,  33 .  36 
 818 ,  34 .  23 
 817 ,  33 .  50 
 813 ,  33 .  50 
 813 ,  34 .  52 
 818 ,  32 .  34 
 816 ,  32 .  92 
 812 ,  32 .  34 
 813 ,  33 .   7 
 817 ,  33 .  50 
 813 ,  33 .  21 
 810 ,  33 .  50 
 816 ,  33 .   7 
 816 ,  32 .  34 
 817 ,  32 .  78 
 811 ,  33 .   7 
 816 ,  34 .  37 
 816 ,  32 .  78 
 813 ,  33 .   7 
 813 ,  32 .  34 
 810 ,  33 .  36 
 816 ,  33 .  36 
 815 ,  32 .  20 
 815 ,  34 .  66 
 814 ,  33 .  94 
 816 ,  32 .  92 
 818 ,  33 .  50 
 815 ,  33 .  36 
 816 ,  32 .  34 
 818 ,  32 .  92 
 821 ,  33 .   7 
 808 ,  32 .  34 
 813 ,  32 .  92 
 820 ,  33 .  36 
 813 ,  32 .  92 
 811 ,  33 .  36 
 818 ,  32 .  92 
 816 ,  33 .  94 
 811 ,  33 .  36 
 815 ,  32 .  92 
 814 ,  32 .  34 
 817 ,  35 .  82 
 815 ,  33 .  50 
 813 ,  33 .  21 
 817 ,  33 .   7 
 820 ,  34 .  81 
 814 ,  32 .  78 
 814 ,  33 .  94 
 811 ,  33 .  50 
 818 ,  33 .  50 
 814 ,  34 .  52 
 813 ,  33 .  50 
 816 ,  32 .  92 
 819 ,  33 .  94 
 814 ,  32 .  34 
 810 ,  33 .  94 
 815 ,  33 .  50 
 819 ,  33 .  36 
 814 ,  32 .  92 
 812 ,  32 .  92 
 815 ,  34 .  37 
 816 ,  33 .  50 
 816 ,  33 .   7 
 811 ,  33 .  50 
 814 ,  32 .  92 
 816 ,  32 .  20 
 813 ,  33 .   7 
 811 ,  33 .  36 
 813 ,  33 .  50 
 816 ,  33 .  36 
 814 ,  33 .  94 
 814 ,  33 .  94 
 814 ,  33 .  94 
 814 ,  35 .  10 
 809 ,  33 .  21 
 807 ,  32 .  78 
 816 ,  32 .  34 
 814 ,  32 .  20 
 813 ,  33 .  36 
 814 ,  33 .  36 
 815 ,  32 .  92 
 816 ,  32 .  34 
 813 ,  32 .  78 
 809 ,  32 .  34 
 813 ,  32 .  78 
 815 ,  33 .  21 
 814 ,  32 .  92 
 811 ,  32 .  20 
 814 ,  34 .   8 
 817 ,  32 .  34 
 811 ,  33 .  94 
 811 ,  32 .  34 
 813 ,  32 .  34 
 816 ,  33 .  50 
 813 ,  34 .   8 
 81