 
 116 ,  58 .  45 
 117 ,  58 .  74 
 120 ,  58 .  74 
 119 ,  58 .  30 
 118 ,  58 .  45 
 116 ,  59 .  46 
 116 ,  58 .  16 
 117 ,  58 .  45 
 113 ,  59 .  32 
 113 ,  59 .   3 
 113 ,  57 .  29 
 115 ,  58 .  45 
 114 ,  58 .  74 
 117 ,  59 .   3 
 117 ,  57 .  72 
 116 ,  58 .  88 
 118 ,  59 .  32 
 115 ,  58 .  45 
 115 ,  58 .  30 
 115 ,  58 .  74 
 118 ,  57 .  29 
 115 ,  58 .  30 
 113 ,  58 .  88 
 116 ,  57 .  43 
 112 ,  57 .  43 
 116 ,  57 .  87 
 117 ,  57 .  87 
 118 ,  59 .  46 
 118 ,  58 .  45 
 116 ,  59 .  46 
 116 ,  57 .  87 
 116 ,  55 .  55 
 113 ,  58 .  59 
 114 ,  58 .  74 
 116 ,  57 .  72 
 115 ,  58 .  30 
 116 ,  57 .  72 
 119 ,  57 .  87 
 118 ,  58 .  88 
 118 ,  59 .   3 
 116 ,  58 .  88 
 117 ,  58 .  16 
 113 ,  58 .  45 
 119 ,  58 .  45 
 116 ,  58 .  45 
 113 ,  56 .  71 
 113 ,  57 .  87 
 114 ,  57 .  29 
 117 ,  57 .  87 
 118 ,  57 .  87 
 115 ,  58 .   1 
 113 ,  58 .  45 
 117 ,  58 .  16 
 115 ,  57 .  87 
 115 ,  57 .  87 
 114 ,  56 .  71 
 117 ,  57 .  87 
 118 ,  57 .   0 
 114 ,  56 .  71 
 116 ,  58 .  88 
 112 ,  57 .  14 
 113 ,  57 .  87 
 115 ,  57 .  58 
 112 ,  58 .  16 
 115 ,  58 .  16 
 116 ,  56 .  71 
 104 ,  55 .  98 
 112 ,  57 .  87 
 118 ,  58 .  30 
 115 ,  58 .  45 
 114 ,  59 .   3 
 114 ,  57 .  29 
 114 ,  58 .   1 
 113 ,  58 .   1 
 112 ,  59 .   3 
 109 ,  56 .  71 
 114 ,  59 .   3 
 117 ,  58 .  45 
 115 ,  56 .  56 
 112 ,  58 .  30 
 113 ,  58 .  59 
 113 ,  57 .  72 
 116 ,  57 .  87 
 114 ,  58 .  16 
 115 ,  58 .  88 
 114 ,  58 .  30 
 111 ,  55 .  55 
 115 ,  57 .  14 
 114 ,  56 .  71 
 114 ,  57 .  29 
 110 ,  56 .  71 
 113 ,  58 .  74 
 114 ,  55 .  55 
 113 ,  58 .  16 
 112 ,  56 .  56 
 113 ,  56 .  71 
 113 ,  57 .  87 
 114 ,  58 .  45 
 115 ,  57 .  87 
 113 ,  56 .  56 
 113 ,  58 .  45 
 113 ,  58 .  30 
 113 ,  58 .  45 
 115 ,  57 .  29 
 116 ,  57 .  87 
 115 ,  57 .  14 
 112 ,  56 .  71 
 113 ,  57 .  14 
 117 ,  57 .  72 
 115 ,  57 .  29 
 114 ,  58 .  30 
 114 ,  57 .  87 
 114 ,  57 .  14 
 115 ,  58 .   1 
 116 ,  57 .  29 
 113 ,  57 .  29 
 113 ,  57 .  43 
 115 ,  58 .  16 
 116 ,  57 .  58 
 115 ,  56 .  71 
 113 ,  56 .  56 
 120 ,  57 .  87 
 113 ,  56 .  71 
 110 ,  57 .  14 
 114 ,  57 .  29 
 112 ,  57 .  29 
 114 ,  56 .  42 
 112 ,  56 .  71 
 116 ,  57 .  72 
 112 ,  56 .  71 
 112 ,  57 .  87 
 113 ,  57 .   0 
 114 ,  57 .  87 
 116 ,  57 .  29 
 113 ,  58 .  30 
 112 ,  57 .  29 
 111 ,  57 .  87 
 116 ,  57 .  58 
 116 ,  57 .  43 
 112 ,  57 .  87 
 111 ,  59 .   3 
 115 ,  57 .  87 
 114 ,  58 .  45 
 117 ,  59 .   3 
 112 ,  57 .  29 
 113 ,  56 .  71 
 113 ,  56 .  71 
 109 ,  57 .  87 
 112 ,  57 .  58 
 116 ,  57 .  14 
 115 ,  59 .   3 
 112 ,  56 .  13 
 114 ,  56 .  71 
 112 ,  56 .  71 
 113 ,  57 .  29 
 113 ,  57 .  29 
 112 ,  58 .  16 
 115 ,  58 .  59 
 114 ,  57 .  87 
 114 ,  57 .  14 
 112 ,  58 .   1 
 113 ,  56 .  71 
 113 ,  57 .  87 
 111 ,  56 .  13 
 114 ,  57 .  29 
 116 ,  57 .  87 
 114 ,  57 .  43 
 111 ,  56 .  71 
 114 ,  58 .  59 
 118 ,  57 .  43 
 114 ,  57 .  87 
 112 ,  57 .  87 
 113 ,  57 .  87 
 112 ,  57 .  14 
 113 ,  58 .  45 
 114 ,  57 .  14 
 112 ,  57 .  43 
 116 ,  56 .  71 
 110 ,  58 .  16 
 114 ,  57 .  87 
 112 ,  56 .  56 
 114 ,  57 .  43 
 115 ,  58 .  59 
 114 ,  57 .  14 
 112 ,  57 .  72 
 114 ,  59 .   3 
 114 ,  57 .  72 
 115 ,  57 .  87 
 114 ,  54 .  82 
 116 ,  58 .  45 
 115 ,  56 .  71 
 113 ,  57 .  87 
 113 ,  57 .  29 
 113 ,  58 .  30 
 113 ,  57 .  87 
 114 ,  57 .  72 
 114 ,  57 .  29 
 112 ,  58 .  88 
 112 ,  57 .  29 
 110 ,  56 .  56 
 112 ,  56 .  71 
 113 ,  56 .  71 
 113 ,  57 .  29 
 114 ,  59 .   3 
 114 ,  56 .  71 
 118 ,  57 .  58 
 114 ,  59 .  61 
 118 ,  59 .   3 
 118 ,  57 .  87 
 116 ,  57 .  72 
 114 ,  58 .   1 
 109 ,  57 .  72 
 113 ,  57 .  58 
 117 ,  58 .  30 
 113 ,  58 .  30 
 111 ,  57 .  87 
 114 ,  57 .  72 
 116 ,  57 .  29 
 113 ,  57 .  87 
 114 ,  57 .  58 
 114 ,  58 .  16 
 118 ,  57 .  87 
 114 ,  58 .   1 
 112 ,  58 .  59 
 112 ,  57 .  29 
 110 ,  57 .  29 
 113 ,  58 .  30 
 112 ,  57 .  72 
 112 ,  57 .  14 
 112 ,  57 .  87 
 120 ,  57 .  29 
 115 ,  58 .  45 
 114 ,  58 .   1 
 113 ,  58 .  45 
 112 ,  56 .  71 
 109 ,  58 .  45 
 110 ,  57 .  29 
 112 ,  56 .  42 
 109 ,  57 .  58 
 113 ,  57 .  87 
 113 ,  57 .  29 
 118 ,  58 .  16 
 114 ,  58 .  59 
 112 ,  57 .  58 
 118 ,  58 .  45 
 115 ,  57 .  87 
 111 ,  59 .   3 
 114 ,  57 .  14 
 114 ,  57 .  29 
 113 ,  58 .   1 
 112 ,  57 .  29 
 114 ,  57 .  29 
 112 ,  57 .  87 
 114 ,  58 .  30 
 114 ,  58 .  16 
 112 ,  58 .  30 
 112 ,  57 .  29 
 117 ,  57 .  72 
 110 ,  58 .  45 
 109 ,  57 .  29 
 110 ,  58 .  30 
 113 ,  57 .  58 
 108 ,  57 .  87 
 113 ,  57 .  29 
 110 ,  58 .  16 
 115 ,  57 .  87 
 110 ,  57 .  14 
 115 ,  58 .  45 
 114 ,  57 .  14 
 115 ,  58 .  45 
 114 ,  59 .   3 
 114 ,  59 .  46 
 111 ,  55 .  84 
 112 ,  55 .  40 
 111 ,  59 .   3 
 109 ,  59 .  32 
 110 ,  57 .  72 
 113 ,  56 .  71 
 112 ,  57 .  58 
 111 ,  56 .  27 
 113 ,  56 .  71 
 117 ,  57 .  87 
 110 ,  57 .  87 
 112 ,  57 .  14 
 111 ,  58 .   1 
 116 ,  58 .  45 
 111 ,  57 .  29 
 109 ,  56 .  71 
 111 ,  57 .   0 
 110 ,  57 .  87 
 114 ,  58 .  88 
 111 ,  57 .  14 
 115 ,  57 .  29 
 110 ,  57 .  72 
 108 ,  57 .  14 
 108 ,  57 .  43 
 112 ,  57 .  29 
 112 ,  56 .  71 
 112 ,  58 .  16 
 108 ,  56 .  71 
 112 ,  59 .   3 
 113 ,  57 .  14 
 112 ,  58 .  74 
 112 ,  58 .  59 
 112 ,  56 .  56 
 114 ,  58 .  88 
 112 ,  58 .  45 
 108 ,  58 .   1 
 109 ,  58 .  30 
 113 ,  57 .  72 
 111 ,  58 .  45 
 109 ,  57 .  72 
 109 ,  56 .  71 
 109 ,  57 .  87 
 109 ,  57 .  87 
 108 ,  57 .  14 
 112 ,  57 .  87 
 114 ,  58 .  30 
 114 ,  57 .  87 
 111 ,  57 .  14 
 114 ,  56 .  71 
 115 ,  57 .  29 
 111 ,  58 .   1 
 112 ,  56 .  56 
 113 ,  57 .  14 
 110 ,  57 .  29 
 110 ,  57 .  29 
 111 ,  57 .  29 
 109 ,  56 .  71 
 112 ,  57 .  58 
 112 ,  56 .  13 
 113 ,  58 .  45 
 109 ,  57 .  87 
 109 ,  56 .  71 
 112 ,  58 .  59 
 111 ,  58 .  30 
 111 ,  57 .  14 
 114 ,  57 .  87 
 112 ,  58 .  74 
 112 ,  58 .  88 
 112 ,  57 .  14 
 114 ,  57 .  72 
 110 ,  58 .   1 
 113 ,  57 .  29 
 111 ,  57 .  14 
 113 ,  57 .  58 
 110 ,  57 .  58 
 112 ,  56 .  71 
 115 ,  57 .  29 
 114 ,  57 .  29 
 114 ,  57 .  87 
 110 ,  58 .  45 
 112 ,  56 .  71 
 112 ,  58 .   1 
 109 ,  57 .  87 
 110 ,  56 .  27 
 112 ,  55 .  55 
 111 ,  57 .  29 
 111 ,  56 .  56 
 112 ,  57 .  58 
 110 ,  57 .  14 
 114 ,  57 .  87 
 110 ,  57 .  29 
 109 ,  58 .  88 
 112 ,  57 .  72 
 113 ,  56 .  71 
 112 ,  57 .  58 
 109 ,  57 .  58 
 112 ,  56 .  71 
 112 ,  56 .  56 
 113 ,  57 .  14 
 112 ,  59 .   3 
 112 ,  56 .  71 
 113 ,  56 .  71 
 113 ,  56 .  27 
 112 ,  57 .  14 
 111 ,  57 .  72 
 116 ,  57 .  58 
 109 ,  57 .  14 
 113 ,  57 .  43 
 113 ,  56 .  71 
 113 ,  57 .  29 
 111 ,  57 .  72 
 114 ,  57 .  87 
 114 ,  58 .   1 
 112 ,  60 .  77 
 113 ,  59 .   3 
 112 ,  55 .  55 
 112 ,  56 .  56 
 113 ,  57 .  29 
 113 ,  57 .  29 
 114 ,  57 .  72 
 112 ,  57 .  58 
 112 ,  57 .  43 
 111 ,  57 .  29 
 112 ,  58 .  30 
 114 ,  57 .  29 
 112 ,  57 .  87 
 114 ,  58 .  74 
 113 ,  58 .  45 
 112 ,  58 .  45 
 116 ,  57 .  72 
 112 ,  58 .  30 
 113 ,  58 .  74 
 114 ,  57 .  72 
 118 ,  58 .  30 
 114 ,  59 .   3 
 112 ,  56 .  56 
 114 ,  56 .  56 
 113 ,  57 .   0 
 108 ,  57 .  87 
 113 ,  57 .  29 
 114 ,  57 .  72 
 114 ,  57 .  87 
 115 ,  57 .  29 
 112 ,  57 .  29 
 113 ,  56 .  71 
 113 ,  57 .  87 
 113 ,  58 .  30 
 115 ,  57 .  29 
 115 ,  57 .  58 
 111 ,  57 .  87 
 114 ,  58 .  30 
 112 ,  57 .  29 
 109 ,  53 .  22 
 113 ,  57 .  43 
 113 ,  57 .  14 
 111 ,  57 .  58 
 109 ,  56 .  42 
 113 ,  58 .  16 
 112 ,  58 .  45 
 113 ,  62 .  51 
 109 ,  57 .  58 
 113 ,  57 .  72 
 107 ,  58 .  45 
 113 ,  56 .  71 
 113 ,  56 .  71 
 112 ,  57 .  29 
 113 ,  58 .  45 
 110 ,  56 .  71 
 112 ,  57 .  87 
 113 ,  57 .  29 
 114 ,  57 .  87 
 112 ,  58 .  45 
 108 ,  55 .  98 
 112 ,  57 .  29 
 112 ,  57 .  14 
 111 ,  57 .  87 
 113 ,  56 .  71 
 115 ,  57 .  29 
 110 ,  58 .  45 
 114 ,  58 .  30 
 114 ,  57 .  87 
 115 ,  57 .  72 
 109 ,  56 .  13 
 115 ,  57 .  29 
 109 ,  56 .  13 
 112 ,  57 .  29 
 109 ,  56 .  71 
 109 ,  58 .  16 
 113 ,  57 .  29 
 113 ,  57 .  29 
 110 ,  58 .  74 
 111 ,  59 .   3 
 112 ,  57 .  72 
 114 ,  57 .  29 
 111 ,  58 .  45 
 112 ,  57 .  87 
 111 ,  56 .  71 
 114 ,  57 .  29 
 112 ,  56 .  71 
 110 ,  56 .  27 
 109 ,  57 .  29 
 116 ,  59 .  32 
 110 ,  57 .  87 
 112 ,  58 .  30 
 114 ,  57 .  29 
 115 ,  58 .   1 
 111 ,  58 .  30 
 111 ,  57 .   0 
 112 ,  56 .  71 
 112 ,  57 .  29 
 111 ,  58 .  88 
 112 ,  57 .  29 
 112 ,  57 .  14 
 112 ,  57 .  87 
 109 ,  57 .  58 
 116 ,  56 .  71 
 112 ,  56 .  71 
 110 ,  57 .  29 
 113 ,  57 .  14 
 110 ,  57 .  87 
 114 ,  57 .  87 
 113 ,  58 .   1 
 112 ,  58 .  74 
 109 ,  57 .  87 
 111 ,  55 .  55 
 112 ,  57 .  58 
 112 ,  58 .  45 
 112 ,  57 .  72 
 116 ,  56 .  71 
 116 ,  57 .  72 
 112 ,  58 .  30 
 113 ,  57 .  58 
 113 ,  58 .  45 
 115 ,  56 .  27 
 111 ,  58 .  30 
 113 ,  57 .  87 
 112 ,  57 .  72 
 112 ,  58 .  88 
 114 ,  57 .  72 
 113 ,  58 .  88 
 111 ,  56 .  56 
 109 ,  56 .  71 
 110 ,  56 .  71 
 110 ,  55 .  55 
 112 ,  57 .  58 
 115 ,  57 .  58 
 111 ,  56 .  71 
 109 ,  56 .  71 
 110 ,  58 .  30 
 113 ,  56 .  71 
 110 ,  56 .  13 
 112 ,  57 .  58 
 110 ,  57 .  58 
 113 ,  56 .  71 
 112 ,  58 .  30 
 112 ,  56 .  71 
 111 ,  55 .  40 
 114 ,  57 .  87 
 113 ,  58 .  74 
 114 ,  59 .  75 
 114 ,  57 .  43 
 112 ,  57 .  87 
 114 ,  56 .  13 
 109 ,  56 .  56 
 109 ,  57 .  14 
 109 ,  57 .  29 
 109 ,  57 .  14 
 111 ,  57 .  58 
 112 ,  57 .  29 
 114 ,  57 .  58 
 116 ,  55 .  98 
 110 ,  57 .  72 
 115 ,  57 .  14 
 114 ,  57 .  43 
 114 ,  58 .  59 
 114 ,  57 .  72 
 112 ,  57 .  72 
 114 ,  57 .  72 
 114 ,  57 .  87 
 112 ,  57 .  14 
 108 ,  58 .  30 
 116 ,  56 .  56 
 113 ,  57 .  14 
 109 ,  57 .  29 
 113 ,  57 .  29 
 115 ,  56 .  27 
 109 ,  57 .  72 
 112 ,  58 .  59 
 111 ,  57 .  43 
 113 ,  56 .  56 
 114 ,  59 .  46 
 112 ,  58 .  45 
 112 ,  57 .  87 
 116 ,  58 .  16 
 113 ,  57 .  87 
 112 ,  56 .  71 
 112 ,  56 .  71 
 112 ,  55 .  98 
 111 ,  57 .  87 
 114 ,  57 .  29 
 114 ,  58 .   1 
 112 ,  57 .  29 
 111 ,  57 .   0 
 111 ,  58 .  59 
 111 ,  56 .  13 
 110 ,  57 .  14 
 110 ,  59 .   3 
 112 ,  56 .  56 
 114 ,  57 .  58 
 111 ,  57 .  43 
 114 ,  57 .  29 
 114 ,  56 .  71 
 112 ,  58 .   1 
 112 ,  57 .  72 
 111 ,  56 .  71 
 112 ,  56 .  71 
 112 ,  56 .  71 
 112 ,  57 .  72 
 111 ,  58 .  45 
 111 ,  58 .  74 
 109 ,  57 .  29 
 115 ,  57 .  14 
 113 ,  57 .  72 
 111 ,  58 .  88 
 106 ,  57 .  72 
 112 ,  57 .  72 
 120 ,  58 .  30 
 111 ,  56 .  13 
 114 ,  57 .  29 
 114 ,  57 .  29 
 109 ,  55 .  98 
 111 ,  56 .  71 
 111 ,  56 .  56 
 112 ,  56 .  71 
 112 ,  56 .  71 
 113 ,  58 .  74 
 112 ,  57 .  14 
 114 ,  57 .  72 
 111 ,  58 .  30 
 110 ,  58 .  30 
 114 ,  57 .  72 
 110 ,  57 .  87 
 114 ,  56 .  13 
 113 ,  56 .  56 
 109 ,  57 .  14 
 109 ,  57 .  29 
 111 ,  56 .  71 
 112 ,  58 .  30 
 112 ,  56 .  71 
 111 ,  56 .  56 
 108 ,  57 .  87 
 114 ,  58 .  59 
 110 ,  57 .  87 
 115 ,  58 .   1 
 109 ,  58 .  45 
 112 ,  58 .  45 
 109 ,  56 .  85 
 113 ,  57 .  87 
 113 ,  57 .  14 
 112 ,  56 .  71 
 113 ,  57 .  72 
 115 ,  58 .  45 
 112 ,  57 .  58 
 112 ,  56 .  71 
 113 ,  55 .  84 
 111 ,  56 .  85 
 112 ,  55 .  55 
 110 ,  58 .  30 
 112 ,  57 .  29 
 113 ,  56 .  56 
 111 ,  57 .  87 
 111 ,  56 .  71 
 110 ,  57 .  87 
 112 ,  57 .  29 
 109 ,  56 .  71 
 112 ,  56 .  71 
 111 ,  58 .  30 
 112 ,  57 .  29 
 112 ,  57 .   0 
 109 ,  57 .  87 
 114 ,  59 .   3 
 114 ,  58 .  45 
 111 ,  58 .  88 
 114 ,  59 .   3 
 113 ,  57 .  14 
 112 ,  57 .  72 
 110 ,  58 .   1 
 109 ,  57 .  72 
 113 ,  56 .  71 
 113 ,  56 .  71 
 109 ,  58 .  45 
 111 ,  57 .  29 
 111 ,  57 .  14 
 109 ,  56 .  71 
 111 ,  56 .  71 
 111 ,  55 .  55 
 112 ,  56 .  71 
 119 ,  56 .  13 
 111 ,  57 .  72 
 112 ,  57 .  14 
 108 ,  56 .  27 
 110 ,  56 .  71 
 111 ,  58 .  45 
 113 ,  57 .  29 
 112 ,  57 .  14 
 112 ,  57 .  14 
 112 ,  57 .  58 
 113 ,  57 .  29 
 111 ,  56 .  71 
 110 ,  57 .  87 
 111 ,  56 .  71 
 114 ,  56 .  71 
 112 ,  58 .  30 
 114 ,  56 .  71 
 113 ,  58 .  30 
 112 ,  58 .  30 
 110 ,  57 .  29 
 115 ,  57 .  14 
 108 ,  57 .  14 
 109 ,  57 .  72 
 108 ,  56 .  71 
 108 ,  57 .  58 
 111 ,  58 .  45 
 111 ,  56 .  71 
 111 ,  56 .  56 
 108 ,  56 .  56 
 112 ,  57 .  72 
 112 ,  56 .  56 
 115 ,  57 .  43 
 114 ,  57 .  87 
 114 ,  57 .  29 
 111 ,  58 .  45 
 109 ,  56 .  71 
 116 ,  57 .  29 
 111 ,  58 .  45 
 112 ,  56 .  71 
 113 ,  57 .  29 
 113 ,  56 .  71 
 111 ,  56 .  71 
 112 ,  57 .  29 
 111 ,  56 .  71 
 114 ,  56 .  27 
 114 ,  57 .  72 
 111 ,  58 .  59 
 112 ,  55 .  98 
 110 ,  56 .  85 
 111 ,  58 .  74 
 113 ,  57 .  29 
 113 ,  56 .  71 
 113 ,  57 .  72 
 112 ,  57 .  87 
 114 ,  59 .  46 
 111 ,  56 .  56 
 113 ,  56 .  71 
 109 ,  57 .  87 
 115 ,  56 .  71 
 109 ,  56 .  71 
 112 ,  57 .  58 
 109 ,  56 .  71 
 107 ,  56 .  13 
 112 ,  55 .  55 
 113 ,  56 .  71 
 109 ,  56 .  71 
 111 ,  56 .  56 
 112 ,  57 .  14 
 115 ,  56 .  27 
 109 ,  57 .  87 
 116 ,  57 .  87 
 110 ,  57 .  14 
 112 ,  58 .  45 
 110 ,  56 .  13 
 112 ,  56 .  85 
 111 ,  55 .  55 
 113 ,  58 .  88 
 110 ,  56 .  71 
 109 ,  58 .  45 
 109 ,  57 .  58 
 109 ,  57 .  58 
 112 ,  58 .  45 
 112 ,  56 .  42 
 112 ,  56 .  71 
 109 ,  57 .  58 
 113 ,  58 .  45 
 110 ,  56 .  13 
 111 ,  57 .  29 
 115 ,  57 .  87 
 114 ,  57 .  14 
 110 ,  57 .  43 
 111 ,  56 .  56 
 115 ,  56 .  71 
 107 ,  55 .  55 
 110 ,  55 .  98 
 112 ,  57 .  29 
 111 ,  57 .  29 
 113 ,  57 .  58 
 115 ,  56 .  71 
 112 ,  56 .  71 
 112 ,  58 .  88 
 110 ,  58 .  74 
 116 ,  56 .  71 
 112 ,  56 .  71 
 112 ,  57 .  29 
 108 ,  57 .   0 
 111 ,  56 .  13 
 112 ,  56 .  42 
 106 ,  57 .  87 
 113 ,  57 .  29 
 110 ,  57 .  72 
 114 ,  58 .  59 
 114 ,  57 .  87 
 114 ,  58 .  45 
 110 ,  58 .  30 
 112 ,  56 .  85 
 113 ,  57 .  29 
 108 ,  58 .  45 
 110 ,  57 .  87 
 112 ,  57 .  29 
 114 ,  57 .  87 
 111 ,  58 .  30 
 112 ,  56 .  71 
 112 ,  57 .  29 
 112 ,  56 .  71 
 111 ,  56 .  42 
 112 ,  56 .  13 
 108 ,  56 .  71 
 112 ,  56 .  71 
 112 ,  56 .  71 
 112 ,  56 .  13 
 115 ,  56 .  13 
 113 ,  57 .  87 
 112 ,  57 .  29 
 116 ,  57 .   0 
 116 ,  57 .  14 
 118 ,  57 .  58 
 114 ,  56 .  71 
 114 ,  57 .  43 
 115 ,  58 .  45 
 114 ,  56 .  71 
 114 ,  57 .  43 
 116 ,  57 .  43 
 114 ,  58 .  45 
 112 ,  57 .  72 
 114 ,  58 .  30 
 112 ,  58 .  88 
 114 ,  57 .  14 
 116 ,  57 .  14 
 112 ,  58 .   1 
 113 ,  56 .  56 
 112 ,  56 .  71 
 113 ,  57 .  29 
 115 ,  58 .  59 
 115 ,  57 .  29 
 114 ,  57 .  58 
 118 ,  57 .  14 
 115 ,  57 .  43 
 112 ,  57 .  43 
 114 ,  57 .  87 
 116 ,  56 .  13 
 114 ,  57 .  72 
 114 ,  58 .   1 
 113 ,  57 .  29 
 118 ,  57 .  72 
 115 ,  58 .  45 
 113 ,  57 .  29 
 113 ,  56 .  71 
 117 ,  56 .  71 
 115 ,  56 .  13 
 115 ,  57 .  87 
 118 ,  57 .  29 
 115 ,  57 .  14 
 115 ,  58 .   1 
 113 ,  57 .  29 
 113 ,  59 .   3 
 115 ,  57 .  29 
 113 ,  58 .  45 
 112 ,  58 .   1 
 118 ,  57 .  43 
 115 ,  57 .  87 
 112 ,  58 .   1 
 112 ,  57 .  87 
 112 ,  56 .  27 
 113 ,  56 .  71 
 111 ,  57 .  87 
 113 ,  57 .  29 
 114 ,  57 .  43 
 114 ,  56 .  71 
 112 ,  56 .  71 
 110 ,  56 .  42 
 114 ,  56 .  27 
 115 ,  57 .  14 
 112 ,  57 .  29 
 114 ,  58 .  30 
 110 ,  57 .  29 
 112 ,  57 .  43 
 112 ,  58 .   1 
 113 ,  56 .  71 
 113 ,  56 .  71 
 114 ,  57 .  29 
 113 ,  56 .  56 
 114 ,  56 .  42 
 114 ,  58 .  59 
 114 ,  58 .  16 
 111 ,  56 .  71 
 114 ,  56 .  71 
 114 ,  58 .  59 
 112 ,  56 .  71 
 114 ,  58 .  88 
 110 ,  56 .  13 
 114 ,  56 .  71 
 111 ,  57 .  14 
 111 ,  58 .  30 
 110 ,  58 .  30 
 111 ,  56 .  71 
 114 ,  56 .  56 
 111 ,  56 .  71 
 119 ,  55 .  55 
 112 ,  56 .  71 
 112 ,  57 .  29 
 108 ,  56 .  56 
 111 ,  56 .  56 
 114 ,  57 .  87 
 112 ,  56 .  13 
 114 ,  56 .  71 
 115 ,  57 .  14 
 110 ,  57 .  29 
 111 ,  57 .  29 
 113 ,  58 .  45 
 110 ,  57 .  87 
 113 ,  56 .  71 
 113 ,  57 .  14 
 113 ,  59 .   3 
 114 ,  57 .   0 
 110 ,  56 .  56 
 116 ,  56 .  13 
 111 ,  58 .   1 
 112 ,  56 .  71 
 111 ,  57 .  14 
 108 ,  56 .  71 
 113 ,  56 .  13 
 112 ,  56 .  71 
 112 ,  58 .  45 
 113 ,  56 .  71 
 111 ,  57 .  87 
 111 ,  58 .  16 
 110 ,  57 .  14 
 114 ,  56 .  13 
 110 ,  58 .  74 
 112 ,  57 .  58 
 112 ,  57 .  43 
 111 ,  55 .  55 
 116 ,  56 .  71 
 110 ,  56 .  71 
 113 ,  56 .  71 
 113 ,  56 .  71 
 113 ,  56 .  56 
 115 ,  58 .  74 
 111 ,  55 .  55 
 112 ,  57 .  29 
 115 ,  58 .  16 
 112 ,  53 .  95 
 111 ,  56 .  13 
 113 ,  56 .  71 
 108 ,  55 .  98 
 113 ,  56 .  71 
 112 ,  57 .  29 
 118 ,  56 .  71 
 114 ,  56 .  13 
 114 ,  58 .   1 
 117 ,  57 .  14 
 115 ,  57 .  14 
 114 ,  58 .  88 
 112 ,  58 .  88 
 112 ,  56 .  13 
 115 ,  56 .  71 
 112 ,  58 .  16 
 115 ,  56 .  71 
 112 ,  56 .  71 
 116 ,  55 .  55 
 113 ,  57 .  87 
 115 ,  57 .  29 
 114 ,  56 .  71 
 114 ,  57 .   0 
 114 ,  57 .  29 
 115 ,  56 .  13 
 116 ,  56 .  71 
 112 ,  56 .  71 
 113 ,  56 .  13 
 112 ,  57 .  87 
 114 ,  55 .  26 
 112 ,  56 .  42 
 115 ,  57 .  43 
 113 ,  56 .  71 
 114 ,  57 .  14 
 116 ,  56 .  71 
 113 ,  57 .  14 
 112 ,  56 .  71 
 115 ,  56 .  56 
 113 ,  56 .  56 
 114 ,  57 .  29 
 114 ,  58 .  30 
 115 ,  55 .  55 
 116 ,  56 .  71 
 114 ,  58 .  30 
 112 ,  58 .   1 
 113 ,  56 .  71 
 113 ,  57 .  87 
 113 ,  57 .  87 
 113 ,  57 .  72 
 115 ,  56 .  56 
 114 ,  59 .   3 
 114 ,  57 .  29 
 115 ,  57 .  72 
 112 ,  57 .  14 
 115 ,  57 .  14 
 114 ,  57 .  29 
 113 ,  56 .  71 
 112 ,  56 .  56 
 118 ,  55 .  84 
 114 ,  57 .  14 
 114 ,  57 .  14 
 114 ,  57 .  72 
 114 ,  57 .  14 
 112 ,  57 .  87 
 112 ,  56 .  56 
 113 ,  56 .  42 
 113 ,  56 .  71 
 112 ,  56 .  42 
 112 ,  56 .  71 
 113 ,  56 .  56 
 116 ,  56 .  71 
 112 ,  56 .  42 
 113 ,  56 .  56 
 115 ,  57 .  14 
 116 ,  57 .  14 
 113 ,  56 .  56 
 114 ,  58 .  16 
 114 ,  55 .  98 
 114 ,  57 .  14 
 114 ,  58 .  30 
 115 ,  58 .   1 
 116 ,  56 .  71 
 116 ,  56 .  56 
 113 ,  57 .  87 
 115 ,  56 .  56 
 114 ,  53 .  22 
 114 ,  57 .  43 
 114 ,  56 .  71 
 115 ,  57 .   0 
 114 ,  57 .  72 
 112 ,  57 .  14 
 114 ,  58 .   1 
 116 ,  56 .  71 
 112 ,  56 .  13 
 112 ,  56 .  71 
 112 ,  58 .  45 
 113 ,  57 .  29 
 116 ,  56 .  42 
 113 ,  56 .  71 
 112 ,  56 .  42 
 112 ,  56 .  42 
 111 ,  55 .  98 
 112 ,  57 .  72 
 113 ,  57 .  14 
 115 ,  56 .  13 
 112 ,  57 .  87 
 112 ,  58 .  45 
 114 ,  58 .  74 
 114 ,  58 .  45 
 108 ,  56 .  56 
 113 ,  57 .  43 
 111 ,  56 .  71 
 109 ,  56 .  42 
 113 ,  56 .  42 
 115 ,  54 .  39 
 111 ,  57 .  14 
 111 ,  56 .  71 
 112 ,  56 .  13 
 111 ,  57 .  29 
 111 ,  56 .  27 
 109 ,  55 .  84 
 111 ,  57 .  29 
 112 ,  54 .  97 
 112 ,  56 .  42 
 111 ,  57 .  58 
 112 ,  56 .  71 
 110 ,  56 .  56 
 113 ,  57 .  72 
 113 ,  58 .  88 
 104 ,  56 .  56 
 114 ,  56 .  71 
 110 ,  58 .  45 
 110 ,  56 .  13 
 111 ,  55 .  40 
 112 ,  58 .   1 
 109 ,  56 .  13 
 112 ,  57 .  87 
 112 ,  55 .  26 
 110 ,  56 .  13 
 108 ,  57 .  87 
 112 ,  58 .  45 
 113 ,  56 .  71 
 117 ,  57 .  29 
 110 ,  57 .  72 
 110 ,  58 .  45 
 114 ,  57 .  14 
 114 ,  58 .  30 
 110 ,  57 .  87 
 111 ,  57 .  29 
 109 ,  55 .  55 
 111 ,  56 .  71 
 113 ,  56 .  13 
 112 ,  56 .  13 
 111 ,  57 .  29 
 112 ,  56 .  71 
 112 ,  56 .  13 
 110 ,  57 .  87 
 110 ,  56 .  71 
 110 ,  57 .  87 
 110 ,  58 .  88 
 112 ,  56 .  71 
 110 ,  55 .  98 
 113 ,  55 .  98 
 112 ,  57 .  29 
 111 ,  56 .  71 
 111 ,  55 .  55 
 112 ,  54 .  39 
 111 ,  56 .  71 
 110 ,  58 .  30 
 110 ,  55 .  55 
 110 ,  57 .  29 
 113 ,  57 .  29 
 112 ,  58 .  30 
 109 ,  56 .  56 
 109 ,  56 .  56 
 109 ,  57 .  29 
 114 ,  56 .  27 
 114 ,  57 .  58 
 111 ,  56 .  27 
 114 ,  57 .  87 
 111 ,  55 .  98 
 109 ,  54 .  82 
 109 ,  56 .  13 
 112 ,  56 .  71 
 109 ,  56 .  13 
 109 ,  55 .  11 
 113 ,  56 .  27 
 108 ,  57 .  14 
 109 ,  57 .  72 
 109 ,  54 .  82 
 114 ,  56 .  13 
 110 ,  56 .  71 
 110 ,  55 .  55 
 110 ,  56 .  56 
 115 ,  56 .  56 
 109 ,  57 .  29 
 109 ,  55 .  26 
 112 ,  55 .  98 
 109 ,  56 .  71 
 112 ,  56 .  71 
 113 ,  57 .  72 
 109 ,  57 .  87 
 111 ,  57 .  58 
 114 ,  57 .  43 
 111 ,  58 .  45 
 114 ,  57 .  43 
 114 ,  57 .  87 
 110 ,  57 .  14 
 113 ,  58 .  30 
 112 ,  55 .  98 
 116 ,  56 .  42 
 111 ,  58 .  45 
 111 ,  55 .  55 
 113 ,  55 .  98 
 109 ,  56 .  13 
 114 ,  56 .  56 
 112 ,  56 .  13 
 112 ,  56 .  13 
 112 ,  56 .  56 
 114 ,  56 .  71 
 114 ,  58 .  59 
 116 ,  60 .  62 
 114 ,  56 .  71 
 112 ,  57 .  87 
 114 ,  56 .  56 
 113 ,  56 .  56 
 112 ,  56 .  13 
 112 ,  56 .  56 
 113 ,  56 .  71 
 115 ,  56 .  71 
 114 ,  56 .  42 
 113 ,  55 .  26 
 112 ,  56 .  71 
 113 ,  57 .  87 
 115 ,  56 .  56 
 114 ,  56 .  56 
 112 ,  56 .  56 
 113 ,  56 .  71 
 117 ,  57 .  29 
 112 ,  58 .  30 
 113 ,  57 .  87 
 115 ,  57 .  29 
 116 ,  56 .  56 
 117 ,  58 .  30 
 114 ,  56 .  42 
 113 ,  55 .  55 
 114 ,  56 .  42 
 112 ,  56 .  71 
 115 ,  56 .  42 
 113 ,  55 .  69 
 113 ,  57 .  29 
 117 ,  56 .  56 
 113 ,  57 .  87 
 118 ,  57 .  14 
 116 ,  57 .  87 
 111 ,  56 .  13 
 117 ,  55 .  98 
 113 ,  56 .  13 
 113 ,  56 .  13 
 112 ,  56 .  13 
 113 ,  55 .  40 
 116 ,  54 .  97 
 114 ,  56 .  13 
 111 ,  55 .  55 
 112 ,  56 .  13 
 115 ,  57 .  87 
 115 ,  55 .  55 
 113 ,  57 .  87 
 118 ,  59 .   3 
 114 ,  56 .  71 
 118 ,  57 .  87 
 117 ,  58 .  30 
 114 ,  57 .  14 
 118 ,  57 .  14 
 116 ,  57 .  14 
 117 ,  58 .  45 
 114 ,  56 .  56 
 112 ,  57 .  87 
 115 ,  56 .  71 
 117 ,  56 .  56 
 117 ,  55 .  55 
 114 ,  56 .  71 
 117 ,  56 .  71 
 117 ,  56 .  71 
 114 ,  57 .  72 
 113 ,  55 .  55 
 115 ,  56 .  56 
 115 ,  57 .  87 
 114 ,  57 .  14 
 115 ,  56 .  56 
 113 ,  58 .  16 
 113 ,  56 .  13 
 113 ,  55 .  84 
 115 ,  57 .  87 
 114 ,  56 .  71 
 115 ,  57 .  14 
 112 ,  58 .   1 
 114 ,  56 .  71 
 114 ,  54 .  82 
 113 ,  57 .  87 
 114 ,  58 .  16 
 115 ,  56 .  56 
 115 ,  56 .  71 
 116 ,  57 .  87 
 118 ,  58 .  30 
 118 ,  56 .  56 
 114 ,  57 .  14 
 118 ,  56 .  13 
 113 ,  56 .  71 
 114 ,  56 .  71 
 112 ,  58 .   1 
 115 ,  56 .  71 
 115 ,  56 .  13 
 111 ,  57 .  14 
 113 ,  57 .  43 
 111 ,  56 .  13 
 111 ,  55 .  84 
 112 ,  56 .  42 
 112 ,  56 .  56 
 114 ,  57 .  29 
 114 ,  56 .  13 
 112 ,  56 .  71 
 114 ,  58 .   1 
 112 ,  56 .  27 
 110 ,  56 .  42 
 113 ,  56 .  13 
 113 ,  56 .  71 
 112 ,  56 .  56 
 110 ,  57 .  29 
 112 ,  58 .  59 
 113 ,  55 .  55 
 113 ,  56 .  27 
 112 ,  57 .  72 
 112 ,  56 .  13 
 115 ,  56 .  71 
 113 ,  58 .  16 
 111 ,  58 .  30 
 113 ,  55 .  55 
 114 ,  56 .  71 
 111 ,  57 .  87 
 111 ,  56 .  42 
 111 ,  56 .  71 
 114 ,  57 .  43 
 111 ,  56 .  71 
 110 ,  57 .  87 
 114 ,  56 .  56 
 113 ,  57 .  29 
 112 ,  56 .  71 
 112 ,  55 .  55 
 108 ,  56 .  27 
 112 ,  55 .  98 
 112 ,  57 .  72 
 111 ,  55 .  55 
 113 ,  56 .  27 
 111 ,  56 .  71 
 113 ,  56 .  13 
 112 ,  56 .  56 
 114 ,  55 .  40 
 110 ,  57 .  14 
 111 ,  56 .  27 
 111 ,  57 .  87 
 109 ,  57 .  72 
 114 ,  57 .  14 
 110 ,  57 .  72 
 108 ,  58 .  30 
 114 ,  56 .  71 
 112 ,  56 .  56 
 108 ,  57 .  29 
 109 ,  57 .  58 
 111 ,  55 .  55 
 111 ,  56 .  13 
 111 ,  58 .  74 
 109 ,  57 .  14 
 112 ,  56 .  56 
 114 ,  56 .  42 
 110 ,  57 .  29 
 110 ,  56 .  13 
 112 ,  56 .  56 
 109 ,  57 .  29 
 112 ,  55 .  55 
 109 ,  57 .  29 
 112 ,  56 .  42 
 112 ,  56 .  27 
 109 ,  58 .  30 
 108 ,  56 .  13 
 109 ,  56 .  71 
 111 ,  56 .  71 
 111 ,  56 .  13 
 110 ,  56 .  27 
 112 ,  56 .  71 
 113 ,  56 .  56 
 110 ,  56 .  85 
 112 ,  56 .  56 
 113 ,  56 .  71 
 109 ,  55 .  55 
 109 ,  57 .  87 
 109 ,  57 .   0 
 110 ,  56 .  71 
 115 ,  56 .  56 
 108 ,  55 .  40 
 115 ,  59 .  32 
 111 ,  57 .  87 
 111 ,  58 .   1 
 111 ,  58 .  45 
 108 ,  56 .  71 
 112 ,  56 .  71 
 109 ,  57 .  14 
 113 ,  57 .  58 
 109 ,  56 .  71 
 111 ,  55 .  55 
 108 ,  57 .  29 
 110 ,  56 .  13 
 109 ,  57 .  58 
 109 ,  57 .  29 
 112 ,  57 .   0 
 115 ,  56 .  56 
 110 ,  57 .   0 
 110 ,  55 .  98 
 113 ,  56 .  27 
 113 ,  56 .  42 
 110 ,  55 .  55 
 108 ,  56 .  42 
 113 ,  55 .  40 
 112 ,  58 .  45 
 109 ,  57 .  87 
 115 ,  57 .  72 
 111 ,  55 .  98 
 114 ,  58 .  30 
 110 ,  58 .  88 
 111 ,  56 .  56 
 116 ,  57 .  14 
 111 ,  58 .   1 
 114 ,  57 .  29 
 114 ,  55 .  98 
 118 ,  56 .  71 
 114 ,  58 .  59 
 114 ,  56 .  27 
 114 ,  57 .  14 
 114 ,  56 .  56 
 114 ,  56 .  71 
 114 ,  56 .  56 
 113 ,  56 .  42 
 113 ,  56 .  13 
 113 ,  58 .   1 
 113 ,  55 .  55 
 112 ,  56 .  71 
 116 ,  56 .  13 
 113 ,  57 .  72 
 112 ,  56 .  42 
 114 ,  56 .  71 
 115 ,  55 .  84 
 114 ,  56 .  71 
 116 ,  57 .  43 
 114 ,  57 .  43 
 114 ,  57 .  14 
 114 ,  56 .  71 
 115 ,  55 .  40 
 118 ,  57 .  14 
 114 ,  57 .  87 
 115 ,  55 .  98 
 113 ,  55 .  98 
 116 ,  56 .  71 
 116 ,  55 .  55 
 113 ,  57 .  87 
 113 ,  57 .  87 
 115 ,  56 .  71 
 118 ,  57 .  14 
 115 ,  58 .  16 
 115 ,  56 .  71 
 115 ,  56 .  56 
 116 ,  56 .  71 
 115 ,  57 .  29 
 113 ,  56 .  27 
 117 ,  56 .  71 
 113 ,  57 .  87 
 113 ,  56 .  42 
 110 ,  55 .  98 
 112 ,  56 .  71 
 112 ,  56 .  13 
 113 ,  56 .  13 
 114 ,  56 .  71 
 115 ,  56 .  71 
 115 ,  56 .  85 
 114 ,  56 .  71 
 114 ,  56 .  56 
 118 ,  58 .   1 
 113 ,  55 .  55 
 115 ,  56 .  13 
 113 ,  56 .  71 
 116 ,  57 .  58 
 117 ,  56 .  71 
 112 ,  58 .  30 
 115 ,  57 .  29 
 116 ,  57 .  87 
 113 ,  57 .  29 
 114 ,  57 .  72 
 114 ,  58 .   1 
 118 ,  57 .  14 
 118 ,  57 .  14 
 114 ,  58 .   1 
 113 ,  56 .  13 
 113 ,  55 .  55 
 115 ,  56 .  56 
 115 ,  56 .  71 
 116 ,  56 .  56 
 114 ,  56 .  56 
 115 ,  56 .  71 
 115 ,  56 .  27 
 116 ,  58 .  45 
 115 ,  55 .  98 
 116 ,  57 .   0 
 112 ,  57 .  72 
 115 ,  56 .  42 
 116 ,  55 .  55 
 113 ,  57 .  29 
 112 ,  55 .  55 
 112 ,  55 .  55 
 116 ,  57 .  29 
 112 ,  56 .  27 
 116 ,  55 .  40 
 114 ,  57 .  87 
 120 ,  57 .  14 
 115 ,  57 .  72 
 115 ,  56 .  56 
 115 ,  57 .  29 
 113 ,  57 .  14 
 116 ,  56 .  71 
 113 ,  57 .  29 
 114 ,  56 .  56 
 111 ,  55 .  26 
 117 ,  54 .  39 
 114 ,  58 .  74 
 116 ,  56 .  71 
 116 ,  54 .  97 
 117 ,  55 .  98 
 113 ,  56 .  13 
 114 ,  56 .  13 
 112 ,  56 .  71 
 114 ,  56 .  71 
 112 ,  56 .  13 
 117 ,  57 .  29 
 116 ,  55 .  40 
 116 ,  56 .  13 
 115 ,  56 .  42 
 116 ,  56 .  13 
 116 ,  56 .  56 
 118 ,  57 .   0 
 115 ,  56 .  13 
 114 ,  55 .  40 
 115 ,  56 .  13 
 116 ,  57 .  29 
 115 ,  56 .  71 
 112 ,  57 .  29 
 112 ,  55 .  98 
 117 ,  56 .  71 
 112 ,  57 .  43 
 115 ,  57 .  29 
 115 ,  56 .  27 
 120 ,  57 .  72 
 118 ,  57 .  72 
 120 ,  58 .  30 
 120 ,  58 .  45 
 114 ,  56 .  71 
 114 ,  57 .   0 
 116 ,  57 .  29 
 113 ,  56 .  56 
 115 ,  56 .  13 
 115 ,  56 .  56 
 116 ,  56 .  42 
 116 ,  56 .  27 
 113 ,  55 .  98 
 114 ,  56 .  71 
 114 ,  56 .  71 
 118 ,  57 .  72 
 114 ,  55 .  55 
 114 ,  57 .  87 
 115 ,  56 .  71 
 114 ,  55 .  55 
 116 ,  55 .  55 
 114 ,  56 .  71 
 114 ,  55 .  98 
 113 ,  56 .  42 
 115 ,  56 .  71 
 112 ,  56 .  13 
 112 ,  56 .  13 
 113 ,  55 .  55 
 116 ,  57 .  29 
 116 ,  57 .  58 
 112 ,  57 .  87 
 116 ,  57 .  14 
 119 ,  56 .  71 
 115 ,  55 .  98 
 114 ,  56 .  71 
 118 ,  56 .  56 
 119 ,  56 .  56 
 113 ,  57 .  87 
 114 ,  56 .  42 
 112 ,  58 .  30 
 116 ,  55 .  55 
 114 ,  56 .  13 
 115 ,  55 .  84 
 114 ,  57 .  29 
 116 ,  55 .  98 
 113 ,  56 .  71 
 113 ,  56 .  71 
 113 ,  56 .  56 
 114 ,  57 .  43 
 113 ,  57 .  87 
 116 ,  56 .  71 
 115 ,  56 .  13 
 116 ,  56 .  71 
 113 ,  56 .  71 
 117 ,  56 .  56 
 114 ,  56 .  56 
 114 ,  56 .  13 
 115 ,  56 .  13 
 115 ,  56 .  71 
 114 ,  56 .  13 
 114 ,  56 .  56 
 112 ,  56 .  42 
 116 ,  56 .  71 
 116 ,  56 .  71 
 113 ,  56 .  13 
 113 ,  57 .  14 
 113 ,  57 .  72 
 113 ,  55 .  55 
 116 ,  56 .  13 
 113 ,  58 .  30 
 113 ,  56 .  13 
 112 ,  56 .  13 
 114 ,  57 .  58 
 113 ,  54 .  39 
 114 ,  55 .  55 
 114 ,  56 .  13 
 114 ,  55 .  55 
 115 ,  57 .  87 
 114 ,  56 .  13 
 113 ,  56 .  27 
 116 ,  57 .  29 
 114 ,  58 .  88 
 114 ,  55 .  98 
 113 ,  55 .  55 
 113 ,  55 .  84 
 114 ,  56 .  71 
 113 ,  55 .  98 
 115 ,  56 .  13 
 118 ,  56 .  42 
 118 ,  56 .  85 
 115 ,  56 .  13 
 114 ,  56 .  56 
 115 ,  56 .  71 
 113 ,  56 .  71 
 113 ,  57 .  72 
 115 ,  56 .  71 
 116 ,  56 .  13 
 115 ,  57 .  87 
 113 ,  56 .  71 
 117 ,  55 .  26 
 116 ,  56 .  42 
 116 ,  57 .  14 
 113 ,  55 .  55 
 114 ,  57 .  72 
 113 ,  55 .  55 
 112 ,  56 .  56 
 115 ,  56 .  42 
 116 ,  55 .  98 
 114 ,  54 .  97 
 114 ,  56 .  71 
 112 ,  58 .   1 
 113 ,  56 .  13 
 114 ,  56 .  56 
 113 ,  57 .  87 
 115 ,  57 .  14 
 113 ,  56 .  71 
 113 ,  56 .  56 
 118 ,  57 .  72 
 114 ,  57 .  43 
 114 ,  56 .  56 
 114 ,  55 .  98 
 113 ,  56 .  42 
 112 ,  57 .  43 
 113 ,  55 .  55 
 113 ,  56 .  71 
 113 ,  57 .  29 
 112 ,  57 .   0 
 115 ,  54 .  39 
 115 ,  57 .  87 
 118 ,  57 .  72 
 114 ,  57 .  72 
 118 ,  56 .  71 
 120 ,  56 .  56 
 116 ,  57 .  58 
 115 ,  56 .  13 
 112 ,  56 .  27 
 116 ,  57 .  14 
 113 ,  56 .  56 
 114 ,  55 .  11 
 113 ,  56 .  71 
 113 ,  54 .  82 
 118 ,  56 .  71 
 116 ,  58 .  30 
 114 ,  57 .  87 
 112 ,  56 .  13 
 112 ,  58 .   1 
 113 ,  56 .  56 
 113 ,  56 .  71 
 113 ,  55 .  26 
 112 ,  56 .  56 
 117 ,  55 .  55 
 113 ,  56 .  42 
 118 ,  56 .  42 
 115 ,  56 .  71 
 115 ,  56 .  13 
 115 ,  56 .  56 
 118 ,  56 .  85 
 112 ,  57 .  29 
 116 ,  57 .  72 
 113 ,  56 .  56 
 116 ,  55 .  84 
 116 ,  57 .  87 
 118 ,  58 .  30 
 116 ,  56 .  56 
 116 ,  56 .  71 
 113 ,  54 .  39 
 115 ,  56 .  13 
 116 ,  55 .  55 
 113 ,  56 .  71 
 112 ,  56 .  27 
 113 ,  56 .  71 
 114 ,  56 .  56 
 113 ,  56 .  42 
 113 ,  55 .  55 
 116 ,  57 .  87 
 114 ,  56 .  27 
 115 ,  56 .  71 
 115 ,  57 .  58 
 115 ,  56 .  71 
 115 ,  56 .  13 
 115 ,  57 .  43 
 122 ,  56 .  71 
 118 ,  56 .  71 
 114 ,  56 .  56 
 114 ,  57 .  87 
 116 ,  55 .  55 
 112 ,  55 .  55 
 110 ,  57 .   0 
 116 ,  56 .  13 
 115 ,  57 .  87 
 114 ,  57 .  87 
 114 ,  53 .   8 
 114 ,  56 .  56 
 113 ,  55 .  40 
 113 ,  56 .  13 
 113 ,  55 .  98 
 113 ,  56 .  27 
 116 ,  57 .  87 
 115 ,  57 .  29 
 114 ,  56 .  71 
 114 ,  57 .   0 
 114 ,  56 .  13 
 118 ,  56 .  13 
 117 ,  56 .  13 
 115 ,  56 .  13 
 114 ,  55 .  98 
 113 ,  57 .  87 
 114 ,  55 .  55 
 114 ,  55 .  11 
 117 ,  56 .  71 
 113 ,  58 .  30 
 117 ,  55 .  55 
 115 ,  56 .  13 
 115 ,  55 .  98 
 118 ,  57 .  14 
 114 ,  56 .  71 
 115 ,  56 .  56 
 116 ,  55 .  98 
 115 ,  57 .  72 
 113 ,  55 .  98 
 117 ,  55 .  55 
 112 ,  57 .  58 
 114 ,  57 .  14 
 115 ,  56 .  71 
 116 ,  55 .  55 
 116 ,  58 .  59 
 112 ,  57 .  29 
 116 ,  56 .  56 
 118 ,  55 .  26 
 118 ,  57 .  87 
 112 ,  56 .  56 
 113 ,  56 .  13 
 116 ,  56 .  71 
 114 ,  55 .  55 
 116 ,  56 .  42 
 116 ,  55 .  55 
 116 ,  55 .  98 
 114 ,  55 .  55 
 117 ,  58 .  30 
 112 ,  56 .  13 
 114 ,  55 .  40 
 114 ,  56 .  13 
 114 ,  55 .  84 
 115 ,  56 .  71 
 115 ,  54 .  10 
 115 ,  55 .  55 
 118 ,  57 .   0 
 115 ,  56 .  56 
 113 ,  56 .  42 
 113 ,  56 .  56 
 113 ,  56 .  71 
 115 ,  56 .  13 
 117 ,  55 .  98 
 113 ,  57 .  14 
 113 ,  57 .  72 
 116 ,  56 .  56 
 114 ,  57 .  29 
 115 ,  55 .  55 
 114 ,  56 .  56 
 112 ,  56 .  13 
 113 ,  56 .  13 
 115 ,  54 .  39 
 114 ,  54 .  97 
 115 ,  56 .  13 
 117 ,  56 .  56 
 114 ,  57 .  29 
 116 ,  56 .  71 
 114 ,  56 .  13 
 115 ,  56 .  71 
 118 ,  56 .  13 
 116 ,  57 .  29 
 115 ,  56 .  13 
 114 ,  55 .  55 
 115 ,  54 .  97 
 114 ,  55 .  55 
 114 ,  56 .  13 
 117 ,  57 .  14 
 110 ,  56 .  13 
 115 ,  55 .  84 
 114 ,  58 .  45 
 115 ,  56 .  71 
 115 ,  56 .  71 
 118 ,  58 .  16 
 118 ,  57 .  87 
 116 ,  58 .  30 
 115 ,  57 .  29 
 113 ,  55 .  55 
 116 ,  56 .  13 
 116 ,  55 .  55 
 116 ,  58 .   1 
 115 ,  56 .  71 
 117 ,  56 .  42 
 117 ,  56 .  71 
 112 ,  56 .  13 
 115 ,  55 .  55 
 115 ,  56 .  13 
 115 ,  56 .  71 
 117 ,  55 .  55 
 114 ,  56 .  42 
 117 ,  56 .  42 
 115 ,  55 .  98 
 117 ,  55 .  69 
 115 ,  57 .  43 
 118 ,  56 .  71 
 116 ,  55 .  55 
 115 ,  57 .  87 
 114 ,  56 .  42 
 114 ,  56 .  71 
 114 ,  57 .  29 
 114 ,  55 .  98 
 116 ,  56 .  56 
 115 ,  56 .  71 
 114 ,  55 .  40 
 116 ,  54 .  97 
 116 ,  57 .  87 
 114 ,  57 .  72 
 120 ,  56 .  71 
 114 ,  57 .  87 
 115 ,  57 .  29 
 113 ,  56 .  42 
 117 ,  55 .  98 
 112 ,  56 .  56 
 112 ,  57 .  87 
 115 ,  56 .  71 
 118 ,  55 .  55 
 115 ,  57 .  14 
 114 ,  56 .  27 
 114 ,  57 .  14 
 120 ,  56 .  71 
 115 ,  56 .  27 
 115 ,  56 .  56 
 115 ,  56 .  13 
 116 ,  56 .  56 
 114 ,  56 .  42 
 113 ,  57 .  87 
 112 ,  55 .  55 
 114 ,  56 .  13 
 117 ,  57 .  29 
 117 ,  56 .  42 
 115 ,  54 .  97 
 115 ,  54 .  82 
 115 ,  55 .  98 
 113 ,  55 .  98 
 114 ,  56 .  56 
 115 ,  56 .  71 
 115 ,  54 .  24 
 115 ,  55 .  55 
 116 ,  57 .  58 
 117 ,  57 .  87 
 118 ,  57 .  72 
 118 ,  57 .  87 
 117 ,  55 .  55 
 116 ,  56 .  71 
 115 ,  57 .  29 
 115 ,  55 .  55 
 118 ,  56 .  56 
 116 ,  56 .  13 
 117 ,  58 .  45 
 111 ,  55 .  55 
 115 ,  55 .  55 
 112 ,  55 .  98 
 116 ,  56 .  42 
 116 ,  55 .  40 
 119 ,  56 .  27 
 117 ,  57 .  43 
 115 ,  55 .  55 
 115 ,  57 .  29 
 118 ,  56 .  71 
 114 ,  56 .  27 
 118 ,  58 .  59 
 118 ,  56 .  27 
 118 ,  56 .  27 
 115 ,  56 .  27 
 115 ,  56 .  71 
 114 ,  56 .  42 
 114 ,  56 .  42 
 118 ,  57 .  43 
 115 ,  55 .  55 
 115 ,  58 .  30 
 114 ,  58 .  30 
 114 ,  56 .  71 
 115 ,  57 .  72 
 114 ,  57 .  87 
 113 ,  57 .  14 
 116 ,  56 .  13 
 112 ,  57 .  72 
 115 ,  57 .  87 
 113 ,  56 .  42 
 117 ,  55 .  55 
 113 ,  57 .  29 
 112 ,  55 .  84 
 118 ,  56 .  71 
 114 ,  57 .  43 
 114 ,  56 .  56 
 115 ,  55 .  55 
 113 ,  55 .  55 
 115 ,  56 .  56 
 112 ,  55 .  55 
 113 ,  56 .  71 
 114 ,  55 .  55 
 115 ,  55 .  55 
 116 ,  57 .  87 
 113 ,  54 .  97 
 116 ,  55 .  55 
 113 ,  55 .  55 
 117 ,  56 .  71 
 113 ,  55 .  55 
 113 ,  56 .  71 
 114 ,  55 .  55 
 116 ,  55 .  55 
 112 ,  57 .  87 
 115 ,  57 .  87 
 114 ,  55 .  98 
 109 ,  57 .  29 
 114 ,  56 .  13 
 114 ,  57 .  87 
 113 ,  57 .   0 
 115 ,  58 .  30 
 114 ,  56 .  27 
 118 ,  56 .  56 
 116 ,  55 .  55 
 114 ,  57 .  14 
 112 ,  57 .  14 
 114 ,  57 .  14 
 114 ,  56 .  56 
 111 ,  56 .  42 
 112 ,  55 .  55 
 113 ,  56 .  13 
 112 ,  55 .  26 
 113 ,  55 .  55 
 113 ,  56 .  13 
 112 ,  56 .  56 
 112 ,  56 .  71 
 112 ,  57 .  29 
 112 ,  55 .  55 
 109 ,  56 .  13 
 112 ,  56 .  13 
 113 ,  55 .  55 
 115 ,  57 .  29 
 114 ,  56 .  27 
 115 ,  57 .  43 
 114 ,  56 .  56 
 113 ,  57 .  29 
 113 ,  55 .  55 
 115 ,  55 .  98 
 112 ,  56 .  71 
 115 ,  55 .  11 
 112 ,  57 .  14 
 113 ,  56 .  13 
 113 ,  57 .  72 
 113 ,  57 .  72 
 112 ,  56 .  13 
 115 ,  56 .  85 
 114 ,  57 .  43 
 110 ,  57 .  14 
 114 ,  56 .  42 
 114 ,  56 .  71 
 114 ,  56 .  85 
 112 ,  54 .  97 
 112 ,  56 .  42 
 112 ,  56 .  13 
 109 ,  56 .  13 
 109 ,  57 .  72 
 109 ,  55 .  55 
 110 ,  55 .  55 
 109 ,  57 .  58 
 109 ,  55 .  98 
 110 ,  55 .  98 
 113 ,  55 .  11 
 110 ,  55 .  98 
 112 ,  55 .  40 
 108 ,  55 .  55 
 114 ,  56 .  56 
 108 ,  56 .  27 
 109 ,  57 .  29 
 116 ,  56 .  13 
 113 ,  55 .  84 
 110 ,  57 .  72 
 114 ,  57 .  87 
 112 ,  56 .  71 
 114 ,  56 .  13 
 111 ,  56 .  71 
 112 ,  58 .  30 
 112 ,  55 .  40 
 112 ,  56 .  13 
 110 ,  58 .  30 
 112 ,  55 .  98 
 113 ,  56 .  13 
 109 ,  56 .  71 
 112 ,  55 .  69 
 113 ,  55 .  55 
 113 ,  55 .  40 
 113 ,  55 .  55 
 112 ,  56 .  13 
 111 ,  57 .  72 
 116 ,  55 .  98 
 111 ,  55 .  55 
 108 ,  56 .  71 
 111 ,  55 .  40 
 111 ,  55 .  55 
 113 ,  55 .  26 
 113 ,  56 .  27 
 112 ,  55 .  55 
 113 ,  54 .  39 
 113 ,  56 .  13 
 112 ,  55 .  98 
 114 ,  56 .  42 
 116 ,  56 .  71 
 116 ,  56 .  27 
 110 ,  57 .  87 
 112 ,  58 .   1 
 110 ,  56 .  56 
 114 ,  55 .  55 
 113 ,  57 .  72 
 110 ,  56 .  71 
 113 ,  53 .  52 
 111 ,  55 .  55 
 112 ,  57 .  58 
 113 ,  55 .  55 
 113 ,  56 .  71 
 113 ,  56 .  13 
 116 ,  55 .  84 
 114 ,  56 .  56 
 115 ,  56 .  13 
 116 ,  56 .  56 
 112 ,  56 .  56 
 112 ,  57 .  72 
 114 ,  56 .  27 
 113 ,  55 .  55 
 116 ,  56 .  13 
 113 ,  55 .  11 
 116 ,  55 .  40 
 115 ,  56 .  13 
 114 ,  56 .  27 
 113 ,  56 .  56 
 114 ,  55 .  55 
 118 ,  56 .  56 
 114 ,  55 .  55 
 114 ,  57 .  72 
 115 ,  57 .  14 
 112 ,  56 .  13 
 114 ,  57 .  29 
 113 ,  57 .  43 
 113 ,  56 .  13 
 115 ,  57 .  29 
 116 ,  57 .  58 
 113 ,  55 .  55 
 113 ,  55 .  55 
 118 ,  55 .  55 
 112 ,  57 .  58 
 113 ,  55 .  11 
 114 ,  56 .  13 
 113 ,  56 .  27 
 114 ,  55 .  55 
 113 ,  56 .  13 
 115 ,  56 .  56 
 118 ,  57 .  29 
 115 ,  55 .  55 
 114 ,  55 .  55 
 116 ,  55 .  98 
 113 ,  55 .  55 
 115 ,  57 .  29 
 115 ,  56 .  71 
 114 ,  55 .  55 
 114 ,  56 .  13 
 113 ,  56 .  71 
 116 ,  55 .  98 
 113 ,  56 .  56 
 114 ,  56 .  56 
 116 ,  55 .  98 
 112 ,  57 .  14 
 113 ,  55 .  55 
 111 ,  56 .  13 
 112 ,  57 .  14 
 113 ,  57 .  29 
 115 ,  55 .  98 
 117 ,  56 .  56 
 115 ,  57 .  58 
 116 ,  57 .  72 
 116 ,  56 .  56 
 114 ,  55 .  55 
 114 ,  57 .  29 
 113 ,  57 .  29 
 113 ,  56 .  27 
 115 ,  55 .  55 
 110 ,  56 .  42 
 115 ,  56 .  13 
 115 ,  55 .  11 
 117 ,  56 .  27 
 117 ,  56 .  71 
 117 ,  57 .  29 
 118 ,  56 .  27 
 120 ,  55 .  55 
 120 ,  58 .  59 
 114 ,  56 .  42 
 115 ,  56 .  13 
 115 ,  55 .  55 
 114 ,  56 .  27 
 118 ,  56 .  71 
 118 ,  57 .  72 
 118 ,  56 .  56 
 116 ,  55 .  55 
 115 ,  57 .  29 
 116 ,  55 .  98 
 118 ,  55 .  55 
 118 ,  57 .  14 
 114 ,  56 .  71 
 116 ,  55 .  40 
 119 ,  54 .  97 
 119 ,  58 .  30 
 116 ,  57 .  72 
 117 ,  55 .  55 
 120 ,  56 .  42 
 117 ,  56 .  85 
 118 ,  57 .  43 
 118 ,  55 .  98 
 115 ,  56 .  56 
 117 ,  55 .  40 
 116 ,  56 .  13 
 116 ,  56 .  13 
 117 ,  55 .  98 
 118 ,  55 .  55 
 117 ,  55 .  40 
 117 ,  56 .  42 
 118 ,  55 .  84 
 120 ,  57 .  72 
 120 ,  57 .  14 
 118 ,  55 .  55 
 118 ,  56 .  13 
 118 ,  56 .  56 
 118 ,  55 .  98 
 117 ,  55 .  40 
 116 ,  56 .  13 
 115 ,  55 .  98 
 114 ,  57 .  29 
 115 ,  55 .  40 
 116 ,  56 .  27 
 116 ,  57 .  43 
 119 ,  57 .  87 
 114 ,  56 .  56 
 116 ,  55 .  98 
 115 ,  56 .  56 
 112 ,  56 .  71 
 117 ,  55 .  55 
 117 ,  55 .  55 
 113 ,  57 .  58 
 113 ,  55 .  55 
 115 ,  55 .  55 
 115 ,  55 .  55 
 116 ,  55 .  55 
 113 ,  54 .  97 
 114 ,  56 .  42 
 114 ,  55 .  55 
 113 ,  55 .  11 
 118 ,  57 .  72 
 114 ,  55 .  98 
 115 ,  55 .  55 
 115 ,  58 .  30 
 115 ,  56 .  13 
 114 ,  55 .  55 
 114 ,  57 .  14 
 110 ,  54 .  82 
 112 ,  56 .  42 
 109 ,  55 .  98 
 110 ,  55 .  55 
 110 ,  55 .  55 
 113 ,  57 .  29 
 113 ,  57 .  14 
 113 ,  56 .  27 
 112 ,  56 .  71 
 115 ,  57 .  29 
 114 ,  56 .  13 
 114 ,  56 .  56 
 110 ,  56 .  13 
 112 ,  56 .  13 
 111 ,  55 .  40 
 114 ,  56 .  13 
 110 ,  57 .  72 
 112 ,  56 .  13 
 111 ,  56 .  13 
 112 ,  55 .  98 
 113 ,  55 .  55 
 111 ,  55 .  55 
 109 ,  54 .  97 
 112 ,  56 .  42 
 114 ,  55 .  40 
 111 ,  56 .  71 
 112 ,  56 .  13 
 112 ,  55 .  55 
 113 ,  57 .  58 
 111 ,  55 .  26 
 113 ,  56 .  27 
 112 ,  56 .  13 
 114 ,  55 .  55 
 113 ,  54 .  39 
 109 ,  55 .  40 
 115 ,  56 .  42 
 113 ,  55 .  26 
 113 ,  55 .  26 
 113 ,  57 .  43 
 113 ,  56 .  27 
 113 ,  57 .  58 
 113 ,  55 .  40 
 115 ,  55 .  84 
 114 ,  55 .  55 
 110 ,  58 .   1 
 112 ,  57 .  29 
 114 ,  56 .  13 
 115 ,  55 .  55 
 111 ,  57 .  43 
 114 ,  56 .  56 
 116 ,  57 .  87 
 114 ,  56 .  71 
 115 ,  56 .  27 
 114 ,  57 .  58 
 111 ,  56 .  71 
 114 ,  55 .  55 
 110 ,  56 .  56 
 110 ,  57 .  14 
 110 ,  54 .  97 
 109 ,  55 .  55 
 116 ,  56 .  71 
 109 ,  56 .  56 
 108 ,  57 .  14 
 108 ,  56 .  13 
 108 ,  56 .  13 
 106 ,  56 .  56 
 105 ,  55 .  55 
 109 ,  56 .  27 
 108 ,  56 .  13 
 109 ,  57 .  87 
 106 ,  56 .  71 
 110 ,  56 .  71 
 107 ,  57 .  43 
 106 ,  58 .  30 
 106 ,  56 .  56 
 106 ,  57 .  29 
 103 ,  56 .  71 
 105 ,  54 .  97 
 106 ,  55 .  40 
 107 ,  55 .  26 
 104 ,  57 .  58 
 103 ,  54 .  97 
 105 ,  55 .  55 
 107 ,  54 .  39 
 106 ,  56 .  42 
 106 ,  56 .  71 
 106 ,  56 .  71 
 106 ,  57 .  72 
 104 ,  57 .  14 
 106 ,  57 .  14 
 106 ,  55 .  55 
 106 ,  56 .  71 
 106 ,  57 .  87 
 106 ,  54 .  82 
 105 ,  56 .  13 
 105 ,  57 .  14 
 103 ,  55 .  26 
 105 ,  55 .  55 
 101 ,  53 .  22 
 105 ,  56 .  13 
 109 ,  55 .  55 
 101 ,  57 .  29 
 106 ,  56 .  42 
 106 ,  56 .  71 
 105 ,  55 .  98 
 105 ,  56 .  13 
 106 ,  57 .   0 
 106 ,  54 .  10 
 108 ,  57 .  72 
 110 ,  57 .  87 
 106 ,  56 .  13 
 107 ,  55 .  55 
 106 ,  58 .   1 
 104 ,  55 .  55 
 101 ,  55 .  98 
 106 ,  54 .  39 
 105 ,  55 .  55 
 105 ,  56 .  13 
 103 ,  55 .  55 
 107 ,  56 .  13 
 107 ,  56 .  71 
 105 ,  56 .  13 
 105 ,  55 .  26 
 105 ,  55 .  98 
 104 ,  56 .  71 
 106 ,  56 .  56 
 107 ,  55 .  55 
 106 ,  57 .  14 
 105 ,  55 .  98 
 105 ,  55 .  55 
 104 ,  57 .  72 
 105 ,  56 .  13 
 105 ,  54 .  97 
 101 ,  56 .  71 
 103 ,  57 .  58 
 104 ,  54 .  97 
 103 ,  57 .  72 
 103 ,  56 .  56 
 104 ,  57 .   0 
 106 ,  54 .  97 
 103 ,  54 .  39 
 105 ,  55 .  40 
 105 ,  56 .  27 
 106 ,  56 .  71 
 100 ,  57 .  29 
 105 ,  55 .  55 
 106 ,  55 .  40 
 105 ,  56 .  56 
 106 ,  56 .  27 
 106 ,  56 .  56 
 104 ,  56 .  13 
 102 ,  56 .  13 
 108 ,  55 .  55 
 106 ,  56 .  13 
 105 ,  56 .  56 
 105 ,  55 .  55 
 105 ,  57 .  14 
 105 ,  55 .  55 
 101 ,  56 .  13 
 102 ,  55 .  55 
 107 ,  56 .  71 
 103 ,  55 .  26 
 103 ,  54 .  97 
 105 ,  55 .  98 
 107 ,  55 .  55 
 105 ,  57 .  87 
 106 ,  55 .  98 
 102 ,  55 .  98 
 105 ,  57 .  14 
 103 ,  55 .  55 
 105 ,  54 .  97 
 102 ,  55 .  55 
 103 ,  56 .  42 
 103 ,  56 .  13 
 104 ,  55 .  84 
 106 ,  56 .  56 
 104 ,  57 .  72 
 106 ,  55 .  55 
 104 ,  56 .  56 
 104 ,  56 .  13 
 101 ,  55 .  55 
 101 ,  55 .  98 
 102 ,  55 .  40 
 105 ,  54 .  97 
 104 ,  56 .  13 
 104 ,  57 .  14 
 103 ,  54 .  97 
 104 ,  57 .  14 
 106 ,  57 .  43 
 104 ,  56 .  71 
 104 ,  56 .  56 
 104 ,  55 .  40 
 106 ,  55 .  55 
 106 ,  55 .  98 
 100 ,  55 .  55 
 102 ,  56 .  71 
 105 ,  56 .  13 
 103 ,  56 .  27 
 103 ,  55 .  55 
 101 ,  56 .  13 
 100 ,  57 .  14 
 105 ,  56 .  71 
 105 ,  54 .  97 
 105 ,  55 .  26 
 102 ,  57 .  29 
 105 ,  56 .  71 
 103 ,  54 .  97 
 110 ,  54 .  97 
 103 ,  57 .  14 
 104 ,  56 .  13 
 106 ,  55 .  98 
 103 ,  56 .  13 
 103 ,  54 .  39 
 104 ,  57 .  87 
 110 ,  56 .  27 
 104 ,  55 .  40 
 105 ,  55 .  55 
 105 ,  55 .  40 
 105 ,  55 .  55 
 105 ,  55 .  98 
 107 ,  57 .  72 
 106 ,  55 .  55 
 106 ,  55 .  98 
 104 ,  55 .  40 
 106 ,  54 .  82 
 103 ,  55 .  55 
 103 ,  55 .  55 
 103 ,  56 .  42 
 103 ,  55 .  40 
 101 ,  56 .  13 
 103 ,  56 .  71 
 103 ,  54 .  97 
 101 ,  56 .  71 
 101 ,  56 .  71 
 103 ,  56 .  13 
 107 ,  54 .  97 
 103 ,  57 .   0 
 106 ,  58 .  30 
 107 ,  55 .  55 
 104 ,  56 .  56 
 106 ,  57 .  72 
 104 ,  55 .  98 
 100 ,  55 .  55 
 106 ,  55 .  84 
 104 ,  56 .  42 
 108 ,  56 .  71 
 104 ,  55 .  84 
 104 ,  56 .  13 
 104 ,  55 .  98 
 101 ,  55 .  55 
 105 ,  55 .  26 
 103 ,  56 .  13 
 105 ,  57 .  14 
 104 ,  55 .  55 
 101 ,  55 .  98 
 105 ,  55 .  98 
 105 ,  55 .  98 
 106 ,  55 .  55 
 106 ,  55 .  55 
 106 ,  56 .  27 
 106 ,  55 .  55 
 106 ,  56 .  27 
 106 ,  57 .  29 
 107 ,  56 .  56 
 102 ,  55 .  55 
 105 ,  55 .  98 
 107 ,  55 .  98 
 107 ,  55 .  55 
 103 ,  57 .  29 
 106 ,  59 .   3 
 107 ,  55 .  55 
 110 ,  56 .  71 
 106 ,  57 .  58 
 106 ,  56 .  13 
 107 ,  57 .  87 
 106 ,  55 .  55 
 106 ,  55 .  98 
 105 ,  55 .  26 
 103 ,  56 .  13 
 103 ,  55 .  55 
 103 ,  55 .  55 
 103 ,  55 .  40 
 105 ,  55 .  84 
 106 ,  56 .  71 
 105 ,  56 .  71 
 104 ,  55 .  55 
 104 ,  56 .  13 
 105 ,  56 .  42 
 106 ,  56 .  13 
 108 ,  56 .  13 
 104 ,  55 .  98 
 106 ,  56 .  71 
 104 ,  55 .  55 
 106 ,  57 .  58 
 106 ,  57 .  87 
 106 ,  55 .  55 
 106 ,  57 .  87 
 107 ,  57 .  29 
 107 ,  56 .  27 
 106 ,  56 .  42 
 105 ,  56 .  13 
 105 ,  55 .  55 
 104 ,  56 .  71 
 108 ,  54 .  39 
 104 ,  57 .  29 
 107 ,  56 .  56 
 104 ,  56 .  13 
 104 ,  55 .  55 
 106 ,  55 .  55 
 106 ,  56 .  56 
 108 ,  54 .  39 
 104 ,  55 .  26 
 106 ,  55 .  55 
 105 ,  57 .  43 
 108 ,  55 .  55 
 105 ,  55 .  55 
 103 ,  56 .  56 
 107 ,  55 .  98 
 106 ,  56 .  27 
 106 ,  56 .  56 
 106 ,  53 .  81 
 103 ,  55 .  40 
 103 ,  54 .  39 
 106 ,  54 .  39 
 105 ,  55 .  55 
 105 ,  57 .  29 
 106 ,  56 .  27 
 106 ,  55 .  55 
 106 ,  57 .  72 
 106 ,  56 .  56 
 106 ,  54 .  82 
 105 ,  55 .  55 
 105 ,  57 .  87 
 105 ,  55 .  26 
 104 ,  56 .  13 
 104 ,  55 .  84 
 104 ,  56 .  71 
 106 ,  55 .  98 
 106 ,  55 .  55 
 106 ,  55 .  55 
 104 ,  58 .  45 
 106 ,  54 .  97 
 105 ,  55 .  84 
 108 ,  55 .  40 
 105 ,  55 .  55 
 107 ,  55 .  55 
 105 ,  55 .  40 
 107 ,  56 .  27 
 105 ,  56 .  85 
 106 ,  57 .   0 
 107 ,  55 .  98 
 105 ,  57 .  14 
 103 ,  55 .  98 
 105 ,  55 .  55 
 105 ,  57 .  29 
 110 ,  56 .  13 
 106 ,  54 .  97 
 106 ,  56 .  56 
 104 ,  58 .  30 
 111 ,  55 .  98 
 108 ,  57 .  58 
 105 ,  55 .  55 
 104 ,  56 .  56 
 105 ,  55 .  55 
 105 ,  55 .  55 
 108 ,  56 .  13 
 105 ,  57 .  87 
 105 ,  53 .  95 
 107 ,  58 .  30 
 107 ,  56 .  27 
 106 ,  53 .  22 
 106 ,  54 .  82 
 106 ,  55 .  98 
 107 ,  55 .  98 
 105 ,  54 .  10 
 105 ,  55 .  84 
 106 ,  57 .  29 
 106 ,  55 .  55 
 106 ,  55 .  55 
 108 ,  55 .  98 
 104 ,  57 .  14 
 105 ,  54 .  39 
 107 ,  56 .  71 
 105 ,  56 .  13 
 102 ,  56 .  13 
 104 ,  55 .  26 
 101 ,  54 .  97 
 106 ,  56 .  42 
 105 ,  55 .  11 
 106 ,  56 .  27 
 106 ,  56 .  71 
 107 ,  56 .  42 
 106 ,  57 .  72 
 110 ,  56 .  71 
 108 ,  54 .  82 
 106 ,  55 .  55 
 110 ,  57 .  14 
 107 ,  56 .  71 
 106 ,  55 .  98 
 109 ,  53 .  66 
 110 ,  56 .  71 
 107 ,  54 .  97 
 108 ,  57 .   0 
 110 ,  55 .  40 
 108 ,  56 .  13 
 108 ,  56 .  27 
 108 ,  55 .  84 
 107 ,  56 .  13 
 105 ,  55 .  55 
 108 ,  57 .  87 
 105 ,  56 .  71 
 109 ,  55 .  26 
 106 ,  55 .  55 
 106 ,  55 .  26 
 106 ,  56 .  56 
 108 ,  54 .  97 
 110 ,  55 .  55 
 110 ,  55 .  26 
 110 ,  56 .  42 
 106 ,  56 .  27 
 106 ,  55 .  55 
 107 ,  57 .  87 
 104 ,  55 .  40 
 108 ,  55 .  55 
 110 ,  57 .  29 
 105 ,  56 .  71 
 107 ,  56 .  13 
 105 ,  55 .  55 
 105 ,  56 .  56 
 105 ,  56 .  71 
 105 ,  55 .  55 
 110 ,  55 .  55 
 108 ,  56 .  13 
 109 ,  55 .  26 
 107 ,  55 .  26 
 110 ,  56 .  71 
 111 ,  56 .  71 
 111 ,  55 .  55 
 113 ,  55 .  55 
 108 ,  55 .  26 
 112 ,  54 .  97 
 110 ,  57 .  14 
 109 ,  55 .  40 
 112 ,  57 .  87 
 111 ,  57 .  58 
 110 ,  55 .  40 
 110 ,  54 .  82 
 111 ,  55 .  98 
 107 ,  54 .  97 
 106 ,  54 .  10 
 104 ,  55 .  11 
 105 ,  55 .  55 
 107 ,  55 .  98 
 110 ,  56 .  56 
 105 ,  56 .  13 
 113 ,  56 .  13 
 106 ,  56 .  71 
 106 ,  57 .  29 
 105 ,  56 .  13 
 109 ,  56 .  27 
 105 ,  56 .  71 
 103 ,  57 .  29 
 105 ,  54 .  39 
 108 ,  55 .  98 
 107 ,  57 .  58 
 106 ,  56 .  13 
 106 ,  56 .  27 
 106 ,  57 .  29 
 106 ,  56 .  13 
 104 ,  55 .  55 
 106 ,  55 .  98 
 103 ,  55 .  11 
 101 ,  55 .  55 
 103 ,  57 .  29 
 104 ,  55 .  26 
 105 ,  55 .  11 
 106 ,  57 .  72 
 104 ,  55 .  55 
 106 ,  55 .  55 
 106 ,  56 .  42 
 104 ,  55 .  40 
 106 ,  54 .  53 
 106 ,  56 .  27 
 106 ,  56 .  71 
 106 ,  56 .  71 
 104 ,  55 .  40 
 104 ,  56 .  42 
 104 ,  56 .  56 
 107 ,  57 .  29 
 103 ,  57 .  14 
 104 ,  53 .  81 
 108 ,  55 .  40 
 104 ,  56 .  71 
 105 ,  56 .  71 
 103 ,  55 .  55 
 106 ,  56 .  13 
 103 ,  56 .  71 
 104 ,  54 .  97 
 102 ,  55 .  55 
 105 ,  54 .  97 
 104 ,  55 .  11 
 103 ,  55 .  40 
 108 ,  56 .  13 
 104 ,  56 .  71 
 106 ,  56 .  13 
 106 ,  57 .  14 
 104 ,  55 .  40 
 104 ,  55 .  55 
 106 ,  57 .  14 
 104 ,  55 .  40 
 104 ,  55 .  98 
  99 ,  55 .  55 
 104 ,  56 .  13 
 106 ,  56 .  56 
 102 ,  56 .  13 
 106 ,  55 .  55 
 104 ,  56 .  13 
 105 ,  54 .  82 
 101 ,  56 .  71 
 103 ,  56 .  13 
 105 ,  56 .  13 
 103 ,  56 .  71 
 105 ,  54 .  24 
 101 ,  56 .  13 
 105 ,  57 .  14 
 101 ,  56 .  42 
 109 ,  55 .  11 
 108 ,  55 .  55 
 105 ,  57 .  29 
 106 ,  57 .  14 
 104 ,  56 .  13 
 104 ,  55 .  55 
 103 ,  55 .  55 
 104 ,  55 .  55 
 102 ,  55 .  98 
 104 ,  55 .  55 
 104 ,  56 .  71 
 106 ,  57 .  43 
 106 ,  56 .  71 
 106 ,  57 .  29 
 102 ,  57 .  29 
 101 ,  55 .  55 
 101 ,  55 .  40 
 101 ,  55 .  55 
 101 ,  55 .  55 
 101 ,  56 .  13 
 103 ,  56 .  13 
 101 ,  55 .  11 
 100 ,  54 .  97 
 103 ,  56 .  85 
 104 ,  55 .  40 
 106 ,  55 .  98 
 102 ,  57 .  14 
 104 ,  57 .  72 
 102 ,  56 .  56 
 101 ,  56 .  27 
 103 ,  57 .  29 
 103 ,  57 .  29 
 105 ,  56 .  13 
 103 ,  56 .  13 
 105 ,  56 .  71 
 102 ,  55 .  98 
 106 ,  56 .  56 
 102 ,  55 .  55 
 104 ,  55 .  98 
 103 ,  56 .  42 
 101 ,  55 .  84 
 103 ,  55 .  84 
 104 ,  54 .  97 
 100 ,  55 .  55 
 101 ,  55 .  40 
 101 ,  56 .  13 
 103 ,  53 .  37 
 101 ,  55 .  55 
 101 ,  56 .  71 
 101 ,  56 .  13 
 101 ,  54 .  97 
 101 ,  54 .  10 
 101 ,  55 .  26 
 103 ,  54 .  97 
 103 ,  54 .  39 
 104 ,  57 .  72 
 106 ,  55 .  40 
 102 ,  55 .  55 
 102 ,  57 .  58 
 104 ,  55 .  55 
 102 ,  55 .  98 
 104 ,  55 .  40 
 102 ,  56 .  56 
 104 ,  54 .  97 
 102 ,  55 .  55 
 104 ,  55 .  55 
 104 ,  56 .  71 
 105 ,  55 .  55 
 107 ,  55 .  40 
 108 ,  55 .  55 
 106 ,  55 .  55 
 105 ,  54 .  97 
 107 ,  56 .  13 
 105 ,  55 .  55 
 107 ,  55 .  55 
 108 ,  55 .  55 
 106 ,  55 .  55 
 108 ,  55 .  55 
 106 ,  57 .  14 
 104 ,  56 .  27 
 107 ,  55 .  11 
 107 ,  55 .  55 
 106 ,  55 .  98 
 107 ,  54 .  97 
 103 ,  54 .  39 
 106 ,  54 .  68 
 108 ,  55 .  26 
 107 ,  55 .  98 
 108 ,  57 .  14 
 109 ,  54 .  82 
 110 ,  57 .  14 
 110 ,  57 .  43 
 110 ,  57 .  87 
 110 ,  55 .  55 
 106 ,  56 .  56 
 108 ,  57 .  14 
 103 ,  54 .  97 
 108 ,  55 .  26 
 108 ,  57 .  29 
 107 ,  56 .  42 
 109 ,  55 .  55 
 108 ,  55 .  55 
 105 ,  55 .  84 
 106 ,  54 .  39 
 105 ,  54 .  97 
 107 ,  55 .  55 
 105 ,  55 .  55 
 107 ,  53 .  81 
 107 ,  56 .  13 
 106 ,  56 .  13 
 106 ,  55 .  11 
 106 ,  56 .  56 
 105 ,  55 .  98 
 105 ,  57 .  29 
 106 ,  54 .  97 
 104 ,  55 .  55 
 104 ,  54 .  82 
 106 ,  56 .  27 
 106 ,  55 .  55 
 104 ,  54 .  82 
 104 ,  55 .  55 
 104 ,  55 .  55 
 106 ,  55 .  55 
 104 ,  55 .  40 
 104 ,  54 .  82 
 105 ,  56 .  13 
 103 ,  57 .  14 
 103 ,  57 .  14 
 105 ,  55 .  40 
 103 ,  55 .  55 
 101 ,  56 .  56 
 105 ,  54 .  97 
 105 ,  56 .  27 
 101 ,  55 .  55 
 100 ,  52 .   6 
 103 ,  54 .  97 
 106 ,  56 .  27 
 106 ,  55 .  55 
 104 ,  55 .  98 
 104 ,  57 .  29 
 103 ,  56 .  13 
 101 ,  57 .  43 
 103 ,  55 .  26 
 101 ,  56 .  13 
 101 ,  55 .  55 
 101 ,  55 .  40 
 104 ,  56 .  13 
 103 ,  54 .  39 
 102 ,  57 .  29 
 103 ,  55 .  55 
 105 ,  55 .  40 
 100 ,  56 .  71 
 100 ,  54 .  39 
 106 ,  55 .  55 
 106 ,  57 .  14 
 104 ,  57 .  14 
 107 ,  55 .  55 
 106 ,  56 .  56 
 102 ,  56 .  13 
 102 ,  55 .  55 
 107 ,  54 .  82 
 101 ,  55 .  11 
  99 ,  56 .  27 
 101 ,  56 .  71 
 104 ,  55 .  98 
 101 ,  55 .  55 
 102 ,  54 .  97 
 105 ,  55 .  26 
 103 ,  55 .  11 
 105 ,  55 .  98 
 106 ,  54 .  82 
 102 ,  55 .  98 
 103 ,  56 .  56 
 103 ,  54 .  39 
 100 ,  55 .  55 
 104 ,  55 .  98 
 104 ,  55 .  40 
 104 ,  56 .  56 
 104 ,  55 .  55 
 104 ,  55 .  55 
 106 ,  54 .  82 
 101 ,  56 .  56 
 105 ,  54 .  97 
 104 ,  54 .  82 
 107 ,  56 .  27 
 104 ,  56 .  27 
 106 ,  57 .  29 
 103 ,  57 .  14 
 102 ,  56 .  71 
 102 ,  55 .  40 
 104 ,  56 .  71 
 102 ,  56 .  56 
 101 ,  55 .  40 
 101 ,  55 .  98 
 105 ,  57 .  58 
 103 ,  54 .  97 
 101 ,  55 .  55 
 102 ,  55 .  55 
 104 ,  55 .  55 
 101 ,  55 .  11 
 102 ,  55 .  55 
 104 ,  56 .  27 
 104 ,  55 .  98 
 106 ,  57 .  29 
 105 ,  55 .  55 
 103 ,  55 .  98 
 102 ,  56 .  71 
 103 ,  54 .  97 
 103 ,  55 .  55 
 104 ,  55 .  55 
 101 ,  55 .  40 
 100 ,  55 .  40 
 104 ,  55 .  55 
 105 ,  55 .  55 
 107 ,  55 .  55 
 104 ,  56 .  42 
 103 ,  56 .  27 
 104 ,  55 .  55 
 100 ,  56 .  56 
 106 ,  55 .  55 
 104 ,  56 .  56 
 106 ,  55 .  55 
 102 ,  56 .  71 
 104 ,  57 .  72 
 104 ,  56 .  13 
 104 ,  55 .  55 
 104 ,  56 .  85 
 105 ,  55 .  26 
 103 ,  55 .  55 
  99 ,  56 .  71 
 104 ,  55 .  98 
 102 ,  55 .  40 
 104 ,  57 .  14 
 106 ,  55 .  40 
 106 ,  56 .  13 
 105 ,  54 .  82 
 103 ,  55 .  55 
 103 ,  55 .  55 
 105 ,  57 .  14 
 104 ,  54 .  24 
 101 ,  54 .  39 
 103 ,  55 .  55 
 103 ,  55 .  26 
 103 ,  55 .  55 
 103 ,  55 .  26 
 102 ,  54 .  97 
 102 ,  54 .  82 
 104 ,  56 .  27 
 106 ,  55 .  55 
 106 ,  56 .  27 
 104 ,  52 .  79 
 106 ,  56 .  27 
 106 ,  56 .  27 
 106 ,  56 .  71 
 108 ,  57 .  14 
 106 ,  57 .  87 
 106 ,  54 .  97 
 103 ,  56 .  71 
 103 ,  56 .  71 
 101 ,  56 .  71 
 104 ,  54 .  68 
 105 ,  56 .  13 
 101 ,  55 .  55 
 103 ,  56 .  13 
 105 ,  56 .  71 
 104 ,  55 .  40 
 101 ,  55 .  98 
 100 ,  56 .  71 
 103 ,  55 .  84 
 106 ,  56 .  13 
 107 ,  55 .  98 
 104 ,  55 .  98 
 100 ,  54 .  39 
 103 ,  55 .  55 
 105 ,  54 .  39 
 105 ,  55 .  26 
 106 ,  55 .  40 
 104 ,  54 .  24 
 102 ,  55 .  11 
 106 ,  56 .  71 
 104 ,  56 .  27 
 106 ,  56 .  42 
 102 ,  56 .  13 
 106 ,  56 .  13 
 106 ,  57 .  72 
 106 ,  55 .  55 
 106 ,  56 .  13 
 104 ,  57 .  29 
 106 ,  55 .  55 
 106 ,  56 .  71 
 104 ,  57 .  29 
 101 ,  55 .  55 
 105 ,  55 .  55 
 103 ,  53 .  81 
 106 ,  55 .  55 
 101 ,  55 .  55 
 106 ,  55 .  26 
 107 ,  55 .  55 
 105 ,  55 .  98 
 103 ,  54 .  39 
 106 ,  56 .  13 
 106 ,  55 .  98 
 106 ,  56 .  56 
 101 ,  55 .  40 
  97 ,  56 .  13 
 104 ,  56 .  71 
 106 ,  55 .  55 
 104 ,  56 .  56 
 107 ,  55 .  98 
 103 ,  55 .  40 
 103 ,  54 .  10 
 103 ,  56 .  71 
 108 ,  55 .  55 
 105 ,  56 .  71 
 103 ,  57 .  58 
 104 ,  57 .  58 
 103 ,  55 .  98 
 104 ,  54 .  39 
 105 ,  55 .  98 
 106 ,  57 .  87 
 106 ,  55 .  40 
 104 ,  58 .  45 
 106 ,  56 .  85 
 103 ,  55 .  55 
 101 ,  54 .  68 
 103 ,  54 .  39 
 105 ,  55 .  55 
 105 ,  54 .  97 
 104 ,  56 .  13 
 107 ,  55 .  11 
 104 ,  55 .  40 
 106 ,  57 .  87 
 104 ,  55 .  55 
 106 ,  55 .  55 
 102 ,  57 .  29 
 101 ,  55 .  84 
 105 ,  55 .  55 
 104 ,  56 .  27 
 105 ,  55 .  84 
 104 ,  54 .  97 
 101 ,  54 .  97 
 105 ,  55 .  40 
 103 ,  55 .  26 
 104 ,  56 .  42 
 102 ,  56 .  71 
 104 ,  54 .  39 
 103 ,  56 .  71 
 103 ,  57 .  43 
 105 ,  55 .  26 
 104 ,  55 .  55 
 105 ,  57 .  14 
 102 ,  56 .  71 
 100 ,  57 .  29 
  99 ,  57 .  14 
 100 ,  56 .  71 
 101 ,  56 .  71 
  99 ,  54 .  97 
 101 ,  54 .  97 
 101 ,  55 .  55 
 100 ,  53 .  95 
 103 ,  54 .  97 
 104 ,  56 .  13 
 104 ,  56 .  42 
 102 ,  55 .  55 
 104 ,  55 .  55 
 102 ,  56 .  42 
 104 ,  55 .  98 
 100 ,  55 .  55 
 100 ,  55 .  40 
 101 ,  56 .  56 
 102 ,  55 .  55 
 101 ,  54 .  39 
 101 ,  54 .  68 
 104 ,  55 .  26 
 102 ,  55 .  55 
 100 ,  53 .  95 
 103 ,  56 .  71 
 103 ,  55 .  26 
 101 ,  55 .  55 
 104 ,  56 .  71 
 101 ,  55 .  40 
 103 ,  56 .  42 
 103 ,  55 .  26 
 101 ,  55 .  98 
 102 ,  55 .  98 
 102 ,  55 .  55 
 102 ,  56 .  71 
  98 ,  55 .  40 
 101 ,  55 .  55 
 101 ,  55 .  40 
 101 ,  56 .  71 
 100 ,  55 .  98 
 104 ,  55 .  98 
 104 ,  54 .  82 
 103 ,  54 .  82 
 102 ,  56 .  71 
 101 ,  56 .  71 
 101 ,  54 .  97 
 103 ,  57 .  14 
 101 ,  55 .  55 
 101 ,  54 .  39 
 106 ,  56 .  42 
 104 ,  55 .  40 
 104 ,  56 .  27 
 104 ,  55 .  55 
 106 ,  55 .  98 
 104 ,  54 .  24 
 102 ,  57 .  29 
 101 ,  55 .  11 
 102 ,  55 .  40 
 104 ,  56 .  13 
 103 ,  55 .  26 
 101 ,  53 .  37 
 103 ,  55 .  40 
  99 ,  56 .  42 
 104 ,  57 .  29 
 103 ,  58 .  30 
 103 ,  53 .  66 
 105 ,  56 .  71 
 102 ,  55 .  26 
 101 ,  56 .  71 
 101 ,  55 .  98 
 103 ,  55 .  40 
 103 ,  54 .  97 
 106 ,  56 .  56 
 104 ,  55 .  55 
 104 ,  56 .  13 
 102 ,  55 .  40 
 102 ,  55 .  55 
 104 ,  56 .  13 
 104 ,  57 .  14 
 104 ,  55 .  55 
 104 ,  55 .  40 
 104 ,  57 .  29 
 103 ,  56 .  13 
 100 ,  54 .  39 
 102 ,  54 .  82 
 103 ,  55 .  55 
 103 ,  56 .  13 
 101 ,  56 .  71 
 103 ,  55 .  55 
 105 ,  55 .  11 
 102 ,  57 .  29 
 104 ,  57 .  14 
 106 ,  54 .  97 
 102 ,  56 .  13 
 103 ,  56 .  71 
 103 ,  56 .  71 
 103 ,  55 .  55 
 101 ,  55 .  55 
 101 ,  55 .  55 
 101 ,  55 .  55 
 101 ,  55 .  55 
 100 ,  56 .  13 
 101 ,  55 .  55 
 100 ,  54 .  97 
 100 ,  54 .  97 
  98 ,  55 .  55 
 100 ,  54 .  97 
 100 ,  54 .  39 
 103 ,  56 .  71 
 100 ,  56 .  56 
  98 ,  57 .  29 
 104 ,  55 .  11 
 102 ,  55 .  55 
 104 ,  56 .  42 
 102 ,  56 .  56 
 104 ,  55 .  40 
 102 ,  54 .  97 
 100 ,  56 .  13 
 100 ,  55 .  26 
 100 ,  55 .  55 
  97 ,  56 .  71 
 102 ,  55 .  55 
 104 ,  56 .  71 
 102 ,  56 .  56 
 100 ,  55 .  98 
 101 ,  55 .  98 
 102 ,  56 .  71 
  98 ,  55 .  55 
 102 ,  55 .  55 
 102 ,  55 .  40 
 100 ,  56 .  71 
 102 ,  56 .  13 
 102 ,  53 .  22 
 102 ,  55 .  55 
 100 ,  56 .  13 
 100 ,  54 .  53 
 102 ,  54 .  82 
 100 ,  55 .  55 
  99 ,  54 .  82 
 102 ,  57 .  14 
 102 ,  55 .  40 
 100 ,  56 .  71 
 102 ,  57 .  14 
 100 ,  54 .  97 
 100 ,  55 .  55 
 101 ,  55 .  55 
  98 ,  54 .  97 
 100 ,  53 .  81 
 101 ,  54 .  97 
 100 ,  54 .  97 
  99 ,  55 .  98 
 101 ,  54 .  10 
 100 ,  55 .  55 
 101 ,  55 .  55 
 100 ,  56 .  71 
 100 ,  56 .  42 
 100 ,  53 .  81 
 101 ,  55 .  40 
 103 ,  55 .  55 
 100 ,  55 .  55 
 101 ,  55 .  40 
 100 ,  55 .  55 
  99 ,  57 .  72 
  97 ,  54 .  39 
 104 ,  54 .  97 
 101 ,  55 .  40 
 101 ,  55 .  55 
 101 ,  54 .  97 
 101 ,  56 .  13 
 101 ,  54 .  97 
 101 ,  55 .  55 
 102 ,  56 .  71 
 101 ,  55 .  55 
 101 ,  55 .  55 
 101 ,  56 .  71 
 101 ,  56 .  27 
 101 ,  55 .  40 
 103 ,  55 .  40 
 100 ,  55 .  98 
 104 ,  55 .  84 
  97 ,  55 .  11 
 107 ,  56 .  13 
 100 ,  55 .  40 
  96 ,  56 .  56 
  99 ,  55 .  55 
 101 ,  55 .  55 
  99 ,  56 .  71 
 102 ,  56 .  56 
 101 ,  54 .  39 
 101 ,  55 .  26 
 100 ,  57 .  29 
 101 ,  56 .  71 
 103 ,  54 .  39 
 102 ,  56 .  13 
 102 ,  56 .  71 
 104 ,  56 .  71 
 104 ,  56 .  71 
 104 ,  55 .  40 
 102 ,  55 .  55 
 102 ,  54 .  82 
  99 ,  56 .  13 
 101 ,  54 .  97 
  98 ,  55 .  40 
  99 ,  55 .  84 
 102 ,  55 .  26 
  96 ,  55 .  40 
 100 ,  55 .  55 
 104 ,  55 .  55 
 102 ,  55 .  55 
 100 ,  57 .  29 
  99 ,  55 .  11 
  98 ,  53 .  81 
 104 ,  55 .  84 
 101 ,  55 .  98 
 100 ,  55 .  40 
  99 ,  56 .  71 
  99 ,  55 .  40 
 103 ,  55 .  55 
 101 ,  55 .  55 
 100 ,  55 .  55 
 100 ,  55 .  40 
 100 ,  56 .  13 
 103 ,  56 .  71 
 101 ,  56 .  71 
 101 ,  55 .  55 
 101 ,  56 .  27 
 100 ,  56 .  71 
 102 ,  55 .  84 
 102 ,  54 .  97 
 103 ,  53 .   8 
 100 ,  55 .  26 
 101 ,  55 .  40 
  99 ,  57 .  14 
 103 ,  56 .  56 
  99 ,  54 .  39 
 102 ,  54 .  97 
 103 ,  54 .  97 
 101 ,  55 .  55 
 100 ,  56 .  71 
 101 ,  54 .  39 
 103 ,  55 .  84 
 104 ,  56 .  13 
 104 ,  55 .  55 
 102 ,  54 .  24 
 104 ,  55 .  55 
 100 ,  56 .  13 
 103 ,  54 .  97 
 103 ,  57 .  29 
 101 ,  55 .  84 
 104 ,  56 .  71 
 106 ,  57 .  87 
 104 ,  56 .  71 
 104 ,  53 .  81 
 101 ,  56 .  71 
 101 ,  56 .  27 
 105 ,  57 .  29 
 102 ,  55 .  11 
 103 ,  55 .  11 
 104 ,  56 .  42 
 104 ,  56 .  13 
 104 ,  55 .  26 
 104 ,  55 .  55 
 106 ,  55 .  55 
 106 ,  55 .  55 
 104 ,  56 .  56 
 104 ,  56 .  13 
 100 ,  54 .  39 
 103 ,  56 .  13 
 102 ,  55 .  98 
 102 ,  55 .  55 
 104 ,  56 .  71 
 101 ,  55 .  26 
 101 ,  54 .  97 
 103 ,  56 .  56 
 106 ,  55 .  55 
 106 ,  55 .  11 
 102 ,  55 .  98 
 103 ,  56 .  13 
 103 ,  54 .  97 
 103 ,  53 .  66 
 100 ,  55 .  98 
 106 ,  55 .  40 
 104 ,  57 .  43 
 106 ,  56 .  71 
 106 ,  55 .  11 
 104 ,  55 .  40 
 104 ,  57 .  87 
 103 ,  56 .  71 
 103 ,  54 .  39 
 102 ,  54 .  39 
 102 ,  55 .  55 
 104 ,  55 .  55 
 105 ,  55 .  11 
 102 ,  55 .  98 
 104 ,  55 .  98 
 101 ,  53 .   8 
 102 ,  55 .  55 
 102 ,  55 .  98 
 101 ,  54 .  82 
 104 ,  56 .  71 
 106 ,  55 .  11 
 102 ,  55 .  55 
 103 ,  57 .  14 
 104 ,  55 .  55 
 102 ,  55 .  55 
 106 ,  55 .  55 
 104 ,  55 .  55 
 104 ,  54 .  39 
 103 ,  55 .  40 
 103 ,  56 .  42 
 100 ,  53 .  22 
  97 ,  56 .  71 
 106 ,  55 .  40 
 104 ,  55 .  55 
 104 ,  56 .  71 
 104 ,  57 .  14 
 104 ,  55 .  40 
 106 ,  55 .  55 
 104 ,  57 .  58 
 106 ,  57 .  72 
 104 ,  55 .  26 
 104 ,  55 .  98 
 106 ,  56 .  71 
 104 ,  57 .  14 
 104 ,  54 .  97 
 103 ,  54 .  97 
 103 ,  55 .  11 
 105 ,  54 .  97 
 102 ,  55 .  55 
 106 ,  56 .  42 
 106 ,  54 .  39 
 106 ,  55 .  40 
 106 ,  55 .  40 
 105 ,  57 .  29 
 103 ,  56 .  71 
 104 ,  55 .  55 
 103 ,  55 .  98 
 104 ,  54 .  39 
 103 ,  54 .  97 
 104 ,  55 .  55 
 106 ,  56 .  13 
 106 ,  56 .  71 
 104 ,  55 .  55 
 104 ,  57 .  72 
 106 ,  55 .  84 
 103 ,  54 .  82 
 101 ,  56 .  71 
 105 ,  56 .  56 
 104 ,  55 .  26 
 105 ,  55 .  55 
 103 ,  55 .  55 
 103 ,  56 .  13 
 102 ,  55 .  26 
 105 ,  55 .  26 
 103 ,  57 .  29 
 106 ,  56 .  42 
 106 ,  56 .  27 
 106 ,  55 .  55 
 106 ,  55 .  55 
 104