71 
 909 ,  56 .  71 
 907 ,  56 .  13 
 900 ,  56 .  13 
 903 ,  56 .  71 
 910 ,  55 .  55 
 906 ,  56 .  71 
 904 ,  55 .  11 
 905 ,  56 .  71 
 910 ,  56 .  56 
 908 ,  55 .  26 
 901 ,  55 .  55 
 906 ,  56 .  71 
 909 ,  55 .  55 
 906 ,  56 .  71 
 901 ,  56 .  13 
 904 ,  56 .  13 
 911 ,  55 .  55 
 909 ,  56 .  13 
 900 ,  56 .  13 
 903 ,  56 .  13 
 913 ,  55 .  55 
 906 ,  56 .  71 
 901 ,  56 .  13 
 905 ,  55 .  98 
 909 ,  56 .  13 
 907 ,  56 .  13 
 902 ,  56 .  13 
 904 ,  57 .  14 
 912 ,  56 .  13 
 908 ,  56 .  42 
 901 ,  56 .  13 
 907 ,  55 .  55 
 912 ,  56 .  13 
 909 ,  56 .  13 
 901 ,  56 .  56 
 905 ,  56 .  27 
 913 ,  56 .  42 
 907 ,  56 .  13 
 904 ,  55 .  55 
 906 ,  56 .  13 
 910 ,  55 .  11 
 908 ,  56 .  71 
 902 ,  56 .  71 
 906 ,  56 .  56 
 911 ,  56 .  56 
 910 ,  56 .  56 
 902 ,  56 .  71 
 907 ,  55 .  98 
 914 ,  55 .  55 
 910 ,  56 .  71 
 903 ,  55 .  40 
 904 ,  56 .  71 
 913 ,  56 .  71 
 910 ,  56 .  71 
 905 ,  55 .  11 
 909 ,  56 .  13 
 913 ,  56 .  13 
 910 ,  54 .  39 
 904 ,  55 .  55 
 907 ,  56 .  71 
 914 ,  56 .  42 
 909 ,  55 .  55 
 903 ,  56 .  13 
 909 ,  56 .  13 
 914 ,  56 .  56 
 910 ,  56 .  13 
 906 ,  56 .  27 
 908 ,  56 .  13 
 912 ,  55 .  55 
 908 ,  56 .  56 
 904 ,  56 .  13 
 908 ,  56 .  56 
 915 ,  55 .  40 
 910 ,  56 .  56 
 906 ,  54 .  24 
 909 ,  55 .  55 
 912 ,  55 .  11 
 911 ,  54 .  97 
 903 ,  54 .  97 
 909 ,  54 .  97 
 913 ,  55 .  55 
 909 ,  55 .  55 
 905 ,  54 .  39 
 908 ,  54 .  97 
 916 ,  54 .  82 
 913 ,  55 .  55 
 906 ,  55 .  55 
 911 ,  54 .  97 
 913 ,  54 .  39 
 909 ,  56 .  13 
 902 ,  55 .  26 
 909 ,  53 .  81 
 915 ,  54 .  39 
 909 ,  55 .  40 
 906 ,  54 .  97 
 911 ,  54 .  97 
 916 ,  54 .  39 
 912 ,  54 .  97 
 906 ,  54 .  82 
 910 ,  54 .  82 
 917 ,  54 .  39 
 910 ,  54 .  97 
 906 ,  54 .  97 
 912 ,  55 .  55 
 918 ,  56 .  27 
 912 ,  55 .  55 
 904 ,  54 .  39 
 912 ,  54 .  97 
 917 ,  54 .  24 
 913 ,  56 .  56 
 907 ,  54 .  39 
 910 ,  54 .  39 
 916 ,  55 .  55 
 910 ,  55 .  55 
 908 ,  55 .  98 
 910 ,  55 .  55 
 917 ,  56 .  13 
 911 ,  55 .  26 
 907 ,  54 .  39 
 912 ,  54 .  10 
 918 ,  55 .  40 
 910 ,  55 .  40 
 909 ,  55 .  55 
 914 ,  55 .  55 
 919 ,  56 .  42 
 912 ,  55 .  55 
 906 ,  57 .  58 
 913 ,  55 .  55 
 917 ,  54 .  39 
 911 ,  55 .  40 
 908 ,  55 .  55 
 914 ,  54 .  97 
 919 ,  55 .  55 
 914 ,  56 .  27 
 909 ,  54 .  97 
 912 ,  55 .  26 
 918 ,  54 .  68 
 911 ,  54 .  97 
 905 ,  55 .  55 
 914 ,  56 .  13 
 918 ,  55 .  26 
 914 ,  54 .  97 
 909 ,  54 .  82 
 916 ,  55 .  55 
 918 ,  54 .  39 
 912 ,  55 .  55 
 908 ,  54 .  39 
 913 ,  56 .  42 
 919 ,  55 .  55 
 914 ,  54 .  68 
 908 ,  55 .  11 
 915 ,  55 .  40 
 921 ,  53 .  95 
 912 ,  54 .  10 
 909 ,  54 .  82 
 913 ,  54 .  39 
 917 ,  54 .  39 
 913 ,  55 .  84 
 909 ,  54 .  10 
 913 ,  54 .  68 
 920 ,  54 .  82 
 915 ,  55 .  55 
 910 ,  53 .  81 
 918 ,  55 .  26 
 920 ,  55 .  11 
 915 ,  55 .  98 
 910 ,  54 .  39 
 916 ,  54 .  39 
 921 ,  54 .  39 
 913 ,  55 .  55 
 910 ,  54 .  39 
 915 ,  55 .  40 
 921 ,  55 .  55 
 917 ,  55 .  55 
 911 ,  54 .  97 
 918 ,  55 .  11 
 922 ,  54 .  39 
 914 ,  55 .  98 
 912 ,  55 .  55 
 915 ,  55 .  26 
 920 ,  53 .  66 
 914 ,  54 .  82 
 912 ,  54 .  97 
 916 ,  54 .  39 
 920 ,  53 .  81 
 913 ,  54 .  10 
 911 ,  56 .  13 
 918 ,  55 .  55 
 922 ,  55 .  11 
 914 ,  55 .  55 
 912 ,  54 .  39 
 917 ,  55 .  26 
 921 ,  54 .  97 
 913 ,  54 .  82 
 912 ,  54 .  39 
 917 ,  56 .  13 
 920 ,  54 .  39 
 915 ,  55 .  55 
 912 ,  56 .  13 
 918 ,  56 .  27 
 922 ,  54 .  82 
 913 ,  55 .  55 
 912 ,  54 .  39 
 918 ,  55 .  40 
 921 ,  55 .  55 
 915 ,  55 .  40 
 914 ,  54 .  82 
 920 ,  55 .  55 
 921 ,  54 .  39 
 917 ,  55 .  40 
 911 ,  54 .  39 
 921 ,  54 .  39 
 921 ,  53 .  22 
 913 ,  55 .  55 
 912 ,  54 .  39 
 920 ,  54 .  39 
 922 ,  55 .  40 
 916 ,  54 .  82 
 914 ,  55 .  55 
 920 ,  54 .  97 
 923 ,  54 .  82 
 915 ,  55 .  40 
 916 ,  54 .  97 
 920 ,  54 .  39 
 920 ,  53 .  95 
 914 ,  54 .  97 
 911 ,  54 .  39 
 920 ,  54 .  97 
 921 ,  53 .  66 
 917 ,  55 .  84 
 915 ,  54 .  39 
 920 ,  54 .  97 
 923 ,  56 .  13 
 916 ,  55 .  11 
 915 ,  55 .  26 
 920 ,  54 .  97 
 924 ,  56 .  13 
 918 ,  55 .  40 
 915 ,  55 .  55 
 921 ,  54 .  39 
 924 ,  54 .  39 
 917 ,  56 .  13 
 916 ,  54 .  39 
 921 ,  54 .  39 
 924 ,  54 .  97 
 916 ,  55 .  55 
 916 ,  54 .  39 
 920 ,  54 .  82 
 921 ,  55 .  40 
 915 ,  56 .  56 
 916 ,  55 .  40 
 922 ,  55 .  55 
 922 ,  55 .  55 
 918 ,  55 .  55 
 917 ,  54 .  97 
 921 ,  55 .  26 
 922 ,  54 .  97 
 916 ,  54 .  82 
 918 ,  55 .  55 
 922 ,  55 .  40 
 925 ,  55 .  40 
 917 ,  55 .  55 
 916 ,  55 .  55 
 926 ,  54 .  82 
 926 ,  54 .  82 
 918 ,  55 .  40 
 918 ,  56 .  13 
 923 ,  54 .  82 
 925 ,  55 .  55 
 917 ,  54 .  39 
 919 ,  54 .  39 
 922 ,  54 .  82 
 926 ,  54 .  39 
 917 ,  55 .  40 
 917 ,  54 .  97 
 924 ,  53 .  81 
 925 ,  54 .  97 
 919 ,  54 .  39 
 917 ,  53 .  81 
 924 ,  52 .  64 
 927 ,  54 .  82 
 918 ,  54 .  97 
 920 ,  55 .  40 
 924 ,  54 .  97 
 928 ,  55 .  55 
 920 ,  54 .  39 
 919 ,  54 .  82 
 922 ,  54 .  82 
 926 ,  54 .  39 
 919 ,  55 .  40 
 918 ,  54 .  39 
 925 ,  54 .  39 
 926 ,  53 .  81 
 920 ,  54 .  97 
 919 ,  54 .  97 
 924 ,  55 .  26 
 925 ,  55 .  26 
 920 ,  55 .  40 
 920 ,  54 .  82 
 926 ,  55 .  26 
 926 ,  55 .  26 
 919 ,  55 .  40 
 919 ,  54 .  68 
 928 ,  54 .  82 
 929 ,  54 .  97 
 922 ,  55 .  55 
 920 ,  54 .  24 
 927 ,  55 .  55 
 924 ,  54 .  68 
 917 ,  55 .  55 
 921 ,  54 .  24 
 928 ,  55 .  55 
 926 ,  54 .  39 
 922 ,  55 .  55 
 921 ,  54 .  24 
 924 ,  55 .  26 
 928 ,  54 .  97 
 921 ,  53 .  81 
 921 ,  54 .  97 
 928 ,  54 .  82 
 930 ,  54 .  97 
 922 ,  55 .  40 
 922 ,  55 .  11 
 928 ,  55 .  98 
 928 ,  54 .  97 
 922 ,  56 .  13 
 921 ,  55 .  26 
 928 ,  54 .  97 
 924 ,  54 .  39 
 921 ,  55 .  26 
 920 ,  54 .  39 
 929 ,  54 .  97 
 927 ,  55 .  26 
 924 ,  54 .  82 
 923 ,  55 .  40 
 930 ,  55 .  55 
 929 ,  54 .  68 
 920 ,  55 .  26 
 920 ,  55 .  55 
 930 ,  54 .  97 
 930 ,  54 .  82 
 922 ,  54 .  39 
 924 ,  54 .  82 
 930 ,  54 .  97 
 930 ,  55 .  55 
 922 ,  55 .  11 
 924 ,  55 .  55 
 928 ,  55 .  26 
 928 ,  54 .  39 
 921 ,  54 .  97 
 922 ,  54 .  39 
 934 ,  54 .  39 
 928 ,  53 .  66 
 922 ,  55 .  55 
 921 ,  53 .  22 
 930 ,  55 .  40 
 930 ,  57 .  72 
 923 ,  55 .  55 
 924 ,  54 .  68 
 931 ,  54 .  97 
 929 ,  55 .  26 
 922 ,  55 .  55 
 926 ,  56 .  13 
 929 ,  54 .  39 
 931 ,  54 .  82 
 921 ,  55 .  40 
 924 ,  54 .  39 
 929 ,  55 .  55 
 931 ,  55 .  11 
 922 ,  53 .  22 
 926 ,  54 .  82 
 932 ,  55 .  40 
 928 ,  55 .  55 
 924 ,  55 .  11 
 924 ,  54 .  39 
 932 ,  54 .  10 
 933 ,  54 .  39 
 925 ,  54 .  39 
 925 ,  57 .  58 
 932 ,  53 .  95 
 932 ,  54 .  39 
 922 ,  55 .  40 
 925 ,  54 .  82 
 931 ,  54 .  97 
 930 ,  55 .  55 
 924 ,  55 .  40 
 925 ,  55 .  55 
 932 ,  54 .  39 
 930 ,  55 .  40 
 922 ,  55 .  55 
 926 ,  54 .  97 
 934 ,  55 .  55 
 930 ,  55 .  55 
 925 ,  55 .  55 
 924 ,  54 .  39 
 933 ,  54 .  97 
 933 ,  53 .  81 
 924 ,  53 .  22 
 927 ,  55 .  26 
 933 ,  54 .  97 
 931 ,  55 .  40 
 926 ,  56 .  13 
 927 ,  54 .  39 
 930 ,  54 .  97 
 932 ,  55 .  11 
 925 ,  54 .  82 
 928 ,  54 .  97 
 933 ,  55 .  55 
 933 ,  54 .  39 
 926 ,  55 .  55 
 927 ,  54 .  10 
 932 ,  53 .  81 
 930 ,  54 .  39 
 924 ,  55 .  55 
 930 ,  55 .  40 
 932 ,  55 .  26 
 932 ,  54 .  39 
 924 ,  55 .  55 
 927 ,  54 .  39 
 935 ,  54 .  39 
 930 ,  54 .  39 
 924 ,  55 .  98 
 927 ,  54 .  97 
 933 ,  55 .  11 
 932 ,  54 .  97 
 925 ,  55 .  40 
 928 ,  55 .  55 
 938 ,  55 .  55 
 929 ,  54 .  68 
 926 ,  55 .  55 
 927 ,  55 .  26 
 936 ,  54 .  24 
 934 ,  55 .  55 
 925 ,  55 .  55 
 926 ,  54 .  39 
 934 ,  54 .  39 
 932 ,  54 .  97 
 922 ,  55 .  55 
 928 ,  54 .  97 
 935 ,  54 .  82 
 932 ,  54 .  97 
 926 ,  55 .  55 
 928 ,  54 .  97 
 936 ,  54 .  82 
 934 ,  54 .  82 
 926 ,  55 .  55 
 930 ,  55 .  98 
 936 ,  55 .  55 
 932 ,  54 .  97 
 926 ,  55 .  40 
 928 ,  55 .  40 
 935 ,  55 .  26 
 932 ,  54 .  97 
 927 ,  55 .  40 
 930 ,  55 .  98 
 936 ,  54 .  97 
 934 ,  55 .  40 
 927 ,  55 .  55 
 930 ,  54 .  39 
 936 ,  54 .  97 
 931 ,  54 .  97 
 927 ,  55 .  55 
 931 ,  54 .  97 
 937 ,  55 .  55 
 934 ,  54 .  82 
 928 ,  55 .  55 
 934 ,  55 .  55 
 936 ,  54 .  82 
 933 ,  55 .  40 
 926 ,  55 .  55 
 929 ,  54 .  82 
 935 ,  55 .  55 
 933 ,  53 .  22 
 928 ,  55 .  11 
 930 ,  55 .  55 
 937 ,  55 .  40 
 932 ,  54 .  39 
 929 ,  55 .  40 
 932 ,  54 .  97 
 937 ,  54 .  39 
 933 ,  54 .  97 
 931 ,  55 .  11 
 928 ,  55 .  55 
 936 ,  55 .  40 
 934 ,  55 .  11 
 928 ,  56 .  27 
 933 ,  54 .  97 
 936 ,  54 .  82 
 935 ,  55 .  40 
 926 ,  55 .  55 
 931 ,  54 .  97 
 936 ,  55 .  40 
 936 ,  55 .  55 
 931 ,  55 .  11 
 936 ,  55 .  55 
 938 ,  55 .  26 
 933 ,  54 .  97 
 927 ,  55 .  55 
 932 ,  54 .  97 
 935 ,  54 .  97 
 932 ,  55 .  26 
 930 ,  55 .  98 
 934 ,  55 .  40 
 938 ,  54 .  39 
 936 ,  55 .  98 
 930 ,  55 .  40 
 934 ,  54 .  39 
 937 ,  54 .  82 
 934 ,  55 .  11 
 929 ,  55 .  40 
 934 ,  54 .  39 
 938 ,  55 .  11 
 935 ,  54 .  39 
 929 ,  54 .  97 
 932 ,  54 .  97 
 938 ,  55 .  55 
 935 ,  55 .  55 
 930 ,  55 .  40 
 936 ,  55 .  26 
 938 ,  55 .  11 
 934 ,  54 .  39 
 929 ,  55 .  40 
 932 ,  54 .  39 
 939 ,  55 .  11 
 932 ,  53 .  81 
 932 ,  55 .  40 
 933 ,  55 .  40 
 940 ,  54 .  82 
 934 ,  55 .  55 
 930 ,  55 .  98 
 936 ,  55 .  40 
 937 ,  54 .  39 
 935 ,  55 .  26 
 933 ,  55 .  26 
 935 ,  55 .  98 
 941 ,  55 .  40 
 936 ,  54 .  82 
 932 ,  54 .  97 
 936 ,  55 .  55 
 939 ,  55 .  98 
 936 ,  55 .  55 
 930 ,  55 .  55 
 936 ,  54 .  39 
 940 ,  55 .  40 
 935 ,  55 .  26 
 931 ,  54 .  82 
 938 ,  54 .  97 
 940 ,  54 .  24 
 938 ,  55 .  11 
 934 ,  55 .  55 
 937 ,  54 .  97 
 943 ,  54 .  39 
 935 ,  54 .  39 
 930 ,  55 .  55 
 936 ,  54 .  39 
 940 ,  55 .  55 
 935 ,  54 .  39 
 932 ,  54 .  82 
 937 ,  54 .  97 
 941 ,  54 .  97 
 933 ,  54 .  97 
 929 ,  54 .  82 
 935 ,  54 .  82 
 941 ,  55 .  98 
 937 ,  54 .  97 
 933 ,  54 .  24 
 940 ,  54 .  97 
 943 ,  54 .  39 
 936 ,  55 .  98 
 936 ,  54 .  82 
 944 ,  54 .  82 
 942 ,  55 .  40 
 938 ,  55 .  55 
 932 ,  55 .  55 
 938 ,  54 .  39 
 942 ,  55 .  11 
 936 ,  54 .  97 
 930 ,  55 .  26 
 939 ,  55 .  40 
 942 ,  55 .  40 
 936 ,  54 .  97 
 934 ,  55 .  55 
 936 ,  55 .  26 
 943 ,  55 .  40 
 937 ,  54 .  97 
 935 ,  55 .  55 
 937 ,  55 .  55 
 944 ,  55 .  55 
 936 ,  54 .  97 
 934 ,  55 .  11 
 939 ,  56 .  27 
 942 ,  54 .  97 
 936 ,  55 .  40 
 935 ,  55 .  40 
 938 ,  54 .  97 
 942 ,  56 .  13 
 939 ,  55 .  40 
 935 ,  55 .  55 
 939 ,  54 .  97 
 945 ,  55 .  26 
 936 ,  55 .  55 
 934 ,  55 .  55 
 939 ,  55 .  40 
 944 ,  55 .  11 
 937 ,  55 .  11 
 935 ,  55 .  40 
 941 ,  54 .  97 
 943 ,  54 .  97 
 938 ,  54 .  39 
 936 ,  55 .  55 
 938 ,  55 .  55 
 946 ,  54 .  97 
 939 ,  55 .  55 
 942 ,  56 .  71 
 941 ,  55 .  55 
 946 ,  55 .  26 
 937 ,  54 .  82 
 932 ,  55 .  55 
 942 ,  54 .  97 
 946 ,  54 .  97 
 938 ,  55 .  40 
 938 ,  57 .  72 
 942 ,  55 .  11 
 947 ,  53 .  95 
 937 ,  55 .  40 
 935 ,  55 .  55 
 940 ,  55 .  26 
 946 ,  54 .  82 
 936 ,  55 .  40 
 936 ,  55 .  98 
 944 ,  54 .  82 
 946 ,  56 .  71 
 938 ,  54 .  82 
 936 ,  56 .  13 
 941 ,  54 .  97 
 945 ,  56 .  42 
 937 ,  55 .  55 
 938 ,  54 .  97 
 940 ,  54 .  39 
 946 ,  54 .  97 
 939 ,  54 .  82 
 936 ,  55 .  98 
 942 ,  54 .  97 
 946 ,  55 .  40 
 942 ,  55 .  98 
 938 ,  56 .  13 
 941 ,  54 .  39 
 945 ,  56 .  13 
 937 ,  54 .  39 
 936 ,  54 .  39 
 943 ,  54 .  97 
 945 ,  55 .  55 
 940 ,  55 .  55 
 938 ,  55 .  40 
 946 ,  55 .  98 
 946 ,  55 .  55 
 940 ,  54 .  68 
 938 ,  55 .  69 
 945 ,  54 .  97 
 944 ,  55 .  40 
 939 ,  54 .  39 
 940 ,  55 .  55 
 946 ,  55 .  55 
 945 ,  55 .  11 
 941 ,  54 .  82 
 937 ,  56 .  13 
 945 ,  54 .  39 
 947 ,  54 .  97 
 940 ,  54 .  97 
 936 ,  55 .  55 
 945 ,  55 .  55 
 948 ,  55 .  55 
 938 ,  55 .  11 
 940 ,  55 .  84 
 945 ,  55 .  55 
 948 ,  55 .  40 
 940 ,  54 .  82 
 939 ,  55 .  55 
 945 ,  55 .  26 
 946 ,  54 .  97 
 937 ,  54 .  82 
 937 ,  56 .  13 
 944 ,  54 .  97 
 948 ,  55 .  98 
 942 ,  54 .  97 
 940 ,  55 .  55 
 946 ,  55 .  11 
 950 ,  55 .  26 
 940 ,  55 .  55 
 941 ,  53 .  95 
 944 ,  54 .  68 
 947 ,  54 .  82 
 941 ,  54 .  82 
 941 ,  54 .  39 
 946 ,  54 .  39 
 945 ,  54 .  39 
 939 ,  54 .  39 
 937 ,  55 .  26 
 947 ,  54 .  97 
 947 ,  55 .  40 
 940 ,  56 .  13 
 939 ,  54 .  97 
 945 ,  55 .  55 
 948 ,  55 .  40 
 939 ,  55 .  26 
 939 ,  55 .  55 
 950 ,  55 .  55 
 946 ,  55 .  55 
 942 ,  54 .  24 
 941 ,  56 .  13 
 947 ,  55 .  55 
 950 ,  55 .  55 
 940 ,  55 .  11 
 939 ,  54 .  97 
 948 ,  54 .  82 
 948 ,  55 .  11 
 941 ,  55 .  11 
 941 ,  55 .  55 
 946 ,  54 .  39 
 949 ,  54 .  39 
 941 ,  54 .  97 
 940 ,  55 .  98 
 947 ,  55 .  55 
 946 ,  55 .  55 
 943 ,  56 .  13 
 939 ,  55 .  98 
 950 ,  55 .  55 
 948 ,  55 .  26 
 940 ,  54 .  97 
 941 ,  54 .  97 
 945 ,  54 .  39 
 949 ,  54 .  39 
 939 ,  54 .  39 
 940 ,  55 .  55 
 946 ,  55 .  55 
 950 ,  54 .  82 
 942 ,  54 .  97 
 943 ,  56 .  56 
 948 ,  55 .  55 
 950 ,  56 .  27 
 943 ,  55 .  11 
 941 ,  55 .  40 
 951 ,  54 .  82 
 948 ,  55 .  55 
 941 ,  53 .  66 
 941 ,  54 .  97 
 947 ,  54 .  97 
 946 ,  54 .  68 
 944 ,  54 .  82 
 943 ,  55 .  55 
 950 ,  55 .  84 
 952 ,  56 .  71 
 942 ,  55 .  55 
 944 ,  55 .  55 
 947 ,  54 .  39 
 950 ,  55 .  55 
 944 ,  54 .  97 
 945 ,  55 .  55 
 952 ,  54 .  39 
 952 ,  54 .  97 
 943 ,  54 .  39 
 944 ,  54 .  82 
 950 ,  54 .  82 
 952 ,  55 .  40 
 940 ,  55 .  55 
 943 ,  55 .  55 
 948 ,  53 .  66 
 948 ,  54 .  97 
 943 ,  54 .  39 
 941 ,  55 .  26 
 951 ,  54 .  39 
 950 ,  55 .  11 
 944 ,  55 .  55 
 946 ,  55 .  40 
 952 ,  55 .  40 
 951 ,  55 .  55 
 944 ,  54 .  10 
 940 ,  56 .  27 
 952 ,  55 .  40 
 952 ,  54 .  82 
 944 ,  55 .  26 
 945 ,  55 .  40 
 950 ,  54 .  24 
 949 ,  53 .  81 
 944 ,  55 .  55 
 946 ,  54 .  97 
 952 ,  54 .  97 
 952 ,  54 .  97 
 945 ,  54 .  97 
 946 ,  55 .  55 
 954 ,  55 .  40 
 951 ,  55 .  40 
 949 ,  53 .  81 
 947 ,  54 .  97 
 953 ,  54 .  82 
 952 ,  55 .  26 
 945 ,  54 .  39 
 949 ,  55 .  26 
 952 ,  54 .  82 
 952 ,  54 .  82 
 943 ,  54 .  82 
 945 ,  55 .  40 
 952 ,  56 .  71 
 952 ,  54 .  10 
 945 ,  54 .  97 
 946 ,  55 .  11 
 951 ,  54 .  97 
 953 ,  54 .  39 
 945 ,  54 .  39 
 945 ,  55 .  55 
 950 ,  54 .  39 
 950 ,  55 .  40 
 945 ,  54 .  97 
 946 ,  54 .  97 
 952 ,  54 .  24 
 952 ,  54 .  39 
 946 ,  55 .  11 
 946 ,  56 .  13 
 953 ,  55 .  11 
 951 ,  54 .  24 
 944 ,  54 .  39 
 947 ,  55 .  84 
 956 ,  54 .  82 
 951 ,  54 .  24 
 944 ,  53 .  22 
 945 ,  53 .  81 
 952 ,  54 .  68 
 951 ,  54 .  97 
 944 ,  54 .  97 
 947 ,  54 .  97 
 952 ,  54 .  97 
 950 ,  54 .  82 
 946 ,  55 .  40 
 946 ,  56 .  13 
 952 ,  54 .  97 
 951 ,  55 .  26 
 944 ,  54 .  97 
 947 ,  55 .  26 
 953 ,  55 .  55 
 954 ,  54 .  97 
 946 ,  55 .  40 
 946 ,  55 .  55 
 954 ,  54 .  82 
 951 ,  55 .  40 
 946 ,  54 .  82 
 949 ,  55 .  55 
 954 ,  55 .  55 
 953 ,  54 .  97 
 946 ,  53 .  22 
 947 ,  53 .  66 
 954 ,  55 .  55 
 951 ,  53 .  95 
 945 ,  56 .  71 
 950 ,  54 .  39 
 955 ,  54 .  97 
 952 ,  55 .  26 
 946 ,  55 .  40 
 948 ,  56 .  71 
 955 ,  55 .  40 
 953 ,  56 .  71 
 946 ,  54 .  10 
 949 ,  54 .  82 
 956 ,  54 .  82 
 952 ,  55 .  55 
 948 ,  55 .  55 
 952 ,  55 .  40 
 953 ,  54 .  39 
 955 ,  54 .  24 
 945 ,  55 .  26 
 945 ,  55 .  40 
 955 ,  54 .  97 
 954 ,  54 .  97 
 946 ,  54 .  82 
 950 ,  55 .  40 
 954 ,  55 .  40 
 953 ,  55 .  26 
 946 ,  54 .  97 
 949 ,  55 .  55 
 953 ,  54 .  97 
 952 ,  54 .  39 
 945 ,  54 .  97 
 949 ,  53 .  81 
 957 ,  55 .  26 
 954 ,  55 .  55 
 946 ,  55 .  40 
 949 ,  54 .  82 
 957 ,  55 .  55 
 955 ,  55 .  26 
 945 ,  55 .  11 
 951 ,  55 .  26 
 956 ,  55 .  55 
 954 ,  55 .  55 
 948 ,  55 .  55 
 950 ,  55 .  55 
 956 ,  54 .  82 
 953 ,  54 .  97 
 945 ,  55 .  55 
 950 ,  55 .  55 
 955 ,  54 .  82 
 954 ,  55 .  55 
 947 ,  54 .  39 
 951 ,  55 .  40 
 959 ,  54 .  82 
 950 ,  55 .  40 
 945 ,  55 .  26 
 954 ,  55 .  55 
 958 ,  55 .  98 
 955 ,  55 .  26 
 948 ,  54 .  97 
 952 ,  55 .  40 
 957 ,  54 .  97 
 952 ,  55 .  55 
 946 ,  54 .  97 
 951 ,  54 .  39 
 957 ,  55 .  40 
 954 ,  55 .  40 
 947 ,  55 .  98 
 952 ,  55 .  40 
 957 ,  54 .  24 
 953 ,  55 .  26 
 949 ,  55 .  55 
 953 ,  54 .  39 
 958 ,  54 .  97 
 954 ,  55 .  40 
 950 ,  56 .  13 
 955 ,  54 .  39 
 959 ,  55 .  55 
 956 ,  55 .  26 
 951 ,  54 .  39 
 951 ,  55 .  40 
 959 ,  55 .  40 
 956 ,  55 .  55 
 948 ,  55 .  11 
 952 ,  55 .  26 
 958 ,  55 .  26 
 953 ,  55 .  55 
 948 ,  54 .  97 
 954 ,  55 .  98 
 956 ,  54 .  97 
 955 ,  54 .  97 
 948 ,  54 .  82 
 954 ,  55 .  55 
 959 ,  55 .  55 
 954 ,  54 .  82 
 949 ,  55 .  55 
 953 ,  56 .  13 
 960 ,  55 .  55 
 958 ,  56 .  13 
 952 ,  55 .  55 
 955 ,  55 .  40 
 958 ,  53 .  52 
 956 ,  54 .  68 
 950 ,  55 .  40 
 954 ,  55 .  98 
 959 ,  55 .  98 
 954 ,  55 .  55 
 952 ,  55 .  55 
 953 ,  55 .  55 
 959 ,  55 .  84 
 955 ,  55 .  55 
 949 ,  54 .  97 
 951 ,  54 .  97 
 961 ,  55 .  11 
 956 ,  56 .  13 
 952 ,  55 .  40 
 955 ,  55 .  55 
 960 ,  56 .  13 
 956 ,  55 .  55 
 949 ,  55 .  26 
 954 ,  55 .  40 
 962 ,  55 .  55 
 955 ,  55 .  26 
 951 ,  54 .  97 
 956 ,  55 .  40 
 959 ,  55 .  40 
 954 ,  56 .  13 
 952 ,  55 .  40 
 956 ,  55 .  40 
 961 ,  55 .  98 
 956 ,  54 .  39 
 953 ,  54 .  39 
 957 ,  55 .  26 
 959 ,  55 .  55 
 958 ,  54 .  97 
 952 ,  55 .  55 
 954 ,  55 .  40 
 960 ,  55 .  40 
 955 ,  55 .  26 
 950 ,  55 .  40 
 958 ,  55 .  55 
 960 ,  55 .  98 
 956 ,  56 .  13 
 951 ,  54 .  39 
 958 ,  55 .  55 
 961 ,  58 .  88 
 955 ,  55 .  55 
 952 ,  55 .  55 
 958 ,  55 .  55 
 963 ,  55 .  55 
 953 ,  55 .  40 
 952 ,  55 .  55 
 953 ,  55 .  55 
 962 ,  56 .  13 
 958 ,  55 .  55 
 955 ,  55 .  55 
 959 ,  55 .  84 
 963 ,  55 .  26 
 956 ,  55 .  26 
 953 ,  55 .  55 
 958 ,  55 .  55 
 966 ,  56 .  42 
 961 ,  55 .  26 
 953 ,  53 .  22 
 957 ,  55 .  55 
 962 ,  55 .  55 
 955 ,  55 .  55 
 951 ,  55 .  26 
 957 ,  54 .  10 
 961 ,  55 .  55 
 954 ,  54 .  39 
 952 ,  55 .  55 
 959 ,  56 .  13 
 962 ,  55 .  26 
 954 ,  55 .  40 
 952 ,  55 .  55 
 959 ,  55 .  55 
 963 ,  56 .  13 
 957 ,  55 .  98 
 953 ,  55 .  55 
 961 ,  55 .  55 
 960 ,  56 .  13 
 959 ,  55 .  40 
 954 ,  56 .  27 
 957 ,  54 .  39 
 963 ,  55 .  11 
 957 ,  55 .  55 
 953 ,  54 .  97 
 960 ,  55 .  26 
 960 ,  55 .  26 
 958 ,  56 .  13 
 954 ,  55 .  55 
 958 ,  55 .  55 
 964 ,  57 .  14 
 956 ,  55 .  55 
 954 ,  55 .  55 
 958 ,  56 .  13 
 963 ,  54 .  82 
 957 ,  55 .  55 
 952 ,  55 .  55 
 961 ,  55 .  26 
 965 ,  55 .  55 
 958 ,  55 .  55 
 956 ,  55 .  55 
 959 ,  56 .  13 
 965 ,  54 .  24 
 957 ,  55 .  55 
 954 ,  56 .  13 
 959 ,  55 .  55 
 962 ,  54 .  39 
 957 ,  55 .  55 
 953 ,  55 .  40 
 961 ,  54 .  97 
 964 ,  55 .  40 
 958 ,  55 .  40 
 953 ,  55 .  26 
 959 ,  56 .  42 
 963 ,  55 .  40 
 959 ,  55 .  40 
 958 ,  55 .  55 
 960 ,  55 .  55 
 965 ,  55 .  55 
 957 ,  54 .  39 
 955 ,  54 .  97 
 961 ,  54 .  82 
 964 ,  55 .  26 
 959 ,  55 .  40 
 954 ,  55 .  11 
 963 ,  56 .  13 
 964 ,  56 .  71 
 953 ,  55 .  40 
 955 ,  55 .  40 
 960 ,  54 .  82 
 964 ,  55 .  55 
 958 ,  56 .  56 
 958 ,  56 .  56 
 962 ,  55 .  55 
 965 ,  55 .  40 
 956 ,  55 .  11 
 954 ,  53 .  22 
 964 ,  55 .  55 
 963 ,  54 .  82 
 958 ,  54 .  97 
 958 ,  54 .  97 
 963 ,  55 .  55 
 966 ,  55 .  55 
 957 ,  55 .  40 
 953 ,  54 .  39 
 963 ,  55 .  26 
 965 ,  54 .  97 
 960 ,  54 .  82 
 959 ,  55 .  55 
 963 ,  55 .  98 
 968 ,  54 .  97 
 959 ,  54 .  39 
 954 ,  54 .  97 
 964 ,  54 .  97 
 964 ,  54 .  82 
 959 ,  56 .  13 
 958 ,  55 .  55 
 965 ,  55 .  11 
 965 ,  55 .  11 
 957 ,  54 .  82 
 957 ,  54 .  97 
 963 ,  55 .  98 
 965 ,  55 .  40 
 957 ,  55 .  55 
 957 ,  54 .  97 
 967 ,  55 .  40 
 966 ,  55 .  55 
 962 ,  55 .  55 
 957 ,  54 .  82 
 965 ,  54 .  97 
 967 ,  55 .  55 
 958 ,  55 .  98 
 959 ,  54 .  97 
 966 ,  54 .  39 
 967 ,  54 .  39 
 961 ,  55 .  11 
 959 ,  54 .  10 
 963 ,  55 .  98 
 964 ,  56 .  13 
 958 ,  55 .  40 
 959 ,  56 .  13 
 965 ,  55 .  40 
 965 ,  54 .  39 
 958 ,  55 .  55 
 956 ,  54 .  39 
 965 ,  55 .  26 
 966 ,  54 .  97 
 958 ,  54 .  97 
 959 ,  55 .  40 
 966 ,  55 .  55 
 965 ,  55 .  40 
 959 ,  55 .  26 
 957 ,  55 .  40 
 966 ,  54 .  97 
 966 ,  54 .  24 
 962 ,  55 .  55 
 960 ,  54 .  97 
 964 ,  54 .  97 
 966 ,  55 .  55 
 956 ,  55 .  26 
 957 ,  55 .  40 
 963 ,  55 .  40 
 968 ,  55 .  55 
 960 ,  55 .  40 
 960 ,  54 .  97 
 965 ,  55 .  40 
 965 ,  54 .  97 
 957 ,  55 .  40 
 959 ,  54 .  97 
 967 ,  55 .  40 
 968 ,  55 .  98 
 958 ,  55 .  55 
 961 ,  55 .  26 
 965 ,  54 .  97 
 966 ,  55 .  55 
 959 ,  55 .  55 
 961 ,  55 .  40 
 968 ,  55 .  55 
 965 ,  55 .  40 
 956 ,  54 .  97 
 960 ,  54 .  39 
 966 ,  56 .  13 
 965 ,  55 .  11 
 957 ,  53 .  81 
 959 ,  55 .  55 
 966 ,  55 .  55 
 970 ,  55 .  55 
 957 ,  55 .  40 
 958 ,  54 .  82 
 965 ,  55 .  55 
 965 ,  55 .  55 
 960 ,  54 .  97 
 962 ,  54 .  97 
 968 ,  55 .  55 
 968 ,  55 .  55 
 960 ,  55 .  40 
 962 ,  54 .  97 
 967 ,  55 .  11 
 965 ,  54 .  39 
 958 ,  54 .  97 
 960 ,  54 .  97 
 967 ,  55 .  55 
 967 ,  55 .  26 
 962 ,  55 .  55 
 963 ,  55 .  55 
 969 ,  55 .  40 
 968 ,  55 .  40 
 957 ,  55 .  40 
 961 ,  55 .  55 
 970 ,  57 .  29 
 969 ,  55 .  55 
 958 ,  55 .  26 
 963 ,  54 .  39 
 967 ,  54 .  97 
 967 ,  54 .  10 
 956 ,  55 .  55 
 961 ,  54 .  39 
 968 ,  54 .  39 
 968 ,  54 .  39 
 960 ,  55 .  40 
 962 ,  56 .  13 
 967 ,  55 .  55 
 966 ,  54 .  97 
 959 ,  55 .  11 
 956 ,  54 .  97 
 942 ,  54 .  97 
 932 ,  54 .  39 
 920 ,  55 .  26 
 921 ,  55 .  55 
 926 ,  55 .  40 
 922 ,  55 .  55 
 913 ,  54 .  82 
 921 ,  55 .  55 
 945 ,  55 .  55 
 949 ,  55 .  55 
 952 ,  54 .  97 
 952 ,  55 .  55 
 964 ,  56 .  27 
 964 ,  55 .  55 
 956 ,  54 .  97 
 961 ,  55 .  26 
 965 ,  53 .  81 
 965 ,  54 .  97 
 959 ,  55 .  40 
 962 ,  55 .  40 
 968 ,  55 .  55 
 966 ,  55 .  40 
 960 ,  55 .  40 
 961 ,  55 .  98 
 967 ,  55 .  55 
 969 ,  54 .  97 
 960 ,  54 .  97 
 963 ,  55 .  55 
 971 ,  55 .  55 
 967 ,  55 .  55 
 960 ,  55 .  55 
 961 ,  56 .  13 
 972 ,  55 .  40 
 968 ,  55 .  55 
 965 ,  55 .  26 
 964 ,  53 .  81 
 969 ,  54 .  97 
 967 ,  54 .  97 
 960 ,  55 .  55 
 961 ,  54 .  39 
 969 ,  55 .  26 
 968 ,  56 .  13 
 962 ,  55 .  98 
 968 ,  55 .  11 
 972 ,  55 .  55 
 967 ,  55 .  55 
 961 ,  55 .  55 
 965 ,  54 .  97 
 969 ,  54 .  39 
 968 ,  55 .  55 
 962 ,  55 .  55 
 966 ,  56 .  71 
 969 ,  54 .  97 
 969 ,  55 .  11 
 962 ,  54 .  97 
 965 ,  55 .  26 
 972 ,  55 .  55 
 967 ,  54 .  39 
 963 ,  55 .  40 
 968 ,  56 .  13 
 970 ,  55 .  55 
 969 ,  55 .  55 
 961 ,  55 .  11 
 967 ,  54 .  39 
 971 ,  55 .  55 
 969 ,  54 .  39 
 964 ,  54 .  97 
 967 ,  54 .  97 
 972 ,  55 .  26 
 970 ,  55 .  98 
 964 ,  53 .  81 
 968 ,  55 .  55 
 974 ,  55 .  55 
 969 ,  55 .  55 
 964 ,  55 .  55 
 967 ,  55 .  55 
 972 ,  55 .  40 
 971 ,  55 .  40 
 961 ,  55 .  26 
 966 ,  54 .  39 
 973 ,  55 .  55 
 970 ,  55 .  26 
 964 ,  55 .  55 
 970 ,  56 .  27 
 973 ,  55 .  55 
 967 ,  55 .  26 
 963 ,  55 .  26 
 968 ,  54 .  97 
 974 ,  55 .  55 
 970 ,  55 .  55 
 965 ,  54 .  97 
 969 ,  55 .  40 
 973 ,  54 .  24 
 971 ,  55 .  40 
 963 ,  55 .  98 
 968 ,  54 .  39 
 974 ,  55 .  55 
 971 ,  55 .  55 
 967 ,  54 .  82 
 969 ,  54 .  82 
 975 ,  55 .  26 
 968 ,  53 .  52 
 964 ,  55 .  55 
 968 ,  57 .  29 
 974 ,  57 .  72 
 970 ,  55 .  55 
 967 ,  55 .  55 
 968 ,  55 .  26 
 975 ,  55 .  55 
 970 ,  55 .  55 
 966 ,  55 .  55 
 969 ,  55 .  26 
 972 ,  55 .  26 
 969 ,  55 .  40 
 966 ,  54 .  39 
 970 ,  55 .  40 
 975 ,  55 .  55 
 967 ,  55 .  11 
 969 ,  56 .  13 
 969 ,  54 .  39 
 976 ,  55 .  55 
 967 ,  54 .  97 
 966 ,  55 .  55 
 970 ,  54 .  97 
 976 ,  55 .  98 
 971 ,  54 .  82 
 968 ,  55 .  55 
 974 ,  55 .  40 
 975 ,  54 .  82 
 969 ,  55 .  40 
 966 ,  54 .  97 
 970 ,  54 .  39 
 976 ,  54 .  82 
 968 ,  55 .  55 
 965 ,  56 .  13 
 970 ,  55 .  55 
 978 ,  55 .  55 
 972 ,  56 .  42 
 966 ,  55 .  11 
 970 ,  54 .  39 
 976 ,  55 .  98 
 969 ,  55 .  55 
 965 ,  55 .  55 
 968 ,  55 .  55 
 978 ,  55 .  55 
 970 ,  54 .  39 
 967 ,  55 .  55 
 972 ,  55 .  55 
 976 ,  54 .  97 
 968 ,  55 .  84 
 968 ,  55 .  26 
 969 ,  55 .  40 
 978 ,  55 .  40 
 974 ,  55 .  40 
 967 ,  55 .  55 
 972 ,  54 .  97 
 974 ,  55 .  11 
 971 ,  54 .  97 
 967 ,  55 .  11 
 970 ,  54 .  39 
 979 ,  54 .  97 
 971 ,  54 .  82 
 966 ,  54 .  97 
 973 ,  54 .  97 
 976 ,  56 .  71 
 971 ,  55 .  40 
 966 ,  55 .  40 
 972 ,  55 .  98 
 978 ,  55 .  98 
 970 ,  54 .  97 
 968 ,  55 .  55 
 974 ,  55 .  55 
 977 ,  55 .  98 
 970 ,  55 .  11 
 967 ,  55 .  11 
 972 ,  55 .  11 
 977 ,  55 .  55 
 971 ,  54 .  97 
 968 ,  54 .  97 
 973 ,  55 .  26 
 978 ,  55 .  55 
 971 ,  55 .  40 
 967 ,  54 .  82 
 973 ,  55 .  26 
 978 ,  55 .  26 
 971 ,  55 .  98 
 967 ,  55 .  55 
 974 ,  54 .  82 
 979 ,  54 .  82 
 972 ,  56 .  71 
 970 ,  55 .  55 
 974 ,  56 .  56 
 977 ,  54 .  82 
 970 ,  55 .  55 
 968 ,  55 .  55 
 973 ,  54 .  68 
 978 ,  53 .  81 
 970 ,  54 .  82 
 968 ,  55 .  55 
 974 ,  55 .  98 
 978 ,  55 .  40 
 971 ,  54 .  97 
 969 ,  55 .  55 
 973 ,  54 .  39 
 978 ,  55 .  55 
 971 ,  55 .  26 
 968 ,  55 .  40 
 974 ,  54 .  82 
 979 ,  55 .  11 
 970 ,  55 .  55 
 970 ,  55 .  11 
 975 ,  55 .  11 
 980 ,  55 .  55 
 971 ,  54 .  39 
 969 ,  54 .  68 
 973 ,  55 .  40 
 980 ,  55 .  40 
 974 ,  55 .  98 
 970 ,  55 .  55 
 973 ,  55 .  40 
 978 ,  54 .  39 
 972 ,  54 .  97 
 972 ,  55 .  55 
 973 ,  55 .  26 
 978 ,  55 .  55 
 974 ,  55 .  11 
 971 ,  56 .  13 
 976 ,  55 .  40 
 979 ,  54 .  39 
 972 ,  54 .  82 
 969 ,  55 .  55 
 975 ,  54 .  10 
 979 ,  54 .  97 
 974 ,  54 .  97 
 972 ,  55 .  98 
 976 ,  55 .  98 
 980 ,  55 .  55 
 971 ,  55 .  55 
 971 ,  54 .  24 
 976 ,  54 .  97 
 978 ,  55 .  26 
 972 ,  55 .  26 
 974 ,  55 .  40 
 978 ,  55 .  55 
 978 ,  55 .  40 
 971 ,  55 .  26 
 969 ,  55 .  26 
 974 ,  54 .  82 
 982 ,  55 .  55 
 971 ,  55 .  98 
 971 ,  56 .  27 
 976 ,  55 .  40 
 978 ,  54 .  39 
 971 ,  54 .  39 
 973 ,  55 .  11 
 976 ,  55 .  26 
 979 ,  54 .  97 
 970 ,  54 .  97 
 969 ,  54 .  97 
 976 ,  55 .  40 
 978 ,  55 .  55 
 972 ,  55 .  55 
 971 ,  54 .  39 
 976 ,  55 .  55 
 977 ,  55 .  55 
 972 ,  55 .  55 
 972 ,  54 .  39 
 979 ,  56 .  56 
 978 ,  54 .  82 
 971 ,  55 .  55 
 971 ,  55 .  55 
 976 ,  56 .  27 
 977 ,  55 .  55 
 972 ,  54 .  39 
 969 ,  55 .  26 
 979 ,  54 .  97 
 980 ,  55 .  55 
 970 ,  55 .  26 
 970 ,  55 .  55 
 978 ,  55 .  84 
 982 ,  55 .  26 
 972 ,  54 .  39 
 972 ,  54 .  39 
 979 ,  54 .  97 
 980 ,  55 .  11 
 971 ,  55 .  11 
 972 ,  55 .  55 
 979 ,  55 .  40 
 980 ,  55 .  55 
 975 ,  55 .  55 
 973 ,  55 .  55 
 978 ,  55 .  11 
 978 ,  54 .  97 
 973 ,  54 .  97 
 971 ,  55 .  40 
 977 ,  55 .  55 
 982 ,  55 .  40 
 974 ,  55 .  55 
 973 ,  55 .  40 
 979 ,  55 .  40 
 977 ,  54 .  97 
 973 ,  56 .  13 
 973 ,  55 .  40 
 982 ,  55 .  84 
 981 ,  55 .  55 
 974 ,  55 .  55 
 974 ,  55 .  40 
 978 ,  55 .  26 
 979 ,  53 .  66 
 972 ,  54 .  97 
 973 ,  55 .  11 
 980 ,  55 .  55 
 980 ,  54 .  97 
 974 ,  55 .  55 
 974 ,  55 .  40 
 981 ,  55 .  11 
 981 ,  55 .  55 
 974 ,  54 .  39 
 972 ,  54 .  97 
 979 ,  55 .  26 
 981 ,  55 .  26 
 975 ,  55 .  55 
 978 ,  55 .  98 
 979 ,  55 .  98 
 984 ,  55 .  40 
 973 ,  54 .  82 
 974 ,  55 .  40 
 980 ,  55 .  55 
 980 ,  55 .  55 
 974 ,  55 .  55 
 978 ,  55 .  11 
 976 ,  55 .  55 
 982 ,  55 .  40 
 976 ,  54 .  39 
 973 ,  54 .  10 
 980 ,  54 .  97 
 979 ,  55 .  55 
 978 ,  55 .  40 
 975 ,  55 .  55 
 981 ,  55 .  40 
 982 ,  54 .  97 
 973 ,  55 .  84 
 975 ,  54 .  97 
 980 ,  55 .  55 
 982 ,  55 .  26 
 973 ,  54 .  97 
 973 ,  56 .  13 
 982 ,  55 .  55 
 982 ,  55 .  98 
 972 ,  56 .  56 
 974 ,  55 .  55 
 981 ,  56 .  13 
 981 ,  55 .  55 
 973 ,  55 .  55 
 975 ,  55 .  40 
 982 ,  55 .  40 
 983 ,  55 .  55 
 973 ,  54 .  97 
 973 ,  55 .  55 
 981 ,  55 .  26 
 980 ,  55 .  40 
 976 ,  55 .  55 
 976 ,  55 .  40 
 982 ,  54 .  82 
 981 ,  54 .  97 
 973 ,  55 .  26 
 973 ,  54 .  82 
 981 ,  54 .  39 
 982 ,  55 .  55 
 976 ,  54 .  97 
 978 ,  55 .  55 
 984 ,  56 .  27 
 981 ,  55 .  55 
 975 ,  54 .  24 
 977 ,  54 .  68 
 985 ,  55 .  40 
 984 ,  55 .  98 
 978 ,  54 .  97 
 978 ,  55 .  55 
 982 ,  55 .  11 
 982 ,  56 .  13 
 973 ,  54 .  97 
 977 ,  55 .  98 
 983 ,  55 .  11 
 983 ,  56 .  71 
 975 ,  54 .  97 
 977 ,  55 .  55 
 984 ,  54 .  97 
 981 ,  55 .  40 
 975 ,  56 .  13 
 976 ,  52 .  93 
 984 ,  55 .  55 
 980 ,  55 .  40 
 973 ,  54 .  39 
 977 ,  55 .  26 
 985 ,  55 .  11 
 980 ,  55 .  55 
 976 ,  54 .  97 
 978 ,  54 .  97 
 982 ,  55 .  55 
 984 ,  55 .  40 
 976 ,  55 .  40 
 978 ,  55 .  26 
 983 ,  55 .  55 
 982 ,  55 .  55 
 974 ,  57 .  29 
 978 ,  55 .  55 
 987 ,  55 .  55 
 981 ,  54 .  97 
 975 ,  54 .  97 
 978 ,  55 .  11 
 983 ,  54 .  39 
 981 ,  54 .  97 
 975 ,  53 .  95 
 977 ,  55 .  11 
 983 ,  54 .  97 
 983 ,  55 .  55 
 975 ,  54 .  24 
 979 ,  54 .  97 
 984 ,  56 .  13 
 984 ,  55 .  98 
 978 ,  55 .  40 
 977 ,  55 .  40 
 985 ,  54 .  39 
 980 ,  55 .  55 
 976 ,  55 .  26 
 980 ,  56 .  56 
 985 ,  57 .  29 
 984 ,  55 .  40 
 974 ,  56 .  13 
 981 ,  54 .  97 
 983 ,  53 .  95 
 983 ,  55 .  55 
 977 ,  54 .  39 
 977 ,  55 .  55 
 983 ,  54 .  97 
 983 ,  55 .  40 
 976 ,  54 .  97 
 980 ,  55 .  55 
 986 ,  56 .  27 
 981 ,  55 .  40 
 975 ,  54 .  39 
 980 ,  55 .  40 
 982 ,  54 .  97 
 983 ,  54 .  97 
 976 ,  54 .  39 
 979 ,  56 .  27 
 986 ,  55 .  98 
 984 ,  55 .  40 
 978 ,  56 .  56 
 984 ,  55 .  55 
 985 ,  55 .  55 
 981 ,  55 .  26 
 977 ,  54 .  97 
 981 ,  54 .  97 
 985 ,  54 .  97 
 984 ,  54 .  97 
 977 ,  54 .  97 
 980 ,  55 .  26 
 986 ,  55 .  40 
 984 ,  56 .  13 
 977 ,  54 .  82 
 979 ,  55 .  26 
 984 ,  54 .  39 
 986 ,  55 .  40 
 977 ,  54 .  97 
 981 ,  55 .  55 
 986 ,  55 .  55 
 984 ,  55 .  55 
 976 ,  55 .  55 
 980 ,  52 .  79 
 985 ,  55 .  26 
 982 ,  55 .  55 
 978 ,  55 .  55 
 980 ,  56 .  71 
 991 ,  53 .  81 
 982 ,  55 .  55 
 975 ,  55 .  11 
 981 ,  54 .  97 
 988 ,  54 .  97 
 982 ,  54 .  24 
 978 ,  54 .  82 
 981 ,  54 .  97 
 990 ,  55 .  55 
 984 ,  55 .  55 
 978 ,  54 .  82 
 982 ,  55 .  40 
 987 ,  55 .  11 
 982 ,  55 .  55 
 976 ,  54 .  97 
 982 ,  55 .  55 
 988 ,  54 .  39 
 984 ,  54 .  24 
 978 ,  55 .  98 
 984 ,  55 .  55 
 987 ,  55 .  26 
 985 ,  55 .  55 
 977 ,  55 .  26 
 984 ,  54 .  97 
 988 ,  55 .  40 
 984 ,  55 .  40 
 977 ,  55 .  40 
 983 ,  55 .  26 
 988 ,  54 .  39 
 983 ,  55 .  40 
 981 ,  55 .  40 
 986 ,  55 .  55 
 989 ,  55 .  40 
 983 ,  56 .  13 
 977 ,  55 .  55 
 984 ,  54 .  97 
 987 ,  55 .  55 
 986 ,  55 .  55 
 979 ,  55 .  98 
 982 ,  55 .  11 
 988 ,  55 .  26 
 981 ,  55 .  11 
 977 ,  55 .  11 
 981 ,  54 .  97 
 989 ,  54 .  39 
 983 ,  55 .  55 
 979 ,  54 .  39 
 983 ,  54 .  97 
 988 ,  55 .  40 
 982 ,  54 .  97 
 978 ,  57 .  14 
 984 ,  54 .  39 
 987 ,  56 .  71 
 982 ,  55 .  55 
 977 ,  55 .  40 
 983 ,  55 .  26 
 990 ,  55 .  40 
 982 ,  55 .  98 
 978 ,  56 .  71 
 981 ,  54 .  82 
 989 ,  55 .  55 
 983 ,  55 .  40 
 977 ,  56 .  13 
 984 ,  55 .  40 
 987 ,  55 .  55 
 981 ,  55 .  40 
 977 ,  54 .  39 
 982 ,  54 .  68 
 985 ,  54 .  39 
 983 ,  54 .  97 
 976 ,  56 .  13 
 984 ,  55 .  40 
 992 ,  55 .  98 
 982 ,  56 .  13 
 979 ,  54 .  82 
 983 ,  56 .  27 
 989 ,  55 .  55 
 980 ,  56 .  13 
 978 ,  55 .  40 
 986 ,  55 .  55 
 988 ,  54 .  82 
 983 ,  54 .  97 
 979 ,  54 .  97 
 984 ,  55 .  26 
 989 ,  55 .  11 
 982 ,  55 .  55 
 979 ,  53 .  22 
 984 ,  54 .  82 
 990 ,  55 .  55 
 984 ,  55 .  40 
 979 ,  55 .  55 
 986 ,  55 .  55 
 989 ,  54 .  97 
 983 ,  54 .  82 
 981 ,  54 .  97 
 985 ,  55 .  55 
 990 ,  54 .  24 
 984 ,  55 .  55 
 980 ,  53 .  81 
 985 ,  55 .  40 
 989 ,  54 .  39 
 983 ,  55 .  40 
 980 ,  54 .  97 
 986 ,  55 .  40 
 990 ,  55 .  40 
 984 ,  55 .  40 
 980 ,  54 .  82 
 981 ,  55 .  98 
 991 ,  55 .  55 
 984 ,  55 .  40 
 981 ,  54 .  39 
 984 ,  55 .  26 
 990 ,  54 .  24 
 984 ,  55 .  40 
 979 ,  55 .  11 
 983 ,  55 .  55 
 990 ,  54 .  97 
 982 ,  56 .  27 
 981 ,  54 .  97 
 985 ,  55 .  40 
 988 ,  55 .  55 
 982 ,  55 .  55 
 981 ,  55 .  11 
 986 ,  56 .  42 
 989 ,  54 .  39 
 982 ,  55 .  40 
 983 ,  54 .  82 
 987 ,  54 .  39 
 989 ,  54 .  39 
 979 ,  54 .  82 
 980 ,  54 .  82 
 987 ,  55 .  40 
 991 ,  55 .  55 
 984 ,  55 .  55 
 980 ,  54 .  97 
 988 ,  55 .  40 
 992 ,  55 .  26 
 981 ,  56 .  13 
 982 ,  54 .  97 
 988 ,  54 .  97 
 990 ,  54 .  97 
 984 ,  55 .  98 
 983 ,  54 .  97 
 986 ,  54 .  82 
 992 ,  54 .  97 
 982 ,  55 .  98 
 982 ,  55 .  40 
 986 ,  55 .  55 
 989 ,  54 .  82 
 983 ,  56 .  13 
 982 ,  55 .  55 
 988 ,  55 .  40 
 989 ,  55 .  55 
 986 ,  56 .  13 
 983 ,  55 .  55 
 989 ,  55 .  40 
 990 ,  54 .  39 
 983 ,  54 .  82 
 981 ,  54 .  24 
 989 ,  55 .  40 
 990 ,  54 .  39 
 984 ,  55 .  98 
 982 ,  55 .  26 
 988 ,  55 .  40 
 990 ,  54 .  39 
 983 ,  55 .  55 
 981 ,  55 .  55 
 990 ,  54 .  97 
 990 ,  54 .  97 
 984 ,  54 .  97 
 981 ,  55 .  55 
 992 ,  55 .  55 
 990 ,  55 .  55 
 985 ,  55 .  40 
 981 ,  55 .  55 
 988 ,  54 .  97 
 992 ,  55 .  40 
 984 ,  55 .  55 
 981 ,  55 .  11 
 988 ,  54 .  39 
 991 ,  54 .  97 
 983 ,  55 .  55 
 984 ,  54 .  10 
 989 ,  54 .  39 
 989 ,  55 .  26 
 984 ,  55 .  55 
 984 ,  55 .  40 
 991 ,  55 .  26 
 990 ,  54 .  82 
 981 ,  55 .  26 
 981 ,  55 .  55 
 991 ,  54 .  97 
 994 ,  54 .  97 
 984 ,  55 .  55 
 984 ,  55 .  55 
 989 ,  55 .  11 
 991 ,  54 .  39 
 985 ,  55 .  11 
 983 ,  55 .  55 
 989 ,  54 .  97 
 991 ,  55 .  26 
 981 ,  55 .  26 
 984 ,  55 .  55 
 992 ,  55 .  55 
 990 ,  55 .  55 
 983 ,  55 .  55 
 981 ,  53 .  81 
 989 ,  54 .  82 
 990 ,  55 .  55 
 988 ,  55 .  55 
 984 ,  55 .  55 
 992 ,  55 .  40 
 991 ,  54 .  82 
 985 ,  55 .  55 
 984 ,  54 .  97 
 989 ,  55 .  55 
 992 ,  54 .  82 
 982 ,  54 .  97 
 984 ,  54 .  82 
 991 ,  54 .  97 
 990 ,  55 .  55 
 986 ,  55 .  55 
 985 ,  55 .  40 
 991 ,  54 .  97 
 990 ,  54 .  97 
 984 ,  55 .  55 
 988 ,  55 .  55 
 994 ,  56 .  13 
 992 ,  55 .  98 
 984 ,  56 .  27 
 985 ,  56 .  56 
 993 ,  55 .  40 
 988 ,  54 .  97 
 984 ,  55 .  55 
 983 ,  54 .  82 
 989 ,  54 .  97 
 989 ,  55 .  11 
 985 ,  53 .  81 
 983 ,  53 .  81 
 989 ,  54 .  39 
 988 ,  54 .  24 
 986 ,  55 .  40 
 986 ,  55 .  98 
 994 ,  56 .  71 
 992 ,  55 .  40 
 982 ,  59 .  90 
 985 ,  54 .  39 
 993 ,  55 .  40 
 989 ,  54 .  68 
 984 ,  55 .  40 
 986 ,  54 .  24 
 992 ,  55 .  55 
 989 ,  54 .  97 
 985 ,  55 .  55 
 985 ,  54 .  97 
 992 ,  54 .  97 
 991 ,  55 .  55 
 984 ,  54 .  82 
 986 ,  54 .  97 
 990 ,  54 .  82 
 990 ,  55 .  55 
 986 ,  55 .  55 
 982 ,  55 .  40 
 993 ,  55 .  55 
 991 ,  54 .  97 
 983 ,  55 .  26 
 986 ,  55 .  40 
 995 ,  56 .  56 
 992 ,  56 .  13 
 983 ,  54 .  97 
 986 ,  55 .  55 
 991 ,  55 .  11 
 993 ,  55 .  26 
 983 ,  55 .  55 
 985 ,  54 .  82 
 992 ,  54 .  97 
 992 ,  55 .  40 
 986 ,  55 .  98 
 987 ,  55 .  55 
 991 ,  54 .  82 
 991 ,  55 .  55 
 983 ,  54 .  82 
 986 ,  55 .  55 
 993 ,  55 .  55 
 991 ,  55 .  55 
 986 ,  56 .  27 
 987 ,  55 .  55 
 991 ,  55 .  26 
 989 ,  55 .  55 
 984 ,  55 .  55 
 987 ,  55 .  55 
 993 ,  55 .  40 
 993 ,  54 .  39 
 984 ,  54 .  97 
 987 ,  54 .  68 
 991 ,  55 .  55 
 990 ,  55 .  55 
 984 ,  55 .  55 
 987 ,  55 .  26 
 992 ,  54 .  39 
 989 ,  55 .  26 
 983 ,  55 .  55 
 987 ,  55 .  55 
 994 ,  55 .  55 
 993 ,  55 .  40 
 984 ,  55 .  26 
 983 ,  55 .  26 
 994 ,  55 .  55 
 992 ,  56 .  13 
 988 ,  55 .  40 
 988 ,  54 .  97 
 994 ,  55 .  55 
 989 ,  55 .  40 
 984 ,  56 .  13 
 987 ,  55 .  55 
 993 ,  55 .  55 
 992 ,  54 .  97 
 984 ,  55 .  26 
 986 ,  55 .  40 
 994 ,  55 .  55 
 990 ,  55 .  55 
 983 ,  55 .  40 
 986 ,  54 .  82 
 991 ,  54 .  39 
 990 ,  54 .  39 
 983 ,  54 .  39 
 987 ,  55 .  55 
 991 ,  55 .  40 
 992 ,  54 .  97 
 984 ,  55 .  40 
 990 ,  55 .  55 
 995 ,  55 .  55 
 991 ,  53 .  22 
 983 ,  55 .  26 
 986 ,  55 .  98 
 994 ,  55 .  55 
 992 ,  56 .  42 
 983 ,  55 .  40 
 986 ,  55 .  55 
 993 ,  55 .  40 
 992 ,  55 .  40 
 986 ,  56 .  56 
 990 ,  55 .  55 
 993 ,  54 .  97 
 991 ,  55 .  40 
 984 ,  56 .  13 
 988 ,  55 .  40 
 993 ,  55 .  55 
 992 ,  55 .  55 
 985 ,  55 .  55 
 989 ,  53 .  22 
 993 ,  55 .  55 
 992 ,  56 .  71 
 986 ,  55 .  55 
 986 ,  55 .  40 
 993 ,  55 .  55 
 989 ,  54 .  82 
 985 ,  55 .  26 
 989 ,  55 .  40 
 995 ,  56 .  56 
 992 ,  55 .  98 
 986 ,  56 .  42 
 988 ,  55 .  26 
 993 ,  55 .  55 
 991 ,  55 .  40 
 985 ,  54 .  97 
 987 ,  55 .  55 
 998 ,  55 .  40 
 991 ,  54 .  97 
 983 ,  55 .  40 
 988 ,  54 .  97 
 993 ,  55 .  26 
 989 ,  54 .  39 
 985 ,  55 .  26 
 988 ,  55 .  55 
 994 ,  55 .  55 
 991 ,  55 .  55 
 986 ,  55 .  26 
 988 ,  55 .  55 
 994 ,  54 .  97 
 992 ,  54 .  97 
 986 ,  55 .  55 
 992 ,  56 .  13 
 992 ,  54 .  97 
 991 ,  55 .  55 
 981 ,  55 .  11 
 990 ,  55 .  26 
 993 ,  55 .  55 
 992 ,  55 .  55 
 986 ,  55 .  98 
 992 ,  56 .  27 
 994 ,  55 .  40 
 990 ,  55 .  55 
 983 ,  55 .  26 
 990 ,  56 .  13 
 995 ,  56 .  13 
 993 ,  55 .  40 
 986 ,  55 .  11 
 989 ,  54 .  97 
 995 ,  55 .  26 
 990 ,  54 .  82 
 985 ,  55 .  55 
 988 ,  54 .  82 
 994 ,  55 .  55 
 992 ,  55 .  40 
 988 ,  55 .  40 
 989 ,  55 .  98 
 996 ,  55 .  26 
 989 ,  55 .  26 
 986 ,  55 .  40 
 992 ,  55 .  84 
 996 ,  55 .  55 
 994 ,  56 .  71 
 985 ,  55 .  26 
 991 ,  54 .  39 
 994 ,  55 .  55 
 991 ,  55 .  40 
 987 ,  54 .  82 
 990 ,  55 .  40 
 998 ,  55 .  55 
 991 ,  54 .  82 
 985 ,  55 .  11 
 990 ,  54 .  68 
 997 ,  55 .  11 
 994 ,  54 .  24 
 987 ,  54 .  97 
 989 ,  55 .  40 
 995 ,  54 .  97 
 992 ,  55 .  40 
 987 ,  55 .  40 
 991 ,  54 .  82 
 996 ,  55 .  55 
 991 ,  53 .  66 
 985 ,  55 .  40 
 989 ,  55 .  26 
 995 ,  55 .  55 
 992 ,  56 .  27 
 986 ,  54 .  97 
 992 ,  55 .  55 
 996 ,  54 .  82 
 991 ,  55 .  40 
 985 ,  55 .  26 
 990 ,  55 .  98 
 998 ,  55 .  40 
 994 ,  57 .  14 
 989 ,  55 .  98 
 993 ,  55 .  40 
 995 ,  55 .  98 
 989 ,  55 .  55 
 987 ,  56 .  13 
 994 ,  56 .  13 
 998 ,  55 .  55 
 993 ,  55 .  40 
 986 ,  55 .  55 
 990 ,  54 .  39 
 994 ,  54 .  97 
 991 ,  54 .  97 
 985 ,  56 .  56 
 990 ,  54 .  39 
 997 ,  55 .  55 
 994 ,  55 .  40 
 990 ,  54 .  97 
 994 ,  55 .  40 
 997 ,  55 .  55 
 989 ,  54 .  39 
 987 ,  55 .  55 
 991 ,  55 .  55 
 998 ,  54 .  97 
 992 ,  54 .  24 
 988 ,  55 .  98 
 994 ,  56 .  13 
 997 ,  54 .  68 
 991 ,  54 .  97 
 986 ,  57 .  29 
 993 ,  54 .  97 
 998 ,  54 .  97 
 991 ,  55 .  11 
 986 ,  53 .  81 
 994 ,  54 .  97 
 999 ,  54 .  39 
 989 ,  54 .  39 
 987 ,  55 .  26 
 992 ,  55 .  26 
 999 ,  54 .  82 
 990 ,  55 .  40 
 990 ,  55 .  98 
 994 ,  55 .  55 
 998 ,  54 .  97 
 993 ,  55 .  40 
 985 ,  55 .  55 
 991 ,  55 .  40 
 998 ,  55 .  40 
 994 ,  55 .  55 
 988 ,  54 .  97 
 994 ,  55 .  40 
 998 ,  55 .  26 
 991 ,  54 .  97 
 986 ,  54 .  39 
 991 ,  55 .  40 
 996 ,  55 .  55 
 994 ,  55 .  55 
 987 ,  56 .  71 
 992 ,  54 .  39 
 999 ,  55 .  55 
 991 ,  54 .  97 
 987 ,  54 .  82 
 993 ,  55 .  55 
1000 ,  53 .   8 
 991 ,  54 .  39 
 989 ,  53 .  81 
 994 ,  55 .  55 
 999 ,  55 .  55 
 991 ,  55 .  55 
 986 ,  54 .  97 
 994 ,  55 .  98 
1000 ,  54 .  97 
 993 ,  55 .  40 
 985 ,  54 .  82 
 993 ,  54 .  97 
 997 ,  55 .  26 
 990 ,  55 .  40 
 988 ,  54 .  82 
 994 ,  55 .  55 
1002 ,  56 .  27 
 990 ,  55 .  55 
 988 ,  55 .  55 
 994 ,  54 .  53 
 997 ,  53 .   8 
 989 ,  55 .  55 
 988 ,  55 .  55 
 993 ,  55 .  26 
1001 ,  55 .  40 
 993 ,  54 .  39 
 988 ,  56 .  13 
 993 ,  55 .  55 
 998 ,  55 .  55 
 990 ,  55 .  98 
 987 ,  56 .  13 
 993 ,  55 .  55 
 996 ,  55 .  55 
 991 ,  55 .  40 
 990 ,  55 .  40 
 996 ,  55 .  98 
1000 ,  56 .  13 
 991 ,  55 .  40 
 989 ,  55 .  98 
 992 ,  55 .  55 
 998 ,  55 .  55 
 990 ,  54 .  10 
 988 ,  55 .  40 
 992 ,  55 .  55 
 996 ,  55 .  98 
 992 ,  55 .  55 
 986 ,  55 .  55 
 999 ,  55 .  55 
1000 ,  55 .  40 
 992 ,  56 .  27 
 988 ,  55 .  55 
 994 ,  55 .  55 
 997 ,  55 .  55 
 992 ,  55 .  55 
 990 ,  55 .  40 
 997 ,  55 .  55 
 998 ,  55 .  98 
 992 ,  54 .  39 
 988 ,  55 .  98 
 996 ,  54 .  97 
 999 ,  55 .  55 
 987 ,  55 .  55 
 990 ,  56 .  13 
 996 ,  55 .  55 
 999 ,  56 .  13 
 993 ,  54 .  82 
 989 ,  55 .  40 
 996 ,  54 .  97 
 999 ,  55 .  40 
 992 ,  55 .  55 
 990 ,  55 .  55 
 997 ,  55 .  40 
 996 ,  55 .  11 
 993 ,  54 .  97 
 989 ,  54 .  97 
 999 ,  54 .  68 
 996 ,  55 .  55 
 992 ,  55 .  55 
 990 ,  55 .  55 
 994 ,  54 .  10 
 999 ,  54 .  97 
 992 ,  54 .  39 
 988 ,  55 .  55 
1001 ,  55 .  55 
 999 ,  55 .  40 
 992 ,  54 .  97 
 989 ,  55 .  55 
 996 ,  55 .  11 
 999 ,  55 .  55 
 992 ,  54 .  97 
 992 ,  55 .  55 
 996 ,  56 .  56 
1000 ,  55 .  40 
 991 ,  55 .  55 
 992 ,  56 .  13 
 998 ,  55 .  55 
 999 ,  55 .  40 
 993 ,  54 .  39 
 990 ,  55 .  55 
 998 ,  55 .  55 
1001 ,  55 .  55 
 991 ,  54 .  82 
 989 ,  54 .  82 
 997 ,  54 .  82 
 999 ,  55 .  55 
 991 ,  55 .  26 
 990 ,  54 .  97 
 998 ,  55 .  98 
1000 ,  54 .  24 
 993 ,  54 .  39 
 989 ,  54 .  82 
 997 ,  54 .  97 
 999 ,  55 .  55 
 991 ,  55 .  26 
 989 ,  55 .  40 
1000 ,  55 .  55 
 996 ,  55 .  26 
 992 ,  55 .  40 
 992 ,  55 .  55 
 998 ,  55 .  55 
 998 ,  55 .  26 
 995 ,  54 .  39 
 991 ,  54 .  97 
 996 ,  54 .  82 
1001 ,  55 .  40 
 990 ,  54 .  82 
 988 ,  55 .  55 
 997 ,  54 .  39 
 999 ,  55 .  84 
 992 ,  55 .  26 
 992 ,  55 .  26 
 994 ,  55 .  40 
1002 ,  55 .  55 
 991 ,  55 .  55 
 988 ,  55 .  55 
 997 ,  55 .  55 
1000 ,  56 .  27 
 991 ,  54 .  97 
 991 ,  55 .  40 
 996 ,  54 .  82 
 999 ,  55 .  55 
 992 ,  55 .  84 
 989 ,  55 .  98 
1000 ,  55 .  40 
1000 ,  55 .  26 
 994 ,  55 .  84 
 994 ,  54 .  97 
1000 ,  55 .  40 
1001 ,  55 .  98 
 992 ,  55 .  55 
 992 ,  55 .  55 
 997 ,  55 .  40 
 996 ,  55 .  11 
 993 ,  55 .  11 
 990 ,  55 .  55 
 999 ,  55 .  55 
1002 ,  54 .  97 
 993 ,  54 .  39 
 993 ,  55 .  98 
 996 ,  55 .  55 
 999 ,  54 .  39 
 996 ,  55 .  26 
 993 ,  55 .  40 
1000 ,  55 .  40 
1001 ,  55 .  55 
 994 ,  55 .  98 
 994 ,  55 .  55 
1001 ,  55 .  55 
1003 ,  54 .  97 
 993 ,  55 .  55 
 991 ,  55 .  84 
 999 ,  55 .  40 
1000 ,  55 .  11 
 992 ,  54 .  97 
 992 ,  56 .  13 
 995 ,  56 .  27 
 998 ,  55 .  98 
 992 ,  54 .  39 
 992 ,  55 .  55 
 997 ,  55 .  26 
 999 ,  55 .  40 
 992 ,  53 .  66 
 992 ,  55 .  55 
1000 ,  55 .  40 
 997 ,  55 .  40 
 994 ,  54 .  97 
 994 ,  55 .  55 
 995 ,  55 .  98 
1002 ,  56 .  56 
 991 ,  54 .  97 
 992 ,  54 .  82 
 996 ,  53 .  81 
 999 ,  56 .  27 
 991 ,  54 .  39 
 991 ,  55 .  55 
 994 ,  55 .  40 
1000 ,  55 .  98 
 990 ,  55 .  26 
 989 ,  55 .  55 
 996 ,  55 .  55 
1000 ,  55 .  98 
 996 ,  55 .  55 
 993 ,  56 .  13 
1000 ,  55 .  55 
 999 ,  56 .  71 
 989 ,  54 .  97 
 991 ,  55 .  40 
1000 ,  55 .  55 
 999 ,  54 .  82 
 992 ,  54 .  97 
 993 ,  55 .  55 
 997 ,  55 .  55 
 998 ,  55 .  55 
 995 ,  55 .  40 
 995 ,  55 .  11 
1000 ,  54 .  97 
 999 ,  56 .  13 
 992 ,  55 .  55 
 994 ,  55 .  55 
1001 ,  55 .  55 
1002 ,  55 .  55 
 992 ,  54 .  97 
 993 ,  55 .  55 
 998 ,  55 .  55 
1000 ,  55 .  55 
 991 ,  54 .  97 
 993 ,  55 .  26 
 999 ,  55 .  40 
1002 ,  55 .  40 
 994 ,  55 .  55 
 991 ,  55 .  98 
 998 ,  54 .  97 
1000 ,  55 .  40 
 992 ,  55 .  55 
 995 ,  55 .  26 
 998 ,  54 .  97 
 999 ,  55 .  40 
 993 ,  55 .  55 
 994 ,  55 .  55 
1000 ,  55 .  55 
1000 ,  55 .  55 
 993 ,  54 .  39 
 993 ,  55 .  26 
1000 ,  55 .  40 
1000 ,  55 .  55 
 992 ,  55 .  40 
 994 ,  55 .  40 
1001 ,  55 .  55 
 998 ,  54 .  97 
 994 ,  54 .  97 
 994 ,  54 .  82 
1002 ,  55 .  40 
1001 ,  55 .  11 
 992 ,  55 .  55 
 992 ,  55 .  26 
 999 ,  56 .  13 
 997 ,  55 .  40 
 992 ,  55 .  55 
 992 ,  55 .  40 
1000 ,  56 .  27 
1001 ,  54 .  82 
 994 ,  56 .  71 
 993 ,  55 .  55 
 999 ,  55 .  26 
 999 ,  55 .  55 
 994 ,  55 .  55 
 994 ,  56 .  13 
1001 ,  55 .  55 
1004 ,  55 .  40 
 995 ,  54 .  97 
 994 ,  55 .  40 
1001 ,  55 .  55 
 999 ,  55 .  55 
 992 ,  54 .  97 
 994 ,  55 .  40 
1001 ,  55 .  98 
1002 ,  56 .  13 
 995 ,  55 .  55 
 994 ,  55 .  55 
1000 ,  56 .  13 
1001 ,  55 .  55 
 993 ,  55 .  40 
 997 ,  55 .  98 
1001 ,  54 .  97 
1000 ,  56 .  13 
 992 ,  55 .  26 
 993 ,  54 .  97 
 999 ,  55 .  98 
 997 ,  55 .  55 
 994 ,  55 .  55 
 996 ,  55 .  55 
 999 ,  55 .  26 
1000 ,  55 .  55 
 994 ,  56 .  56 
 994 ,  55 .  55 
1001 ,  55 .  40 
1000 ,  55 .  40 
 991 ,  55 .  55 
 996 ,  55 .  55 
1000 ,  55 .  55 
1000 ,  55 .  98 
 993 ,  56 .  13 
 995 ,  56 .  13 
1000 ,  55 .  40 
1000 ,  55 .  40 
 993 ,  55 .  40 
 994 ,  55 .  55 
1002 ,  55 .  55 
 999 ,  55 .  55 
 991 ,  54 .  97 
 993 ,  55 .  55 
1003 ,  54 .  82 
1001 ,  55 .  55 
 993 ,  55 .  98 
 997 ,  54 .  82 
1002 ,  55 .  55 
 998 ,  55 .  55 
 993 ,  55 .  26 
 994 ,  54 .  97 
1000 ,  55 .  40 
 999 ,  55 .  26 
 991 ,  55 .  26 
 995 ,  54 .  24 
1002 ,  55 .  98 
 997 ,  55 .  11 
 993 ,  55 .  40 
 993 ,  55 .  55 
1000 ,  55 .  55 
 999 ,  54 .  97 
 993 ,  54 .  97 
 994 ,  55 .  55 
1001 ,  55 .  55 
 999 ,  56 .  13 
 992 ,  54 .  39 
 993 ,  54 .  97 
1001 ,  55 .  55 
1002 ,  55 .  55 
 991 ,  55 .  55 
 997 ,  55 .  55 
1004 ,  55 .  55 
 998 ,  55 .  55 
 992 ,  54 .  97 
 996 ,  56 .  13 
1003 ,  55 .  55 
 999 ,  55 .  55 
 995 ,  56 .  13 
 995 ,  57 .  58 
1003 ,  55 .  11 
 997 ,  55 .  55 
 992 ,  55 .  55 
 995 ,  56 .  56 
1003 ,  55 .  55 
 999 ,  55 .  26 
 994 ,  55 .  55 
 994 ,  55 .  40 
1004 ,  55 .  55 
1000 ,  56 .  13 
 993 ,  55 .  26 
 993 ,  55 .  26 
1003 ,  55 .  40 
 999 ,  56 .  13 
 991 ,  55 .  55 
 996 ,  55 .  55 
1002 ,  55 .  55 
 996 ,  55 .  55 
 992 ,  55 .  40 
 994 ,  55 .  11 
1003 ,  55 .  55 
 999 ,  55 .  55 
 994 ,  55 .  98 
 997 ,  55 .  55 
1002 ,  55 .  40 
 999 ,  54 .  39 
 993 ,  55 .  55 
 995 ,  54 .  82 
1004 ,  55 .  55 
 997 ,  59 .   3 
 993 ,  56 .  13 
 998 ,  55 .  40 
1003 ,  55 .  40 
 997 ,  55 .  55 
 994 ,  54 .  97 
 995 ,  55 .  55 
1002 ,  54 .  82 
1000 ,  56 .  71 
 994 ,  55 .  98 
 998 ,  55 .  55 
1001 ,  55 .  55 
1001 ,  56 .  71 
 993 ,  53 .  81 
 994 ,  54 .  39 
1002 ,  54 .  97 
1000 ,  55 .  55 
 993 ,  55 .  26 
 996 ,  55 .  40 
1004 ,  54 .  97 
 999 ,  54 .  39 
 993 ,  55 .  26 
 996 ,  55 .  55 
1001 ,  55 .  40 
 999 ,  55 .  11 
 995 ,  55 .  40 
 999 ,  55 .  55 
1001 ,  55 .  40 
1000 ,  55 .  26 
 992 ,  55 .  98 
 998 ,  54 .  82 
1004 ,  55 .  55 
 999 ,  55 .  55 
 993 ,  56 .  56 
 997 ,  53 .  81 
1004 ,  55 .  26 
 999 ,  54 .  82 
 991 ,  55 .  26 
 997 ,  55 .  55 
1002 ,  54 .  24 
1001 ,  54 .  97 
 993 ,  55 .  40 
1003 ,  54 .  82 
1003 ,  54 .  97 
 999 ,  55 .  55 
 994 ,  55 .  55 
 998 ,  55 .  11 
1004 ,  55 .  55 
 998 ,  54 .  97 
 997 ,  55 .  40 
 995 ,  54 .  97 
1007 ,  54 .  97 
 999 ,  55 .  40 
 994 ,  54 .  39 
 997 ,  55 .  55 
1004 ,  54 .  97 
1000 ,  56 .  42 
 995 ,  55 .  40 
 998 ,  54 .  97 
1006 ,  55 .  40 
1000 ,  55 .  40 
 992 ,  55 .  98 
 998 ,  55 .  40 
1004 ,  55 .  40 
1000 ,  55 .  98 
 993 ,  54 .  82 
 998 ,  56 .  13 
1004 ,  54 .  97 
1002 ,  55 .  55 
 993 ,  55 .  55 
 996 ,  54 .  39 
1001 ,  54 .  97 
1002 ,  55 .  55 
 992 ,  55 .  84 
 997 ,  54 .  97 
1004 ,  54 .  39 
1000 ,  54 .  97 
 996 ,  55 .  98 
 999 ,  54 .  97 
1007 ,  55 .  55 
1000 ,  54 .  97 
 996 ,  54 .  97 
1000 ,  55 .  40 
1000 ,  55 .  40 
1000 ,  55 .  55 
 998 ,  55 .  98 
1002 ,  55 .  55 
1004 ,  55 .  55 
1001 ,  55 .  40 
 995 ,  55 .  40 
1000 ,  55 .  40 
1007 ,  56 .  13 
1001 ,  55 .  40 
 994 ,  54 .  97 
 998 ,  55 .  55 
1004 ,  55 .  55 
 997 ,  54 .  97 
 996 ,  54 .  97 
 999 ,  54 .  97 
1005 ,  55 .  55 
 999 ,  55 .  40 
 993 ,  54 .  39 
 998 ,  55 .  55 
1003 ,  55 .  55 
 998 ,  54 .  97 
 992 ,  54 .  82 
1000 ,  54 .  82 
1002 ,  56 .  13 
1000 ,  55 .  55 
 994 ,  55 .  55 
1000 ,  55 .  55 
1004 ,  55 .  40 
1001 ,  55 .  26 
 994 ,  55 .  55 
1000 ,  55 .  55 
1003 ,  55 .  98 
1002 ,  55 .  55 
 993 ,  55 .  11 
 997 ,  54 .  97 
1002 ,  55 .  55 
 998 ,  55 .  26 
 993 ,  54 .  68 
 997 ,  55 .  40 
1004 ,  55 .  55 
1001 ,  55 .  55 
 994 ,  55 .  98 
1000 ,  55 .  40 
1004 ,  55 .  55 
 999 ,  55 .  40 
 996 ,  54 .  39 
 998 ,  56 .  13 
1003 ,  55 .  55 
 998 ,  55 .  55 
 993 ,  54 .  82 
1000 ,  55 .  55 
1006 ,  55 .  55 
 999 ,  54 .  82 
 993 ,  54 .  97 
 999 ,  55 .  26 
1006 ,  55 .  55 
 999 ,  55 .  55 
 993 ,  54 .  82 
 999 ,  54 .  39 
1005 ,  55 .  55 
 999 ,  54 .  97 
 995 ,  55 .  55 
 998 ,  55 .  26 
1005 ,  54 .  97 
1000 ,  56 .  71 
 993 ,  55 .  40 
 998 ,  55 .  40 
1006 ,  56 .  27 
 997 ,  55 .  55 
 996 ,  54 .  97 
1001 ,  54 .  82 
1003 ,  55 .  11 
 996 ,  54 .  10 
 996 ,  55 .  55 
 998 ,  55 .  55 
1004 ,  55 .  55 
1000 ,  54 .  97 
 996 ,  55 .  55 
 997 ,  54 .  97 
1002 ,  55 .  55 
1002 ,  56 .  42 
 993 ,  55 .  55 
 998 ,  55 .  55 
1006 ,  55 .  55 
 998 ,  55 .  40 
 996 ,  56 .  13 
1000 ,  55 .  55 
1004 ,  54 .  82 
1002 ,  56 .  56 
 993 ,  54 .  39 
 999 ,  55 .  26 
1003 ,  55 .  55 
1001 ,  55 .  40 
 994 ,  55 .  40 
 998 ,  56 .  42 
1003 ,  55 .  55 
1000 ,  55 .  55 
 993 ,  55 .  26 
 996 ,  55 .  55 
1006 ,  55 .  55 
 998 ,  55 .  26 
 995 ,  55 .  40 
1001 ,  54 .  97 
1004 ,  55 .  40 
1000 ,  54 .  97 
 993 ,  54 .  97 
 999 ,  55 .  84 
1003 ,  55 .  98 
 999 ,  55 .  98 
 993 ,  55 .  55 
 999 ,  55 .  55 
1004 ,  55 .  55 
 999 ,  55 .  55 
 989 ,  54 .  39 
 999 ,  55 .  55 
1004 ,  55 .  40 
 997 ,  55 .  55 
 991 ,  55 .  40 
1000 ,  55 .  40 
1003 ,  55 .  11 
 998 ,  55 .  55 
 994 ,  55 .  98 
 984 ,  54 .  39 
 972 ,  55 .  26 
 959 ,  55 .  40 
 948 ,  54 .  39 
 963 ,  55 .  55 
 985 ,  55 .  26 
 985 ,  55 .  55 
 986 ,  55 .  40 
 995 ,  55 .  98 
1000 ,  56 .  42 
 996 ,  56 .  56 
 993 ,  55 .  40 
1000 ,  55 .  40 
1001 ,  55 .  40 
 997 ,  54 .  82 
 992 ,  55 .  55 
 998 ,  55 .  11 
1001 ,  54 .  97 
1000 ,  54 .  82 
 992 ,  55 .  40 
 998 ,  54 .  68 
1002 ,  55 .  26 
 997 ,  55 .  55 
 993 ,  54 .  24 
 997 ,  55 .  84 
1001 ,  54 .  39 
1000 ,  55 .  40 
 995 ,  54 .  82 
1000 ,  55 .  55 
1004 ,  55 .  98 
 998 ,  55 .  26 
 996 ,  55 .  26 
 996 ,  54 .  82 
1004 ,  54 .  97 
 997 ,  57 .  29 
 993 ,  55 .  55 
1000 ,  55 .  40 
1006 ,  55 .  55 
 997 ,  55 .  55 
 994 ,  54 .  97 
1000 ,  53 .  81 
1004 ,  55 .  55 
 999 ,  55 .  55 
 994 ,  56 .  13 
 999 ,  54 .  39 
1005 ,  54 .  97 
 997 ,  55 .  55 
 994 ,  53 .  81 
1000 ,  55 .  40 
1004 ,  54 .  39 
 998 ,  56 .  56 
 998 ,  56 .  56 
1000 ,  55 .  55 
1004 ,  55 .  26 
 998 ,  55 .  84 
 994 ,  54 .  82 
1000 ,  54 .  82 
1002 ,  55 .  55 
1002 ,  54 .  82 
 996 ,  55 .  11 
 999 ,  54 .  39 
1004 ,  55 .  55 
1001 ,  54 .  97 
 993 ,  55 .  40 
1001 ,  54 .  97 
1006 ,  55 .  40 
 998 ,  55 .  55 
 993 ,  54 .  39 
1001 ,  55 .  55 
1004 ,  55 .  26 
1000 ,  55 .  40 
 995 ,  55 .  55 
 999 ,  55 .  55 
1004 ,  55 .  40 
 999 ,  55 .  55 
 992 ,  54 .  97 
1001 ,  54 .  97 
1004 ,  56 .  13 
 997 ,  55 .  11 
 995 ,  54 .  39 
 997 ,  55 .  55 
1005 ,  54 .  97 
 996 ,  54 .  97 
 994 ,  55 .  11 
1001 ,  55 .  40 
1005 ,  55 .  55 
 997 ,  54 .  97 
 995 ,  55 .  26 
 997 ,  54 .  82 
1005 ,  56 .  13 
 998 ,  55 .  40 
 995 ,  55 .  40 
 997 ,  56 .  56 
1005 ,  55 .  40 
 999 ,  55 .  55 
 995 ,  55 .  26 
1000 ,  54 .  39 
1002 ,  56 .  13 
 997 ,  55 .  55 
 995 ,  55 .  55 
1002 ,  55 .  40 
1005 ,  54 .  97 
1000 ,  55 .  55 
 993 ,  54 .  97 
 999 ,  55 .  40 
1006 ,  55 .  40 
 997 ,  54 .  82 
 994 ,  56 .  56 
1001 ,  55 .  26 
1006 ,  56 .  27 
 999 ,  55 .  55 
 998 ,  55 .  55 
1002 ,  55 .  40 
1004 ,  54 .  97 
1000 ,  56 .  13 
 996 ,  55 .  55 
1000 ,  55 .  55 
1005 ,  53 .  81 
 998 ,  54 .  82 
 994 ,  54 .  97 
1000 ,  55 .  55 
1004 ,  55 .  11 
1000 ,  55 .  55 
 996 ,  54 .  39 
1003 ,  55 .  55 
1006 ,  55 .  55 
 998 ,  56 .  13 
 994 ,  55 .  98 
1002 ,  55 .  98 
1005 ,  54 .  39 
 996 ,  55 .  55 
 994 ,  55 .  40 
1003 ,  56 .  42 
1005 ,  55 .  40 
 999 ,  54 .  82 
 996 ,  54 .  82 
1001 ,  55 .  26 
1006 ,  55 .  98 
1000 ,  55 .  98 
 995 ,  55 .  26 
1002 ,  54 .  82 
1004 ,  55 .  26 
1002 ,  54 .  97 
 997 ,  55 .  55 
1001 ,  54 .  97 
1006 ,  55 .  98 
1003 ,  55 .  55 
 998 ,  55 .  40 
1002 ,  55 .  55 
1004 ,  55 .  40 
 997 ,  53 .  95 
 996 ,  55 .  26 
 999 ,  55 .  26 
1006 ,  54 .  82 
1002 ,  55 .  55 
 998 ,  55 .  40 
1002 ,  55 .  40 
1005 ,  54 .  39 
 999 ,  54 .  97 
 996 ,  54 .  82 
1003 ,  55 .  55 
1005 ,  55 .  55 
1000 ,  56 .  71 
 995 ,  55 .  40 
1002 ,  55 .  40 
1005 ,  55 .  26 
1000 ,  55 .  98 
 996 ,  55 .  40 
 999 ,  54 .  39 
1005 ,  55 .  40 
 997 ,  55 .  40 
 995 ,  55 .  55 
 999 ,  54 .  39 
1004 ,  55 .  55 
 997 ,  55 .  11 
 995 ,  54 .  68 
1000 ,  56 .  13 
1002 ,  55 .  55 
 972 ,  55 .  55 
 958 ,  55 .  55 
 962 ,  55 .  11 
 960 ,  55 .  55 
 949 ,  55 .  40 
 970 ,  54 .  97 
 989 ,  53 .  22 
 993 ,  55 .  98 
 991 ,  55 .  55 
 992 ,  55 .  40 
 998 ,  55 .  55 
1003 ,  55 .  40 
 994 ,  55 .  40 
 994 ,  55 .  55 
 999 ,  54 .  97 
1005 ,  55 .  55 
 996 ,  55 .  40 
 995 ,  56 .  27 
1001 ,  55 .  98 
1003 ,  55 .  55 
 998 ,  54 .  97 
 993 ,  55 .  40 
1003 ,  55 .  26 
1002 ,  55 .  55 
 995 ,  55 .  55 
 998 ,  55 .  40 
1002 ,  55 .  11 
1004 ,  54 .  10 
1000 ,  56 .  13 
 995 ,  55 .  55 
1002 ,  54 .  97 
1001 ,  55 .  55 
 997 ,  55 .  55 
 994 ,  55 .  55 
 999 ,  54 .  97 
1006 ,  55 .  98 
 996 ,  55 .  26 
 995 ,  55 .  55 
1002 ,  55 .  11 
1004 ,  54 .  97 
 999 ,  55 .  40 
 998 ,  55 .  40 
1003 ,  54 .  68 
1004 ,  55 .  55 
 997 ,  55 .  26 
 993 ,  55 .  40 
1000 ,  55 .  40 
1004 ,  55 .  26 
 998 ,  56 .  13 
 997 ,  55 .  55 
1003 ,  55 .  55 
1006 ,  56 .  71 
 997 ,  55 .  40 
 997 ,  55 .  55 
1002 ,  56 .  27 
1005 ,  55 .  55 
 999 ,  55 .  55 
 997 ,  56 .  13 
1003 ,  55 .  98 
1006 ,  56 .  27 
 997 ,  54 .  97 
 995 ,  54 .  24 
1002 ,  54 .  97 
1004 ,  54 .  97 
 997 ,  56 .  71 
 998 ,  56 .  13 
1002 ,  56 .  13 
1004 ,  55 .  55 
 999 ,  55 .  55 
 996 ,  55 .  26 
1002 ,  54 .  97 
1006 ,  55 .  84 
 999 ,  55 .  40 
 997 ,  55 .  26 
1001 ,  55 .  55 
1004 ,  55 .  55 
 996 ,  55 .  40 
 994 ,  55 .  26 
1001 ,  55 .  40 
1004 ,  54 .  97 
 999 ,  55 .  40 
 997 ,  55 .  55 
1005 ,  55 .  26 
1004 ,  55 .  55 
 998 ,  56 .  13 
 996 ,  55 .  55 
1000 ,  54 .  97 
1001 ,  55 .  55 
 997 ,  55 .  55 
 996 ,  55 .  26 
1002 ,  56 .  13 
1005 ,  55 .  40 
 998 ,  55 .  98 
 996 ,  55 .  55 
1002 ,  55 .  40 
1005 ,  55 .  26 
 999 ,  55 .  55 
 996 ,  54 .  39 
1000 ,  55 .  55 
1006 ,  55 .  55 
 998 ,  55 .  55 
 996 ,  56 .  13 
1003 ,  55 .  40 
1004 ,  54 .  82 
1000 ,  55 .  84 
 997 ,  55 .  40 
1001 ,  54 .  39 
1006 ,  55 .  55 
 999 ,  55 .  55 
 997 ,  55 .  55 
1000 ,  55 .  40 
1004 ,  54 .  97 
1000 ,  55 .  98 
 996 ,  55 .  11 
1003 ,  55 .  40 
1006 ,  55 .  55 
 997 ,  55 .  55 
 997 ,  54 .  39 
1002 ,  55 .  55 
1005 ,  55 .  55 
1000 ,  53 .  81 
 996 ,  55 .  55 
1002 ,  55 .  26 
1006 ,  55 .  55 
 996 ,  54 .  97 
 997 ,  55 .  55 
1002 ,  55 .  40 
1004 ,  55 .  55 
1000 ,  55 .  55 
 999 ,  55 .  55 
1006 ,  55 .  55 
1006 ,  55 .  26 
1000 ,  56 .  71 
 997 ,  55 .  55 
1000 ,  55 .  55 
1005 ,  54 .  97 
1000 ,  55 .  55 
 999 ,  55 .  55 
1003 ,  54 .  39 
1006 ,  55 .  55 
 997 ,  55 .  55 
 998 ,  55 .  55 
1006 ,  55 .  98 
1006 ,  55 .  40 
1000 ,  55 .  55 
 997 ,  55 .  40 
1004 ,  55 .  40 
1006 ,  55 .  55 
 998 ,  55 .  98 
 998 ,  55 .  11 
1006 ,  55 .  98 
1005 ,  55 .  26 
1000 ,  55 .  98 
 999 ,  54 .  39 
1004 ,  55 .  26 
1006 ,  56 .  13 
 996 ,  55 .  11 
 997 ,  54 .  97 
1003 ,  55 .  98 
1006 ,  56 .  71 
 997 ,  54 .  10 
 999 ,  56 .  71 
1003 ,  55 .  98 
1007 ,  54 .  97 
 998 ,  55 .  40 
1002 ,  54 .  82 
1002 ,  56 .  71 
1006 ,  55 .  55 
 999 ,  55 .  55 
 998 ,  54 .  82 
1004 ,  54 .  82 
1005 ,  55 .  40 
1000 ,  55 .  40 
 997 ,  55 .  55 
1004 ,  55 .  55 
1008 ,  55 .  11 
 997 ,  55 .  40 
1002 ,  54 .  97 
1003 ,  55 .  55 
1007 ,  55 .  98 
 998 ,  54 .  97 
 999 ,  55 .  40 
1005 ,  54 .  97 
1006 ,  55 .  55 
1000 ,  55 .  40 
1000 ,  55 .  55 
1003 ,  55 .  40 
1005 ,  55 .  55 
 998 ,  54 .  97 
 998 ,  55 .  55 
1004 ,  55 .  55 
1007 ,  54 .  97 
1000 ,  55 .  40 
 999 ,  55 .  40 
1004 ,  55 .  55 
1003 ,  55 .  26 
1000 ,  55 .  55 
 997 ,  54 .  97 
1003 ,  55 .  40 
1006 ,  55 .  55 
1000 ,  54 .  24 
 998 ,  54 .  97 
1005 ,  55 .  26 
1006 ,  53 .  95 
 999 ,  55 .  55 
 997 ,  55 .  40 
1004 ,  54 .  97 
1005 ,  55 .  55 
1001 ,  54 .  97 
 999 ,  54 .  82 
1004 ,  54 .  39 
1004 ,  54 .  24 
 997 ,  54 .  97 
 996 ,  54 .  39 
1004 ,  55 .  26 
1006 ,  56 .  13 
 998 ,  55 .  40 
 997 ,  54 .  97 
1005 ,  54 .  97 
1006 ,  55 .  55 
 997 ,  55 .  40 
 998 ,  55 .  40 
1006 ,  55 .  55 
1005 ,  55 .  11 
1000 ,  55 .  11 
 997 ,  54 .  39 
1005 ,  55 .  55 
1006 ,  56 .  13 
 997 ,  55 .  40 
 999 ,  55 .  40 
1008 ,  55 .  55 
1005 ,  55 .  55 
 999 ,  55 .  40 
 996 ,  54 .  97 
1004 ,  55 .  26 
1006 ,  56 .  13 
 997 ,  54 .  39 
 997 ,  55 .  40 
1003 ,  55 .  55 
1005 ,  55 .  11 
1000 ,  55 .  40 
 999 ,  54 .  39 
1004 ,  55 .  55 
1006 ,  55 .  98 
 997 ,  54 .  39 
 997 ,  54 .  39 
1004 ,  55 .  55 
1006 ,  55 .  98 
 998 ,  55 .  55 
 997 ,  54 .  97 
1001 ,  55 .  26 
1007 ,  54 .  24 
 998 ,  55 .  40 
1000 ,  56 .  13 
1001 ,  54 .  39 
1006 ,  56 .  71 
 997 ,  55 .  55 
1002 ,  55 .  55 
1004 ,  55 .  98 
1004 ,  55 .  55 
 997 ,  54 .  97 
 997 ,  55 .  55 
1003 ,  54 .  82 
1006 ,  56 .  42 
 997 ,  55 .  40 
1002 ,  55 .  40 
1006 ,  55 .  55 
1006 ,  56 .  13 
 997 ,  55 .  55 
1000 ,  55 .  40 
1002 ,  55 .  55 
1006 ,  55 .  55 
 999 ,  54 .  97 
 997 ,  54 .  82 
1004 ,  55 .  55 
1005 ,  55 .  55 
1000 ,  55 .  55 
 996 ,  54 .  39 
1005 ,  55 .  40 
1006 ,  55 .  55 
 999 ,  54 .  39 
 998 ,  54 .  68 
1004 ,  55 .  98 
1005 ,  55 .  40 
 996 ,  55 .  55 
1000 ,  55 .  55 
1004 ,  55 .  11 
1007 ,  55 .  55 
 999 ,  55 .  40 
 998 ,  54 .  97 
1006 ,  55 .  55 
1006 ,  54 .  39 
 999 ,  55 .  55 
 998 ,  55 .  40 
1005 ,  56 .  71 
1006 ,  55 .  55 
 998 ,  54 .  82 
 999 ,  53 .  37 
1004 ,  54 .  97 
1006 ,  55 .  55 
 997 ,  54 .  82 
 995 ,  54 .  39 
1004 ,  55 .  55 
1005 ,  55 .  55 
1001 ,  55 .  98 
 999 ,  54 .  97 
1004 ,  55 .  55 
1008 ,  55 .  98 
 995 ,  54 .  82 
1000 ,  54 .  97 
1005 ,  54 .  97 
1006 ,  55 .  55 
 997 ,  54 .  97 
 997 ,  54 .  39 
1004 ,  54 .  97 
1006 ,  55 .  26 
 997 ,  54 .  97 
 993 ,  54 .  82 
1004 ,  54 .  97 
1006 ,  55 .  55 
 997 ,  55 .  55 
1000 ,  54 .  97 
1005 ,  55 .  55 
1006 ,  55 .  40 
 997 ,  54 .  39 
 997 ,  54 .  39 
1005 ,  55 .  40 
1006 ,  55 .  55 
 996 ,  55 .  26 
 998 ,  55 .  55 
1006 ,  55 .  11 
1005 ,  54 .  97 
 998 ,  54 .  97 
 998 ,  56 .  13 
1006 ,  55 .  55 
1003 ,  54 .  82 
1000 ,  55 .  40 
 996 ,  54 .  82 
1006 ,  55 .  55 
1005 ,  55 .  55 
 998 ,  55 .  55 
1000 ,  56 .  13 
1004 ,  55 .  55 
1005 ,  55 .  55 
 999 ,  55 .  98 
1000 ,  55 .  40 
1005 ,  54 .  39 
1006 ,  55 .  55 
 997 ,  55 .  11 
 998 ,  55 .  26 
1005 ,  56 .  13 
1005 ,  55 .  55 
1001 ,  55 .  55 
1000 ,  54 .  97 
1004 ,  55 .  55 
1007 ,  54 .  39 
 999 ,  54 .  82 
1000 ,  55 .  40 
1005 ,  55 .  55 
1006 ,  56 .  27 
 997 ,  55 .  26 
 998 ,  55 .  40 
1006 ,  55 .  55 
1005 ,  54 .  97 
1000 ,  54 .  53 
 997 ,  56 .  13 
1004 ,  55 .  98 
1005 ,  55 .  55 
1001 ,  55 .  40 
 999 ,  54 .  39 
1005 ,  54 .  39 
1007 ,  55 .  40 
 997 ,  56 .  71 
 999 ,  55 .  55 
1010 ,  54 .  82 
1006 ,  55 .  40 
 998 ,  55 .  40 
1000 ,  55 .  98 
1004 ,  56 .  56 
1006 ,  54 .  97 
 998 ,  55 .  55 
 996 ,  54 .  97 
1005 ,  55 .  40 
1006 ,  56 .  42 
 997 ,  54 .  97 
 998 ,  54 .  97 
1004 ,  55 .  40 
1006 ,  55 .  26 
1000 ,  55 .  55 
 999 ,  55 .  26 
1003 ,  54 .  97 
1006 ,  55 .  55 
 999 ,  54 .  97 
 999 ,  54 .  97 
1004 ,  55 .  40 
1005 ,  56 .  56 
 997 ,  54 .  97 
 997 ,  55 .  40 
1006 ,  57 .  14 
1005 ,  54 .  97 
1000 ,  55 .  55 
 998 ,  54 .  97 
1005 ,  55 .  40 
1006 ,  54 .  39 
 997 ,  53 .  81 
 997 ,  54 .  39 
1004 ,  55 .  26 
1006 ,  55 .  55 
 999 ,  55 .  55 
 996 ,  54 .  97 
1006 ,  54 .  97 
1005 ,  56 .  27 
 999 ,  55 .  55 
1000 ,  55 .  55 
1003 ,  55 .  55 
1007 ,  55 .  55 
 998 ,  56 .  13 
1000 ,  55 .  55 
1004 ,  55 .  98 
1010 ,  55 .  40 
 997 ,  55 .  40 
1000 ,  54 .  97 
1006 ,  54 .  10 
1007 ,  54 .  97 
 998 ,  54 .  97 
 999 ,  54 .  82 
1005 ,  55 .  98 
1005 ,  55 .  55 
 997 ,  55 .  40 
 997 ,  54 .  97 
1005 ,  54 .  39 
1007 ,  55 .  40 
 999 ,  54 .