2057 ,  57 .  58 
2056 ,  58 .   1 
2054 ,  58 .  16 
2057 ,  57 .  87 
2057 ,  58 .  45 
2054 ,  58 .  16 
2054 ,  58 .  45 
2056 ,  57 .  72 
2058 ,  57 .  72 
2053 ,  57 .  29 
2054 ,  58 .   1 
2058 ,  58 .  30 
2058 ,  58 .  59 
2056 ,  57 .  72 
2053 ,  57 .  58 
2058 ,  58 .  45 
2058 ,  58 .  88 
2055 ,  57 .  14 
2055 ,  58 .  59 
2058 ,  58 .  30 
2055 ,  57 .  58 
2056 ,  58 .  88 
2056 ,  58 .  88 
2057 ,  57 .  87 
2056 ,  56 .  71 
2054 ,  58 .  30 
2053 ,  58 .  45 
2057 ,  58 .  45 
2058 ,  59 .   3 
2053 ,  57 .  87 
2053 ,  58 .  59 
2058 ,  58 .  45 
2057 ,  57 .  87 
2052 ,  58 .  74 
2054 ,  57 .  29 
2058 ,  59 .  61 
2058 ,  58 .  74 
2054 ,  58 .  45 
2056 ,  57 .  87 
2057 ,  58 .  45 
2057 ,  57 .  87 
2054 ,  58 .  88 
2056 ,  58 .  59 
2057 ,  58 .  45 
2058 ,  58 .   1 
2056 ,  59 .  32 
2052 ,  56 .  71 
2058 ,  58 .  45 
2057 ,  57 .  72 
2053 ,  58 .  45 
2056 ,  58 .  45 
2057 ,  57 .  72 
2058 ,  58 .  88 
2054 ,  59 .   3 
2053 ,  58 .  74 
2057 ,  57 .  58 
2058 ,  59 .   3 
2053 ,  58 .  16 
2055 ,  58 .  30 
2057 ,  57 .  43 
2058 ,  58 .  74 
2056 ,  58 .  88 
2056 ,  59 .   3 
2057 ,  57 .  43 
2058 ,  58 .  30 
2053 ,  55 .  98 
2054 ,  58 .  16 
2058 ,  58 .  45 
2057 ,  57 .  29 
2055 ,  57 .  87 
2054 ,  58 .  45 
2059 ,  59 .   3 
2057 ,  56 .  71 
2054 ,  58 .   1 
2054 ,  59 .  46 
2057 ,  57 .  58 
2057 ,  58 .  45 
2056 ,  59 .   3 
2052 ,  58 .   1 
2054 ,  57 .  87 
2058 ,  58 .  30 
2053 ,  57 .  14 
2053 ,  57 .  43 
2058 ,  59 .   3 
2057 ,  58 .  45 
2054 ,  58 .   1 
2054 ,  59 .   3 
2057 ,  57 .  87 
2057 ,  58 .  45 
2054 ,  56 .  56 
2053 ,  58 .  45 
2057 ,  58 .  45 
2058 ,  59 .   3 
2053 ,  57 .  29 
2055 ,  58 .  74 
2058 ,  58 .  45 
2057 ,  58 .  59 
2055 ,  58 .  45 
2056 ,  58 .  88 
2057 ,  58 .  74 
2057 ,  57 .  43 
2054 ,  58 .  88 
2056 ,  57 .  72 
2056 ,  58 .  30 
2059 ,  58 .  45 
2055 ,  58 .  30 
2053 ,  58 .  45 
2058 ,  58 .  59 
2057 ,  59 .   3 
2054 ,  58 .  30 
2053 ,  57 .  87 
2056 ,  58 .  45 
2058 ,  58 .  45 
2053 ,  57 .  87 
2052 ,  56 .  13 
2058 ,  58 .  45 
2058 ,  57 .  72 
2052 ,  57 .  58 
2056 ,  59 .   3 
2057 ,  58 .  45 
2058 ,  59 .   3 
2053 ,  57 .  58 
2053 ,  58 .  45 
2058 ,  59 .  46 
2057 ,  58 .  59 
2053 ,  57 .  72 
2056 ,  59 .  32 
2057 ,  57 .  43 
2058 ,  57 .  29 
2054 ,  59 .   3 
2053 ,  57 .  58 
2058 ,  58 .  45 
2056 ,  57 .  87 
2053 ,  57 .   0 
2053 ,  58 .  30 
2058 ,  58 .  59 
2059 ,  58 .  45 
2054 ,  58 .  45 
2054 ,  58 .  30 
2057 ,  57 .  87 
2057 ,  57 .  72 
2053 ,  58 .  30 
2053 ,  57 .  72 
2059 ,  59 .  46 
2060 ,  57 .  43 
2053 ,  58 .  30 
2054 ,  58 .  88 
2057 ,  58 .  88 
2057 ,  57 .  29 
2053 ,  58 .  74 
2056 ,  58 .  45 
2057 ,  58 .  45 
2059 ,  57 .  72 
2056 ,  59 .   3 
2053 ,  57 .  72 
2058 ,  57 .  72 
2059 ,  57 .  14 
2053 ,  58 .  30 
2054 ,  57 .  87 
2058 ,  58 .  59 
2057 ,  58 .  88 
2056 ,  58 .  45 
2055 ,  58 .  59 
2059 ,  56 .  71 
2058 ,  57 .  87 
2053 ,  57 .  87 
2054 ,  57 .  87 
2059 ,  57 .  87 
2060 ,  57 .  29 
2058 ,  57 .  43 
2051 ,  57 .  58 
2058 ,  57 .  29 
2058 ,  57 .  72 
2053 ,  56 .  71 
2053 ,  58 .  88 
2058 ,  58 .  30 
2058 ,  57 .  58 
2051 ,  58 .   1 
2054 ,  58 .  74 
2056 ,  57 .  72 
2055 ,  58 .  45 
2052 ,  58 .  59 
2052 ,  59 .   3 
2056 ,  57 .  29 
2056 ,  58 .  45 
2052 ,  57 .  43 
2052 ,  58 .  88 
2058 ,  59 .   3 
2055 ,  57 .  87 
2052 ,  57 .  72 
2054 ,  58 .  59 
2057 ,  56 .  71 
2058 ,  58 .  45 
2051 ,  58 .  88 
2052 ,  57 .  29 
2055 ,  58 .  30 
2057 ,  57 .  72 
2052 ,  55 .  98 
2051 ,  57 .  87 
2056 ,  57 .  72 
2061 ,  57 .  87 
2062 ,  56 .  71 
2066 ,  58 .  45 
2071 ,  56 .  71 
2072 ,  57 .   0 
2070 ,  57 .  29 
2070 ,  58 .  16 
2074 ,  57 .  29 
2074 ,  57 .  58 
2070 ,  57 .  58 
2069 ,  57 .  87 
2074 ,  57 .  87 
2076 ,  57 .  14 
2071 ,  58 .  16 
2069 ,  57 .  87 
2075 ,  57 .  72 
2076 ,  57 .  43 
2069 ,  58 .  45 
2070 ,  58 .  59 
2075 ,  56 .  71 
2074 ,  58 .   1 
2074 ,  57 .  87 
2072 ,  57 .  58 
2076 ,  57 .  29 
2074 ,  58 .  30 
2070 ,  57 .  72 
2072 ,  57 .  43 
2078 ,  57 .  87 
2074 ,  57 .  43 
2071 ,  58 .  45 
2072 ,  58 .  59 
2077 ,  57 .  43 
2078 ,  57 .  29 
2072 ,  58 .  30 
2070 ,  58 .  30 
2077 ,  57 .  14 
2074 ,  57 .  87 
2073 ,  56 .  71 
2070 ,  57 .  72 
2077 ,  57 .  72 
2076 ,  57 .  29 
2072 ,  57 .  29 
2072 ,  58 .  59 
2077 ,  56 .  71 
2079 ,  58 .   1 
2070 ,  57 .  87 
2072 ,  58 .  74 
2076 ,  56 .  71 
2076 ,  57 .  29 
2071 ,  58 .  30 
2071 ,  57 .  87 
2076 ,  56 .  71 
2076 ,  57 .  29 
2073 ,  56 .  71 
2071 ,  57 .  72 
2076 ,  57 .  72 
2076 ,  57 .  29 
2071 ,  57 .  43 
2074 ,  57 .  14 
2075 ,  57 .  29 
2076 ,  57 .  29 
2070 ,  57 .  29 
2070 ,  59 .  90 
2075 ,  57 .  43 
2075 ,  57 .  29 
2072 ,  58 .   1 
2072 ,  58 .  59 
2074 ,  57 .  29 
2073 ,  57 .  87 
2067 ,  58 .  30 
2060 ,  58 .  88 
2062 ,  56 .  71 
2060 ,  57 .  29 
2054 ,  58 .  30 
2055 ,  58 .  74 
2059 ,  57 .  29 
2060 ,  58 .  30 
2053 ,  57 .  58 
2055 ,  57 .  87 
2062 ,  58 .  30 
2058 ,  57 .  29 
2053 ,  57 .  14 
2054 ,  58 .   1 
2059 ,  58 .  59 
2058 ,  57 .  87 
2055 ,  57 .  72 
2054 ,  58 .  16 
2059 ,  56 .  71 
2058 ,  58 .   1 
2056 ,  59 .   3 
2056 ,  58 .  74 
2063 ,  57 .  29 
2070 ,  59 .   3 
2069 ,  57 .  72 
2067 ,  58 .  45 
2075 ,  57 .  87 
2076 ,  58 .  45 
2069 ,  57 .  58 
2070 ,  59 .   3 
2074 ,  57 .  72 
2076 ,  57 .  72 
2069 ,  58 .  45 
2069 ,  58 .  30 
2078 ,  58 .  45 
2076 ,  57 .  58 
2072 ,  57 .  29 
2072 ,  59 .   3 
2076 ,  58 .  30 
2078 ,  58 .  30 
2071 ,  58 .  30 
2071 ,  58 .  88 
2078 ,  57 .  14 
2077 ,  57 .  87 
2072 ,  57 .  29 
2072 ,  58 .  45 
2080 ,  57 .  87 
2076 ,  58 .  30 
2071 ,  57 .  29 
2071 ,  58 .   1 
2078 ,  58 .  30 
2077 ,  57 .  72 
2074 ,  57 .  29 
2074 ,  59 .  46 
2077 ,  58 .  45 
2076 ,  58 .  16 
2072 ,  60 .   4 
2074 ,  57 .  58 
2078 ,  57 .  72 
2078 ,  57 .  87 
2072 ,  57 .  58 
2072 ,  58 .  30 
2077 ,  57 .  72 
2076 ,  57 .  87 
2074 ,  56 .  85 
2074 ,  58 .  88 
2078 ,  58 .  59 
2077 ,  57 .  29 
2074 ,  58 .   1 
2074 ,  59 .   3 
2079 ,  56 .  71 
2078 ,  58 .   1 
2074 ,  58 .  45 
2073 ,  58 .  45 
2078 ,  57 .  72 
2077 ,  57 .   0 
2073 ,  57 .  43 
2072 ,  57 .  72 
2077 ,  57 .  87 
2077 ,  57 .  72 
2074 ,  58 .   1 
2074 ,  58 .  59 
2077 ,  56 .  71 
2078 ,  58 .  45 
2074 ,  56 .  56 
2074 ,  57 .  14 
2077 ,  57 .  72 
2078 ,  57 .  87 
2072 ,  57 .  87 
2071 ,  57 .  87 
2081 ,  58 .   1 
2080 ,  57 .  72 
2070 ,  56 .  71 
2073 ,  58 .   1 
2078 ,  58 .  30 
2077 ,  58 .  16 
2073 ,  58 .  30 
2071 ,  58 .  88 
2077 ,  57 .  58 
2077 ,  58 .  30 
2072 ,  57 .  87 
2070 ,  58 .  74 
2073 ,  57 .  87 
2071 ,  59 .   3 
2059 ,  58 .  30 
2057 ,  58 .  88 
2062 ,  57 .  29 
2063 ,  58 .  30 
2055 ,  57 .  87 
2055 ,  57 .  72 
2060 ,  58 .  45 
2061 ,  57 .  58 
2056 ,  57 .  72 
2054 ,  57 .   0 
2060 ,  57 .  29 
2059 ,  55 .  55 
2058 ,  57 .  87 
2055 ,  58 .  59 
2059 ,  57 .  58 
2060 ,  57 .  72 
2055 ,  57 .  58 
2054 ,  58 .  30 
2061 ,  57 .  72 
2059 ,  57 .  43 
2056 ,  58 .  88 
2056 ,  57 .  43 
2057 ,  58 .  74 
2062 ,  57 .  87 
2054 ,  59 .   3 
2056 ,  59 .   3 
2061 ,  58 .  30 
2063 ,  57 .  87 
2060 ,  58 .  16 
2065 ,  58 .  30 
2073 ,  57 .  58 
2073 ,  57 .  87 
2068 ,  58 .   1 
2072 ,  59 .  46 
2075 ,  57 .  87 
2074 ,  57 .  87 
2070 ,  58 .  30 
2072 ,  58 .  59 
2075 ,  55 .  55 
2077 ,  57 .  14 
2074 ,  57 .  72 
2071 ,  57 .  87 
2076 ,  57 .  72 
2076 ,  57 .  29 
2072 ,  57 .  58 
2072 ,  57 .  72 
2077 ,  57 .  29 
2077 ,  58 .  16 
2072 ,  56 .  71 
2070 ,  57 .  14 
2079 ,  58 .  16 
2080 ,  57 .  72 
2074 ,  57 .  43 
2074 ,  58 .  30 
2077 ,  57 .  87 
2078 ,  57 .  58 
2074 ,  58 .   1 
2074 ,  59 .   3 
2077 ,  56 .  71 
2078 ,  58 .  45 
2072 ,  57 .  72 
2073 ,  58 .  88 
2078 ,  59 .  46 
2080 ,  58 .  30 
2071 ,  57 .  87 
2073 ,  59 .   3 
2078 ,  57 .  87 
2078 ,  57 .  87 
2071 ,  57 .  72 
2074 ,  57 .  72 
2079 ,  57 .  87 
2079 ,  57 .  58 
2075 ,  57 .  72 
2072 ,  58 .  45 
2078 ,  57 .  87 
2079 ,  57 .  72 
2076 ,  57 .  72 
2071 ,  57 .  87 
2078 ,  58 .  45 
2077 ,  58 .  30 
2071 ,  56 .  13 
2074 ,  57 .  43 
2079 ,  56 .  13 
2078 ,  58 .   1 
2074 ,  57 .  72 
2071 ,  57 .  87 
2077 ,  57 .  87 
2076 ,  57 .  29 
2072 ,  59 .  90 
2075 ,  58 .  30 
2075 ,  57 .  43 
2080 ,  59 .   3 
2073 ,  56 .  71 
2072 ,  58 .  88 
2080 ,  57 .  72 
2074 ,  57 .  87 
2065 ,  57 .  72 
2067 ,  59 .  61 
2068 ,  57 .  14 
2064 ,  58 .  16 
2058 ,  57 .  43 
2057 ,  57 .  87 
2061 ,  58 .   1 
2062 ,  57 .  87 
2056 ,  57 .  14 
2055 ,  58 .  45 
2062 ,  58 .  45 
2062 ,  58 .  45 
2054 ,  58 .   1 
2058 ,  58 .  30 
2060 ,  57 .  58 
2062 ,  57 .  29 
2056 ,  58 .  59 
2053 ,  57 .  87 
2061 ,  58 .  16 
2062 ,  58 .  74 
2055 ,  58 .  59 
2055 ,  57 .  87 
2062 ,  58 .  30 
2061 ,  56 .  71 
2056 ,  58 .  30 
2059 ,  59 .  46 
2065 ,  58 .  16 
2069 ,  57 .  58 
2068 ,  59 .  75 
2068 ,  58 .  30 
2075 ,  57 .  87 
2078 ,  58 .  16 
2070 ,  57 .  14 
2073 ,  59 .   3 
2077 ,  59 .   3 
2077 ,  57 .  29 
2072 ,  58 .  30 
2071 ,  58 .  16 
2076 ,  58 .  16 
2078 ,  58 .  45 
2073 ,  57 .  29 
2072 ,  58 .  30 
2078 ,  57 .  87 
2078 ,  57 .  72 
2074 ,  57 .  87 
2075 ,  59 .   3 
2078 ,  57 .  87 
2079 ,  57 .  29 
2074 ,  57 .  72 
2074 ,  59 .   3 
2078 ,  57 .  58 
2078 ,  57 .  72 
2075 ,  58 .  59 
2071 ,  57 .  87 
2080 ,  58 .   1 
2080 ,  58 .  59 
2073 ,  57 .  43 
2075 ,  59 .   3 
2079 ,  57 .  43 
2077 ,  57 .  72 
2074 ,  57 .  87 
2074 ,  59 .   3 
2079 ,  57 .  87 
2077 ,  58 .  45 
2074 ,  57 .  58 
2075 ,  58 .  45 
2080 ,  58 .  74 
2080 ,  57 .  72 
2072 ,  58 .  45 
2076 ,  58 .  59 
2081 ,  57 .  87 
2077 ,  59 .   3 
2075 ,  58 .   1 
2073 ,  57 .  87 
2078 ,  57 .  72 
2078 ,  58 .  30 
2075 ,  57 .  58 
2073 ,  57 .  87 
2080 ,  58 .  30 
2077 ,  58 .  30 
2073 ,  59 .   3 
2074 ,  58 .   1 
2079 ,  58 .  74 
2078 ,  59 .   3 
2075 ,  58 .   1 
2074 ,  56 .  71 
2078 ,  57 .  87 
2079 ,  57 .  87 
2074 ,  58 .   1 
2074 ,  59 .  75 
2078 ,  57 .  58 
2078 ,  58 .   1 
2075 ,  58 .  30 
2072 ,  58 .  16 
2079 ,  58 .   1 
2078 ,  58 .  30 
2074 ,  56 .  71 
2074 ,  58 .  30 
2079 ,  58 .  74 
2078 ,  57 .  58 
2073 ,  58 .  30 
2073 ,  57 .  87 
2077 ,  57 .  87 
2075 ,  57 .  87 
2072 ,  58 .   1 
2074 ,  59 .   3 
2078 ,  58 .  16 
2078 ,  58 .  30 
2075 ,  57 .  72 
2072 ,  58 .  74 
2079 ,  58 .   1 
2078 ,  58 .   1 
2071 ,  58 .  16 
2068 ,  58 .  16 
2074 ,  58 .  88 
2074 ,  58 .  30 
2067 ,  58 .  45 
2068 ,  59 .  46 
2071 ,  58 .  16 
2069 ,  57 .  87 
2064 ,  59 .   3 
2067 ,  58 .  59 
2073 ,  57 .  58 
2074 ,  58 .  45 
2069 ,  57 .  29 
2072 ,  59 .   3 
2078 ,  57 .  87 
2074 ,  58 .  30 
2069 ,  58 .  16 
2072 ,  59 .  75 
2077 ,  57 .  72 
2075 ,  58 .  88 
2074 ,  59 .   3 
2071 ,  56 .  42 
2079 ,  58 .  30 
2077 ,  57 .  29 
2070 ,  57 .  87 
2073 ,  58 .  74 
2080 ,  58 .  30 
2078 ,  57 .  87 
2065 ,  56 .  71 
2074 ,  59 .   3 
2076 ,  57 .  87 
2078 ,  57 .  29 
2072 ,  58 .  45 
2074 ,  58 .  74 
2079 ,  58 .  88 
2077 ,  58 .  30 
2075 ,  58 .  30 
2073 ,  57 .  72 
2077 ,  57 .  87 
2080 ,  58 .   1 
2075 ,  58 .  30 
2074 ,  59 .   3 
2080 ,  58 .  30 
2078 ,  57 .  58 
2075 ,  57 .  14 
2075 ,  59 .  17 
2078 ,  57 .  87 
2079 ,  59 .   3 
2075 ,  58 .  88 
2075 ,  58 .  30 
2079 ,  58 .   1 
2078 ,  58 .  45 
2075 ,  57 .  87 
2075 ,  57 .  87 
2079 ,  57 .  87 
2080 ,  58 .  88 
2074 ,  58 .  45 
2074 ,  57 .  87 
2079 ,  57 .  87 
2080 ,  58 .  30 
2072 ,  58 .   1 
2074 ,  58 .  59 
2082 ,  58 .  45 
2079 ,  58 .  59 
2072 ,  58 .  30 
2074 ,  57 .  72 
2078 ,  57 .  29 
2079 ,  57 .  29 
2075 ,  58 .  30 
2072 ,  58 .  30 
2079 ,  57 .  87 
2079 ,  58 .  45 
2075 ,  58 .   1 
2072 ,  59 .  61 
2079 ,  58 .   1 
2080 ,  58 .  30 
2073 ,  57 .  72 
2075 ,  58 .  45 
2077 ,  57 .  72 
2077 ,  56 .  71 
2074 ,  59 .  46 
2073 ,  58 .  88 
2079 ,  57 .  14 
2078 ,  58 .  88 
2074 ,  58 .  30 
2074 ,  58 .  59 
2078 ,  58 .  30 
2077 ,  57 .  87 
2075 ,  58 .  45 
2072 ,  58 .  30 
2079 ,  57 .  87 
2079 ,  58 .  59 
2074 ,  59 .   3 
2073 ,  58 .  88 
2079 ,  57 .  87 
2078 ,  58 .  16 
2073 ,  58 .  45 
2069 ,  58 .  45 
2072 ,  58 .  45 
2069 ,  58 .  30 
2060 ,  58 .  16 
2062 ,  59 .   3 
2067 ,  57 .  87 
2062 ,  58 .  16 
2060 ,  59 .   3 
2056 ,  58 .  74 
2061 ,  57 .  87 
2062 ,  58 .  45 
2057 ,  58 .  16 
2059 ,  59 .   3 
2068 ,  59 .   3 
2070 ,  57 .  87 
2066 ,  57 .  87 
2071 ,  59 .   3 
2077 ,  58 .  30 
2074 ,  57 .  87 
2074 ,  57 .  29 
2072 ,  58 .  45 
2075 ,  56 .  71 
2078 ,  57 .  14 
2073 ,  58 .  59 
2073 ,  60 .  77 
2080 ,  58 .  88 
2078 ,  58 .  45 
2073 ,  58 .  30 
2074 ,  59 .  32 
2079 ,  57 .  87 
2076 ,  58 .  74 
2076 ,  58 .  45 
2075 ,  59 .   3 
2077 ,  57 .  58 
2080 ,  58 .  59 
2072 ,  58 .  30 
2072 ,  58 .  30 
2077 ,  58 .  45 
2079 ,  58 .   1 
2075 ,  56 .  13 
2074 ,  58 .  59 
2079 ,  58 .  45 
2080 ,  58 .  59 
2073 ,  57 .  29 
2074 ,  59 .   3 
2080 ,  58 .  88 
2079 ,  57 .  72 
2073 ,  58 .  88 
2074 ,  59 .   3 
2080 ,  59 .  61 
2076 ,  58 .  30 
2074 ,  59 .   3 
2075 ,  58 .  45 
2080 ,  58 .  88 
2080 ,  59 .  46 
2075 ,  58 .  16 
2074 ,  57 .  14 
2080 ,  59 .  46 
2079 ,  58 .  45 
2075 ,  58 .  30 
2078 ,  58 .  59 
2077 ,  57 .  87 
2077 ,  58 .  45 
2075 ,  58 .  30 
2075 ,  59 .   3 
2080 ,  58 .   1 
2082 ,  59 .   3 
2075 ,  58 .  45 
2078 ,  58 .  45 
2081 ,  58 .  45 
2079 ,  58 .  45 
2078 ,  59 .   3 
2075 ,  57 .  87 
2078 ,  57 .  87 
2080 ,  58 .   1 
2074 ,  57 .  72 
2074 ,  59 .   3 
2080 ,  59 .   3 
2078 ,  58 .  88 
2072 ,  57 .  87 
2073 ,  59 .   3 
2080 ,  59 .  32 
2079 ,  59 .  32 
2073 ,  58 .  30 
2074 ,  57 .  14 
2078 ,  58 .  45 
2080 ,  58 .  59 
2072 ,  57 .  29 
2071 ,  58 .  45 
2080 ,  58 .  45 
2079 ,  59 .   3 
2074 ,  57 .  72 
2077 ,  58 .  45 
2079 ,  58 .   1 
2078 ,  58 .  30 
2073 ,  59 .   3 
2073 ,  58 .  30 
2080 ,  57 .  87 
2078 ,  58 .   1 
2071 ,  57 .  87 
2073 ,  58 .  88 
2079 ,  58 .  30 
2072 ,  58 .  45 
2072 ,  59 .   3 
2074 ,  58 .  59 
2077 ,  58 .  88 
2076 ,  60 .   4 
2070 ,  58 .  45 
2069 ,  59 .   3 
2074 ,  58 .  45 
2073 ,  58 .  59 
2068 ,  58 .  45 
2070 ,  59 .   3 
2074 ,  57 .  87 
2075 ,  58 .  45 
2075 ,  59 .  17 
2070 ,  58 .  88 
2077 ,  58 .   1 
2076 ,  58 .   1 
2075 ,  60 .   4 
2072 ,  57 .  58 
2078 ,  56 .  56 
2078 ,  58 .  59 
2073 ,  55 .  55 
2074 ,  59 .  61 
2078 ,  57 .  87 
2076 ,  58 .  30 
2074 ,  59 .   3 
2072 ,  58 .  74 
2079 ,  57 .  29 
2077 ,  58 .  45 
2076 ,  57 .  87 
2073 ,  59 .   3 
2079 ,  58 .  16 
2080 ,  58 .  88 
2076 ,  58 .  59 
2075 ,  58 .  74 
2080 ,  58 .  30 
2077 ,  58 .  59 
2073 ,  57 .  87 
2074 ,  58 .  30 
2079 ,  58 .  88 
2077 ,  59 .   3 
2073 ,  58 .  88 
2075 ,  59 .  46 
2081 ,  58 .  30 
2077 ,  57 .  29 
2074 ,  59 .  46 
2074 ,  58 .  59 
2079 ,  57 .  87 
2078 ,  57 .  58 
2076 ,  58 .  30 
2075 ,  57 .  87 
2079 ,  58 .  30 
2080 ,  58 .  88 
2076 ,  58 .  59 
2075 ,  59 .   3 
2082 ,  58 .  30 
2081 ,  58 .  30 
2076 ,  58 .  30 
2077 ,  57 .  87 
2081 ,  57 .  87 
2078 ,  56 .  71 
2076 ,  58 .  45 
2073 ,  57 .  43 
2080 ,  58 .  30 
2079 ,  58 .  30 
2072 ,  58 .  45 
2075 ,  60 .  19 
2081 ,  58 .  74 
2078 ,  58 .  45 
2075 ,  59 .  46 
2075 ,  60 .  19 
2080 ,  57 .  87 
2079 ,  57 .  87 
2067 ,  59 .   3 
2075 ,  60 .   4 
2079 ,  56 .  71 
2080 ,  59 .  61 
2075 ,  58 .  45 
2075 ,  59 .   3 
2080 ,  59 .   3 
2078 ,  58 .  45 
2075 ,  58 .  45 
2073 ,  57 .  43 
2077 ,  58 .  45 
2080 ,  58 .  59 
2074 ,  57 .  87 
2075 ,  58 .  45 
2079 ,  58 .  74 
2079 ,  58 .  74 
2071 ,  57 .  87 
2074 ,  58 .  45 
2080 ,  58 .  88 
2078 ,  58 .  45 
2073 ,  58 .  16 
2074 ,  58 .  88 
2078 ,  58 .  74 
2078 ,  58 .  45 
2075 ,  58 .  45 
2073 ,  59 .   3 
2076 ,  58 .  45 
2078 ,  59 .   3 
2071 ,  58 .  59 
2070 ,  59 .  46 
2076 ,  58 .  88 
2073 ,  57 .  87 
2069 ,  59 .   3 
2070 ,  58 .  30 
2076 ,  59 .   3 
2075 ,  57 .  29 
2070 ,  58 .  45 
2071 ,  57 .  87 
2079 ,  57 .  87 
2073 ,  58 .  16 
2074 ,  59 .  61 
2074 ,  58 .  45 
2078 ,  58 .  45 
2077 ,  58 .  45 
2075 ,  58 .  45 
2074 ,  58 .  59 
2080 ,  57 .  87 
2079 ,  58 .   1 
2072 ,  59 .   3 
2073 ,  60 .  48 
2079 ,  57 .  43 
2080 ,  58 .  74 
2076 ,  58 .  45 
2076 ,  57 .  72 
2078 ,  59 .   3 
2077 ,  58 .  88 
2074 ,  58 .  45 
2076 ,  60 .   4 
2081 ,  57 .  58 
2078 ,  58 .   1 
2074 ,  59 .  75 
2074 ,  57 .  87 
2079 ,  59 .   3 
2079 ,  58 .  88 
2073 ,  58 .  16 
2076 ,  59 .  61 
2082 ,  58 .  59 
2079 ,  58 .  59 
2073 ,  58 .  30 
2076 ,  58 .  30 
2081 ,  58 .  74 
2080 ,  58 .  30 
2076 ,  59 .  46 
2074 ,  58 .  16 
2080 ,  58 .  30 
2078 ,  58 .  30 
2077 ,  58 .  45 
2078 ,  60 .   4 
2080 ,  58 .  30 
2079 ,  59 .  61 
2076 ,  57 .  58 
2076 ,  59 .  61 
2082 ,  59 .   3 
2079 ,  58 .  74 
2073 ,  58 .  16 
2075 ,  58 .  88 
2081 ,  58 .  45 
2079 ,  58 .  30 
2078 ,  59 .   3 
2076 ,  58 .  88 
2080 ,  58 .  45 
2080 ,  57 .  72 
2073 ,  57 .  87 
2076 ,  59 .   3 
2082 ,  57 .  58 
2078 ,  58 .  30 
2074 ,  58 .  30 
2077 ,  58 .  30 
2079 ,  58 .  30 
2080 ,  58 .  88 
2073 ,  58 .  45 
2074 ,  58 .   1 
2082 ,  58 .   1 
2080 ,  58 .  59 
2076 ,  57 .  58 
2075 ,  58 .  45 
2081 ,  58 .  59 
2078 ,  59 .   3 
2075 ,  59 .   3 
2076 ,  59 .  46 
2079 ,  58 .  45 
2078 ,  58 .  59 
2074 ,  59 .   3 
2074 ,  58 .  88 
2080 ,  58 .  88 
2077 ,  58 .  30 
2073 ,  58 .  74 
2076 ,  58 .  45 
2075 ,  58 .  74 
2067 ,  58 .  74 
2061 ,  58 .  45 
2063 ,  60 .  19 
2061 ,  58 .  45 
2061 ,  58 .  88 
2056 ,  58 .  88 
2059 ,  59 .  75 
2064 ,  57 .  72 
2062 ,  57 .  72 
2056 ,  58 .  59 
2059 ,  59 .   3 
2064 ,  58 .  88 
2062 ,  58 .  16 
2057 ,  58 .  30 
2058 ,  58 .  88 
2064 ,  58 .  59 
2061 ,  59 .   3 
2059 ,  58 .  88 
2058 ,  57 .  87 
2063 ,  57 .  87 
2062 ,  58 .  16 
2059 ,  58 .  88 
2061 ,  57 .  43 
2063 ,  58 .  74 
2061 ,  59 .  32 
2059 ,  58 .  30 
2059 ,  58 .  45 
2063 ,  59 .   3 
2062 ,  59 .   3 
2058 ,  58 .  45 
2060 ,  58 .   1 
2064 ,  58 .  45 
2065 ,  58 .  30 
2056 ,  58 .  59 
2061 ,  59 .  61 
2066 ,  59 .   3 
2061 ,  56 .  71 
2061 ,  59 .   3 
2059 ,  59 .  46 
2064 ,  57 .  87 
2061 ,  57 .  87 
2056 ,  58 .  88 
2058 ,  59 .  75 
2063 ,  56 .  71 
2060 ,  59 .   3 
2055 ,  59 .   3 
2057 ,  58 .  88 
2062 ,  58 .  45 
2061 ,  58 .  45 
2057 ,  58 .  45 
2058 ,  58 .  59 
2062 ,  57 .  58 
2061 ,  59 .   3 
2058 ,  59 .   3 
2058 ,  59 .   3 
2062 ,  59 .   3 
2059 ,  58 .  16 
2056 ,  59 .  61 
2061 ,  58 .  45 
2071 ,  58 .  16 
2075 ,  59 .  46 
2073 ,  58 .  45 
2071 ,  58 .  59 
2080 ,  58 .  88 
2077 ,  58 .  59 
2071 ,  59 .   3 
2076 ,  59 .  75 
2079 ,  57 .  87 
2076 ,  58 .  45 
2074 ,  60 .  19 
2077 ,  57 .  87 
2078 ,  57 .  87 
2077 ,  58 .  45 
2075 ,  59 .   3 
2076 ,  57 .  87 
2079 ,  58 .  30 
2080 ,  58 .  88 
2072 ,  58 .  88 
2075 ,  58 .  74 
2081 ,  58 .  30 
2080 ,  58 .  88 
2076 ,  58 .  88 
2076 ,  58 .  74 
2081 ,  58 .  16 
2080 ,  59 .   3 
2073 ,  57 .  72 
2079 ,  60 .   4 
2083 ,  57 .  87 
2079 ,  56 .  42 
2075 ,  58 .  88 
2075 ,  60 .   4 
2082 ,  57 .  87 
2079 ,  58 .   1 
2078 ,  58 .  45 
2076 ,  59 .  75 
2079 ,  58 .  88 
2079 ,  58 .  30 
2076 ,  58 .  59 
2079 ,  59 .   3 
2084 ,  58 .  88 
2079 ,  59 .   3 
2073 ,  57 .  72 
2078 ,  59 .  75 
2082 ,  57 .  87 
2078 ,  58 .  45 
2078 ,  57 .  29 
2075 ,  58 .  59 
2081 ,  58 .  45 
2080 ,  58 .  88 
2075 ,  58 .  45 
2075 ,  58 .  88 
2080 ,  58 .  30 
2078 ,  58 .  45 
2075 ,  59 .   3 
2078 ,  59 .  75 
2082 ,  57 .  87 
2078 ,  58 .  88 
2076 ,  58 .  45 
2076 ,  59 .  61 
2082 ,  58 .  16 
2080 ,  59 .  46 
2075 ,  57 .  72 
2076 ,  57 .  87 
2082 ,  58 .  45 
2077 ,  58 .   1 
2075 ,  58 .  16 
2075 ,  58 .  30 
2079 ,  58 .  59 
2077 ,  58 .  45 
2075 ,  58 .  74 
2073 ,  59 .   3 
2077 ,  58 .  45 
2072 ,  59 .   3 
2064 ,  58 .  16 
2062 ,  58 .  88 
2066 ,  59 .  32 
2061 ,  58 .  30 
2058 ,  59 .   3 
2059 ,  58 .  59 
2063 ,  58 .  30 
2062 ,  58 .  74 
2060 ,  58 .  45 
2059 ,  58 .  88 
2063 ,  58 .   1 
2062 ,  59 .   3 
2057 ,  57 .  72 
2059 ,  58 .  45 
2062 ,  57 .  87 
2060 ,  58 .  74 
2060 ,  58 .  45 
2060 ,  60 .  19 
2067 ,  58 .  45 
2069 ,  58 .  30 
2068 ,  59 .  75 
2069 ,  59 .  90 
2077 ,  59 .   3 
2076 ,  57 .  87 
2071 ,  58 .  88 
2075 ,  59 .  46 
2079 ,  58 .  59 
2078 ,  58 .  88 
2075 ,  58 .  74 
2074 ,  59 .  61 
2081 ,  58 .  45 
2076 ,  58 .  30 
2072 ,  58 .  74 
2075 ,  59 .  61 
2081 ,  58 .  88 
2076 ,  58 .  45 
2074 ,  58 .  45 
2076 ,  59 .  90 
2081 ,  58 .  16 
2080 ,  58 .  45 
2079 ,  58 .  59 
2077 ,  58 .  45 
2082 ,  59 .   3 
2076 ,  58 .  74 
2075 ,  60 .  19 
2077 ,  58 .  30 
2081 ,  59 .   3 
2077 ,  58 .  45 
2078 ,  59 .   3 
2077 ,  59 .  46 
2081 ,  58 .  45 
2078 ,  59 .   3 
2075 ,  59 .   3 
2078 ,  58 .   1 
2082 ,  59 .   3 
2078 ,  58 .  45 
2077 ,  59 .   3 
2077 ,  59 .   3 
2081 ,  58 .  45 
2080 ,  59 .  75 
2075 ,  57 .  58 
2076 ,  59 .  61 
2081 ,  58 .  88 
2078 ,  58 .  74 
2073 ,  60 .   4 
2078 ,  59 .  75 
2081 ,  58 .  45 
2080 ,  59 .   3 
2073 ,  58 .  88 
2076 ,  59 .  61 
2083 ,  58 .   1 
2080 ,  59 .  75 
2071 ,  58 .  45 
2076 ,  58 .  30 
2081 ,  58 .  45 
2071 ,  58 .  16 
2066 ,  59 .  32 
2064 ,  57 .  87 
2065 ,  58 .  45 
2064 ,  59 .   3 
2060 ,  57 .  58 
2062 ,  60 .   4 
2065 ,  57 .  87 
2060 ,  58 .  45 
2060 ,  58 .  30 
2059 ,  58 .  30 
2062 ,  58 .  45 
2062 ,  59 .   3 
2057 ,  57 .  87 
2058 ,  58 .  45 
2066 ,  59 .   3 
2062 ,  58 .  88 
2059 ,  58 .  88 
2062 ,  59 .  46 
2064 ,  59 .  46 
2060 ,  58 .  88 
2057 ,  58 .  74 
2059 ,  59 .  46 
2065 ,  59 .   3 
2060 ,  59 .   3 
2055 ,  59 .   3 
2062 ,  60 .   4 
2064 ,  58 .  45 
2066 ,  59 .   3 
2061 ,  59 .   3 
2063 ,  58 .  45 
2064 ,  58 .  74 
2061 ,  57 .  29 
2059 ,  57 .  58 
2060 ,  59 .  46 
2066 ,  60 .   4 
2061 ,  59 .  61 
2058 ,  59 .   3 
2060 ,  59 .  75 
2064 ,  58 .   1 
2058 ,  58 .  30 
2056 ,  59 .   3 
2060 ,  58 .  59 
2064 ,  58 .  59 
2060 ,  58 .  45 
2059 ,  59 .   3 
2057 ,  59 .   3 
2065 ,  58 .  30 
2058 ,  58 .  88 
2056 ,  57 .  72 
2059 ,  58 .  30 
2066 ,  57 .  87 
2061 ,  58 .  59 
2057 ,  58 .  88 
2058 ,  58 .  30 
2061 ,  58 .  30 
2059 ,  59 .   3 
2060 ,  59 .   3 
2061 ,  59 .  61 
2064 ,  58 .  45 
2059 ,  58 .  16 
2057 ,  58 .  45 
2062 ,  59 .  32 
2069 ,  57 .  87 
2069 ,  58 .  45 
2071 ,  59 .  61 
2071 ,  57 .  87 
2077 ,  58 .  30 
2074 ,  59 .  32 
2073 ,  58 .  16 
2074 ,  58 .  88 
2080 ,  59 .   3 
2076 ,  58 .  74 
2075 ,  59 .  61 
2076 ,  59 .   3 
2080 ,  57 .  87 
2072 ,  58 .  45 
2066 ,  59 .   3 
2061 ,  59 .   3 
2067 ,  58 .  45 
2061 ,  58 .  45 
2061 ,  58 .  74 
2063 ,  59 .  61 
2065 ,  58 .  74 
2062 ,  59 .   3 
2058 ,  59 .  61 
2061 ,  59 .  75 
2064 ,  59 .   3 
2062 ,  57 .  58 
2059 ,  59 .   3 
2066 ,  58 .  45 
2076 ,  57 .  87 
2075 ,  60 .  19 
2072 ,  58 .  88 
2075 ,  57 .  87 
2082 ,  59 .  61 
2077 ,  58 .  88 
2073 ,  59 .  46 
2079 ,  59 .   3 
2081 ,  58 .  74 
2077 ,  59 .   3 
2077 ,  58 .  45 
2079 ,  58 .  45 
2082 ,  58 .  30 
2080 ,  59 .  46 
2075 ,  59 .  61 
2076 ,  58 .  30 
2083 ,  58 .  88 
2078 ,  58 .  88 
2076 ,  57 .  87 
2077 ,  59 .   3 
2082 ,  58 .  30 
2077 ,  59 .   3 
2078 ,  58 .  88 
2078 ,  60 .  19 
2081 ,  58 .  88 
2079 ,  58 .  74 
2075 ,  59 .  61 
2078 ,  60 .  33 
2081 ,  58 .  74 
2077 ,  58 .  88 
2074 ,  59 .   3 
2077 ,  59 .  61 
2081 ,  58 .  16 
2078 ,  59 .  46 
2073 ,  58 .  45 
2077 ,  58 .  88 
2082 ,  58 .  30 
2079 ,  58 .  30 
2077 ,  58 .  30 
2078 ,  60 .  19 
2079 ,  58 .  59 
2076 ,  58 .  45 
2078 ,  59 .  46 
2076 ,  58 .  88 
2081 ,  57 .  87 
2077 ,  58 .  88 
2078 ,  58 .  88 
2078 ,  58 .  45 
2080 ,  58 .  74 
2079 ,  59 .   3 
2075 ,  58 .  45 
2075 ,  59 .  32 
2080 ,  58 .  45 
2075 ,  58 .  74 
2073 ,  58 .  30 
2074 ,  59 .  46 
2078 ,  59 .  32 
2071 ,  59 .   3 
2070 ,  59 .   3 
2069 ,  59 .  61 
2072 ,  59 .   3 
2070 ,  59 .  32 
2064 ,  57 .  87 
2067 ,  59 .   3 
2074 ,  59 .  61 
2068 ,  58 .  45 
2067 ,  59 .  61 
2069 ,  59 .   3 
2071 ,  58 .  45 
2072 ,  59 .  75 
2072 ,  59 .   3 
2074 ,  59 .   3 
2077 ,  57 .  87 
2074 ,  58 .  45 
2076 ,  58 .  30 
2076 ,  58 .  45 
2080 ,  58 .  30 
2078 ,  58 .  45 
2073 ,  58 .  88 
2079 ,  58 .  88 
2079 ,  59 .   3 
2079 ,  58 .  30 
2073 ,  59 .   3 
2080 ,  59 .  46 
2082 ,  58 .  74 
2077 ,  59 .   3 
2074 ,  59 .  46 
2078 ,  60 .  19 
2081 ,  59 .   3 
2076 ,  59 .   3 
2076 ,  60 .  91 
2078 ,  60 .  19 
2079 ,  59 .   3 
2075 ,  58 .  45 
2074 ,  59 .  61 
2077 ,  58 .  45 
2080 ,  59 .  17 
2077 ,  58 .  88 
2073 ,  59 .   3 
2078 ,  58 .  88 
2082 ,  58 .  59 
2077 ,  58 .  59 
2074 ,  59 .  61 
2077 ,  59 .  46 
2089 ,  58 .  45 
2078 ,  59 .   3 
2077 ,  58 .  59 
2077 ,  59 .  90 
2081 ,  59 .   3 
2076 ,  58 .  59 
2073 ,  58 .  45 
2078 ,  59 .  46 
2080 ,  59 .   3 
2077 ,  56 .  71 
2075 ,  59 .  75 
2077 ,  58 .  88 
2081 ,  58 .  45 
2076 ,  59 .  46 
2076 ,  59 .   3 
2076 ,  58 .  45 
2082 ,  58 .  59 
2077 ,  59 .   3 
2074 ,  59 .   3 
2077 ,  60 .   4 
2079 ,  58 .  74 
2077 ,  58 .  30 
2076 ,  58 .  74 
2078 ,  59 .  61 
2082 ,  58 .  30 
2077 ,  58 .  45 
2077 ,  58 .  30 
2078 ,  60 .   4 
2080 ,  58 .  45 
2078 ,  58 .  30 
2077 ,  59 .   3 
2077 ,  59 .   3 
2082 ,  59 .  61 
2077 ,  59 .   3 
2074 ,  59 .   3 
2078 ,  59 .  75 
2081 ,  58 .  30 
2078 ,  59 .  46 
2075 ,  59 .   3 
2076 ,  59 .  46 
2081 ,  58 .  88 
2078 ,  58 .  74 
2073 ,  59 .  46 
2079 ,  59 .  61 
2081 ,  58 .  88 
2076 ,  58 .  30 
2073 ,  60 .  19 
2077 ,  60 .   4 
2082 ,  59 .  61 
2076 ,  59 .   3 
2075 ,  59 .   3 
2077 ,  59 .  75 
2080 ,  58 .  74 
2077 ,  59 .  61 
2074 ,  59 .   3 
2077 ,  59 .  61 
2082 ,  58 .  88 
2076 ,  58 .  59 
2077 ,  58 .  45 
2078 ,  59 .  32 
2079 ,  58 .  30 
2075 ,  58 .  30 
2077 ,  59 .   3 
2077 ,  58 .  45 
2082 ,  59 .  46 
2077 ,  57 .  58 
2077 ,  57 .  29 
2078 ,  59 .  61 
2081 ,  60 .  19 
2077 ,  59 .   3 
2074 ,  60 .  19 
2078 ,  59 .  75 
2081 ,  58 .  59 
2077 ,  58 .  45 
2077 ,  58 .  16 
2077 ,  58 .  45 
2082 ,  59 .  75 
2077 ,  59 .  32 
2074 ,  60 .   4 
2077 ,  60 .  19 
2081 ,  58 .  45 
2070 ,  58 .  30 
2076 ,  58 .  45 
2078 ,  59 .  75 
2080 ,  60 .  19 
2077 ,  59 .  61 
2074 ,  58 .  30 
2078 ,  59 .  75 
2081 ,  57 .  58 
2078 ,  59 .  46 
2074 ,  59 .   3 
2076 ,  59 .  90 
2081 ,  58 .  45 
2078 ,  58 .  74 
2076 ,  58 .  45 
2077 ,  59 .   3 
2080 ,  58 .  88 
2076 ,  58 .  74 
2073 ,  58 .  16 
2078 ,  60 .   4 
2080 ,  58 .  45 
2075 ,  59 .   3 
2074 ,  59 .  75 
2077 ,  57 .  87 
2081 ,  58 .  30 
2078 ,  59 .  61 
2073 ,  56 .  27 
2078 ,  59 .  61 
2079 ,  58 .   1 
2077 ,  58 .  30 
2074 ,  57 .  72 
2079 ,  59 .   3 
2078 ,  58 .  59 
2076 ,  59 .  46 
2076 ,  59 .  46 
2081 ,  58 .  74 
2079 ,  58 .  30 
2080 ,  60 .   4 
2072 ,  58 .  74 
2077 ,  60 .   4 
2080 ,  59 .   3 
2076 ,  59 .   3 
2074 ,  58 .  88 
2078 ,  59 .  46 
2080 ,  60 .  19 
2073 ,  59 .   3 
2075 ,  59 .   3 
2078 ,  58 .  74 
2078 ,  57 .  87 
2076 ,  58 .  88 
2075 ,  59 .  61 
2077 ,  60 .  19 
2080 ,  57 .  87 
2075 ,  59 .   3 
2075 ,  60 .   4 
2079 ,  59 .  61 
2080 ,  58 .  45 
2076 ,  59 .   3 
2074 ,  59 .  61 
2078 ,  59 .  75 
2078 ,  58 .  74 
2076 ,  58 .  16 
2078 ,  58 .  88 
2077 ,  59 .  90 
2079 ,  58 .  45 
2077 ,  58 .  88 
2076 ,  60 .  77 
2077 ,  59 .  90 
2079 ,  57 .  87 
2074 ,  59 .   3 
2077 ,  59 .   3 
2079 ,  58 .  30 
2080 ,  59 .  61 
2077 ,  58 .  88 
2076 ,  59 .   3 
2080 ,  59 .  61 
2080 ,  57 .  87 
2078 ,  58 .  88 
2076 ,  59 .  46 
2078 ,  59 .  46 
2083 ,  59 .   3 
2076 ,  59 .  61 
2078 ,  59 .   3 
2078 ,  59 .  61 
2080 ,  58 .  88 
2078 ,  59 .  61 
2073 ,  57 .  29 
2077 ,  58 .  45 
2080 ,  59 .  46 
2077 ,  58 .  88 
2077 ,  58 .  59 
2081 ,  58 .  88 
2080 ,  59 .  75 
2074 ,  59 .   3 
2075 ,  59 .  46 
2080 ,  60 .  19 
2079 ,  59 .   3 
2075 ,  58 .  30 
2074 ,  58 .  88 
2079 ,  59 .  46 
2080 ,  58 .  45 
2074 ,  59 .  61 
2076 ,  58 .  59 
2077 ,  59 .  90 
2080 ,  59 .   3 
2074 ,  59 .   3 
2074 ,  58 .  88 
2074 ,  59 .  46 
2074 ,  58 .  88 
2068 ,  59 .   3 
2068 ,  57 .  72 
2066 ,  59 .  75 
2067 ,  58 .  59 
2062 ,  58 .  88 
2062 ,  60 .  19 
2065 ,  58 .  45 
2065 ,  59 .  46 
2061 ,  59 .  46 
2062 ,  60 .  62 
2063 ,  59 .   3 
2064 ,  59 .  46 
2062 ,  59 .  46 
2060 ,  57 .  87 
2067 ,  59 .  32 
2064 ,  58 .  88 
2062 ,  58 .  88 
2062 ,  58 .  88 
2063 ,  60 .  19 
2063 ,  58 .  88 
2062 ,  59 .  61 
2060 ,  59 .   3 
2064 ,  61 .  20 
2064 ,  59 .   3 
2061 ,  59 .   3 
2062 ,  59 .  46 
2062 ,  59 .   3 
2062 ,  58 .  74 
2060 ,  58 .  30 
2062 ,  59 .  46 
2061 ,  59 .  90 
2063 ,  57 .  87 
2060 ,  59 .   3 
2062 ,  59 .  61 
2063 ,  58 .  30 
2064 ,  58 .  88 
2060 ,  59 .  32 
2061 ,  58 .  88 
2061 ,  60 .  19 
2064 ,  58 .  88 
2062 ,  59 .  75 
2058 ,  59 .   3 
2062 ,  59 .  61 
2064 ,  59 .  61 
2060 ,  58 .  88 
2060 ,  59 .  46 
2063 ,  59 .  61 
2064 ,  58 .  74 
2060 ,  58 .  74 
2058 ,  59 .  61 
2062 ,  60 .   4 
2061 ,  58 .  88 
2060 ,  58 .  88 
2060 ,  59 .   3 
2063 ,  60 .  19 
2061 ,  59 .   3 
2059 ,  59 .  61 
2061 ,  58 .   1 
2063 ,  60 .  19 
2063 ,  59 .   3 
2057 ,  59 .  75 
2061 ,  59 .   3 
2062 ,  59 .  90 
2063 ,  59 .  61 
2061 ,  59 .   3 
2060 ,  59 .  46 
2061 ,  58 .  30 
2062 ,  59 .  61 
2062 ,  59 .  46 
2063 ,  58 .  30 
2063 ,  60 .  19 
2063 ,  59 .  46 
2060 ,  60 .   4 
2060 ,  59 .  61 
2062 ,  58 .  45 
2061 ,  59 .   3 
2060 ,  59 .   3 
2060 ,  60 .   4 
2061 ,  59 .  61 
2064 ,  59 .  46 
2062 ,  59 .   3 
2062 ,  58 .  45 
2062 ,  60 .   4 
2064 ,  58 .  74 
2060 ,  59 .   3 
2059 ,  60 .  77 
2064 ,  60 .  19 
2065 ,  58 .  74 
2064 ,  59 .  61 
2062 ,  60 .   4 
2068 ,  60 .  19 
2069 ,  59 .   3 
2070 ,  60 .   4 
2071 ,  58 .  74 
2071 ,  58 .  88 
2075 ,  59 .  61 
2073 ,  59 .  46 
2077 ,  58 .  45 
2076 ,  59 .   3 
2077 ,  59 .  46 
2074 ,  59 .  61 
2078 ,  58 .  45 
2079 ,  60 .  19 
2079 ,  58 .   1 
2075 ,  59 .  46 
2076 ,  59 .   3 
2077 ,  59 .  61 
2079 ,  59 .   3 
2076 ,  59 .   3 
2075 ,  58 .  45 
2078 ,  59 .  61 
2077 ,  59 .   3 
2076 ,  59 .   3 
2078 ,  60 .  19 
2079 ,  59 .  61 
2077 ,  59 .   3 
2078 ,  60 .  19 
2077 ,  59 .  32 
2079 ,  58 .  45 
2080 ,  59 .  46 
2076 ,  59 .   3 
2075 ,  58 .  45 
2080 ,  60 .  77 
2079 ,  58 .  45 
2076 ,  59 .  46 
2078 ,  59 .   3 
2077 ,  59 .  61 
2080 ,  59 .   3 
2076 ,  59 .   3 
2077 ,  58 .  88 
2078 ,  59 .   3 
2079 ,  59 .  61 
2076 ,  59 .   3 
2075 ,  60 .   4 
2082 ,  59 .  61 
2078 ,  58 .  45 
2075 ,  58 .  74 
2075 ,  59 .   3 
2077 ,  59 .  61 
2076 ,  58 .  74 
2073 ,  59 .  61 
2075 ,  58 .  45 
2076 ,  59 .  46 
2075 ,  59 .   3 
2073 ,  58 .  88 
2075 ,  59 .  61 
2074 ,  60 .  19 
2073 ,  59 .   3 
2074 ,  59 .  32 
2070 ,  60 .  19 
2074 ,  60 .  19 
2075 ,  59 .  46 
2072 ,  59 .  61 
2072 ,  59 .   3 
2076 ,  60 .  62 
2077 ,  58 .  74 
2072 ,  59 .   3 
2075 ,  59 .   3 
2076 ,  59 .   3 
2075 ,  59 .   3 
2075 ,  59 .   3 
2076 ,  59 .   3 
2077 ,  58 .  45 
2077 ,  59 .   3 
2073 ,  59 .  61 
2080 ,  60 .  19 
2077 ,  60 .  19 
2078 ,  59 .   3 
2074 ,  59 .  46 
2078 ,  59 .  46 
2077 ,  59 .  46 
2078 ,  58 .  74 
2076 ,  59 .  32 
2080 ,  60 .   4 
2079 ,  59 .   3 
2078 ,  59 .  61 
2077 ,  59 .   3 
2079 ,  58 .  88 
2080 ,  60 .  77 
2078 ,  59 .  46 
2076 ,  59 .   3 
2076 ,  59 .  46 
2080 ,  59 .  90 
2079 ,  58 .  88 
2078 ,  59 .  61 
2079 ,  59 .  46 
2080 ,  60 .  19 
2079 ,  57 .  87 
2077 ,  59 .  46 
2077 ,  58 .  45 
2078 ,  59 .   3 
2078 ,  58 .  74 
2076 ,  58 .  88 
2076 ,  59 .  46 
2080 ,  60 .   4 
2078 ,  58 .  45 
2076 ,  58 .   1 
2081 ,  59 .  75 
2079 ,  58 .  74 
2076 ,  59 .   3 
2072 ,  59 .   3 
2078 ,  59 .   3 
2081 ,  58 .  88 
2080 ,  60 .   4 
2075 ,  59 .   3 
2078 ,  58 .  30 
2078 ,  58 .  88 
2076 ,  58 .  59 
2074 ,  59 .  46 
2078 ,  59 .   3 
2077 ,  60 .  19 
2075 ,  59 .  61 
2076 ,  59 .  46 
2074 ,  60 .  19 
2075 ,  59 .  75 
2074 ,  59 .  61 
2073 ,  59 .   3 
2071 ,  59 .  46 
2076 ,  60 .  62 
2073 ,  58 .  88 
2072 ,  59 .  61 
2078 ,  59 .  61 
2075 ,  59 .  46 
2073 ,  59 .   3 
2074 ,  58 .  88 
2078 ,  60 .   4 
2076 ,  58 .  74 
2076 ,  59 .  61 
2075 ,  59 .   3 
2079 ,  59 .   3 
2082 ,  59 .   3 
2078 ,  59 .   3 
2076 ,  59 .  46 
2078 ,  59 .  61 
2076 ,  59 .  61 
2077 ,  58 .  45 
2078 ,  59 .  75 
2078 ,  59 .   3 
2079 ,  58 .  45 
2077 ,  59 .  46 
2076 ,  59 .  46 
2077 ,  59 .   3 
2080 ,  60 .  77 
2077 ,  59 .   3 
2078 ,  59 .  61 
2077 ,  59 .  90 
2082 ,  59 .  61 
2078 ,  59 .  46 
2078 ,  59 .  61 
2076 ,  58 .  88 
2079 ,  60 .  19 
2078 ,  60 .   4 
2076 ,  59 .  32 
2081 ,  58 .  88 
2080 ,  59 .  61 
2079 ,  58 .  88 
2076 ,  60 .  77 
2081 ,  59 .  61 
2078 ,  59 .  75 
2077 ,  58 .  88 
2076 ,  59 .  46 
2078 ,  59 .  75 
2078 ,  58 .  59 
2078 ,  59 .  61 
2076 ,  59 .   3 
2076 ,  58 .  45 
2078 ,  59 .   3 
2074 ,  59 .   3 
2075 ,  59 .  46 
2076 ,  60 .   4 
2074 ,  59 .   3 
2072 ,  59 .  46 
2070 ,  60 .   4 
2070 ,  58 .  74 
2068 ,  60 .  19 
2066 ,  59 .  61 
2065 ,  59 .  46 
2064 ,  59 .   3 
2066 ,  60 .   4 
2064 ,  59 .  46 
2061 ,  59 .  46 
2063 ,  59 .   3 
2064 ,  60 .  91 
2064 ,  59 .  75 
2060 ,  56 .  71 
2064 ,  59 .  46 
2066 ,  59 .  75 
2063 ,  58 .  74 
2062 ,  58 .  88 
2067 ,  59 .  46 
2067 ,  59 .   3 
2065 ,  59 .   3 
2066 ,  59 .  61 
2067 ,  59 .   3 
2069 ,  60 .  19 
2069 ,  59 .  61 
2070 ,  58 .  59 
2070 ,  59 .   3 
2078 ,  59 .  46 
2075 ,  59 .  17 
2074 ,  59 .   3 
2080 ,  60 .  62 
2076 ,  59 .  61 
2076 ,  59 .  46 
2077 ,  59 .  61 
2080 ,  58 .  88 
2078 ,  60 .  19 
2078 ,  59 .   3 
2076 ,  58 .  59 
2078 ,  60 .   4 
2080 ,  59 .  75 
2076 ,  59 .   3 
2078 ,  59 .  46 
2080 ,  60 .   4 
2078 ,  59 .  32 
2078 ,  59 .  61 
2077 ,  59 .   3 
2077 ,  59 .   3 
2078 ,  60 .   4 
2077 ,  58 .  88 
2073 ,  59 .   3 
2080 ,  59 .  61 
2078 ,  59 .   3 
2076 ,  60 .  62 
2077 ,  57 .  87 
2081 ,  59 .   3 
2080 ,  60 .  19 
2078 ,  58 .  88 
2079 ,  59 .  61 
2077 ,  60 .  19 
2080 ,  58 .  88 
2078 ,  60 .  19 
2077 ,  56 .  71 
2077 ,  59 .   3 
2080 ,  59 .  90 
2077 ,  59 .  61 
2076 ,  60 .  62 
2080 ,  60 .  19 
2078 ,  60 .  19 
2079 ,  59 .   3 
2077 ,  59 .  46 
2079 ,  60 .   4 
2077 ,  60 .  19 
2077 ,  59 .   3 
2078 ,  59 .  90 
2077 ,  57 .  29 
2078 ,  60 .  77 
2080 ,  59 .  46 
2076 ,  59 .  90 
2079 ,  58 .  88 
2079 ,  59 .  90 
2077 ,  59 .   3 
2078 ,  59 .  75 
2077 ,  59 .   3 
2079 ,  60 .   4 
2077 ,  59 .   3 
2077 ,  59 .  61 
2082 ,  60 .  19 
2079 ,  60 .  19 
2077 ,  59 .   3 
2078 ,  59 .  46 
2075 ,  59 .  90 
2077 ,  59 .  46 
2076 ,  59 .  61 
2075 ,  59 .  61 
2076 ,  59 .  75 
2081 ,  59 .   3 
2074 ,  60 .   4 
2075 ,  59 .  32 
2078 ,  59 .  46 
2080 ,  61 .   6 
2075 ,  58 .  74 
2075 ,  58 .  74 
2076 ,  59 .  46 
2078 ,  60 .  19 
2077 ,  57 .  87 
2076 ,  59 .  61 
2078 ,  60 .  19 
2080 ,  60 .  77 
2077 ,  59 .   3 
2078 ,  58 .  88 
2078 ,  60 .  19 
2078 ,  57 .  87 
2076 ,  58 .  74 
2077 ,  58 .  45 
2080 ,  60 .   4 
2079 ,  60 .  62 
2077 ,  60 .   4 
2079 ,  59 .  75 
2083 ,  59 .  61 
2080 ,  60 .  77 
2076 ,  59 .   3 
2075 ,  59 .   3 
2081 ,  59 .  61 
2079 ,  58 .  30 
2078 ,  61 .  35 
2078 ,  59 .  46 
2080 ,  58 .  16 
2080 ,  58 .  88 
2078 ,  60 .   4 
2077 ,  59 .   3 
2082 ,  58 .  30 
2080 ,  60 .  19 
2077 ,  59 .  61 
2078 ,  60 .   4 
2077 ,  59 .   3 
2080 ,  59 .   3 
2077 ,  59 .  90 
2079 ,  59 .  90 
2079 ,  59 .   3 
2080 ,  61 .  20 
2077 ,  59 .   3 
2078 ,  59 .  46 
2080 ,  60 .  19 
2079 ,  60 .   4 
2077 ,  59 .  61 
2080 ,  59 .  90 
2079 ,  59 .   3 
2077 ,  58 .  88 
2080 ,  59 .  46 
2080 ,  58 .  59 
2078 ,  59 .   3 
2080 ,  60 .  19 
2078 ,  60 .   4 
2078 ,  60 .  77 
2078 ,  59 .  61 
2077 ,  62 .  51 
2076 ,  59 .   3 
2078 ,  60 .  19 
2077 ,  60 .   4 
2078 ,  59 .  90 
2078 ,  59 .  61 
2077 ,  59 .   3 
2078 ,  59 .  46 
2080 ,  59 .  46 
2076 ,  59 .  61 
2079 ,  59 .  61 
2081 ,  59 .   3 
2078 ,  60 .  19 
2078 ,  59 .   3 
2076 ,  59 .  61 
2079 ,  59 .  61 
2078 ,  60 .  19 
2074 ,  59 .  46 
2078 ,  58 .  59 
2077 ,  59 .   3 
2080 ,  59 .  61 
2077 ,  59 .  61 
2077 ,  59 .  90 
2080 ,  60 .   4 
2077 ,  58 .  88 
2075 ,  57 .  87 
2076 ,  59 .   3 
2080 ,  60 .   4 
2076 ,  60 .   4 
2076 ,  60 .   4 
2077 ,  59 .   3 
2077 ,  59 .   3 
2078 ,  59 .  90 
2077 ,  59 .  46 
2075 ,  59 .  61 
2082 ,  60 .   4 
2076 ,  59 .  46 
2076 ,  59 .   3 
2078 ,  59 .  61 
2080 ,  59 .   3 
2076 ,  60 .  19 
2076 ,  59 .  46 
2080 ,  59 .  75 
2082 ,  59 .   3 
2078 ,  59 .  61 
2077 ,  59 .   3 
2077 ,  58 .  45 
2080 ,  60 .   4 
2077 ,  60 .  77 
2078 ,  59 .  61 
2077 ,  59 .  46 
2079 ,  58 .  16 
2080 ,  59 .  61 
2075 ,  59 .  61 
2077 ,  59 .  61 
2080 ,  59 .  90 
2081 ,  59 .  75 
2076 ,  59 .  61 
2080 ,  60 .  19 
2081 ,  59 .  61 
2077 ,  59 .  61 
2078 ,  60 .  19 
2079 ,  59 .  61 
2080 ,  59 .   3 
2078 ,  60 .   4 
2076 ,  59 .   3 
2080 ,  59 .  46 
2080 ,  59 .  61 
2077 ,  59 .  46 
2076 ,  59 .  61 
2078 ,  59 .  46 
2084 ,  58 .  88 
2078 ,  60 .  19 
2075 ,  59 .  46 
2079 ,  58 .  45 
2079 ,  60 .   4 
2079 ,  59 .  61 
2076 ,  60 .   4 
2076 ,  59 .  61 
2080 ,  59 .  61 
2078 ,  60 .  77 
2076 ,  59 .  75 
2080 ,  59 .  61 
2078 ,  58 .  45 
2078 ,  59 .  61 
2076 ,  60 .   4 
2078 ,  59 .  61 
2082 ,  60 .  62 
2076 ,  59 .   3 
2077 ,  59 .  46 
2080 ,  59 .  75 
2081 ,  57 .  58 
2078 ,  58 .  88 
2074 ,  60 .  19 
2078 ,  59 .   3 
2080 ,  59 .  61 
2078 ,  60 .  19 
2076 ,  59 .  46 
2078 ,  60 .  19 
2081 ,  59 .  61 
2078 ,  60 .   4 
2077 ,  57 .  87 
2077 ,  59 .  61 
2082 ,  60 .  19 
2076 ,  60 .  19 
2075 ,  59 .   3 
2078 ,  59 .  46 
2080 ,  60 .  91 
2078 ,  60 .  91 
2078 ,  59 .  90 
2078 ,  59 .  32 
2081 ,  59 .   3 
2081 ,  59 .  90 
2077 ,  59 .  32 
2079 ,  59 .  61 
2080 ,  59 .  75 
2077 ,  60 .  19 
2076 ,  59 .   3 
2080 ,  60 .   4 
2081 ,  60 .   4 
2076 ,  59 .  46 
2076 ,  59 .  46 
2076 ,  59 .   3 
2081 ,  59 .   3 
2076 ,  59 .  61 
2077 ,  59 .  32 
2080 ,  60 .   4 
2079 ,  59 .  75 
2076 ,  59 .   3 
2076 ,  59 .  75 
2078 ,  59 .  90 
2080 ,  59 .  61 
2078 ,  59 .  75 
2076 ,  58 .  74 
2079 ,  59 .   3 
2082 ,  60 .   4 
2076 ,  60 .  77 
2078 ,  60 .  19 
2080 ,  60 .  19 
2079 ,  59 .  75 
2077 ,  59 .  32 
2074 ,  60 .   4 
2078 ,  59 .   3 
2082 ,  59 .  61 
2077 ,  60 .  19 
2077 ,  59 .   3 
2078 ,  59 .  61 
2079 ,  59 .  61 
2077 ,  59 .  61 
2078 ,  60 .   4 
2078 ,  59 .  61 
2083 ,  60 .   4 
2076 ,  59 .  90 
2076 ,  59 .   3 
2079 ,  59 .  46 
2082 ,  60 .   4 
2077 ,  60 .  48 
2078 ,  59 .  61 
2078 ,  59 .  90 
2080 ,  59 .   3 
2074 ,  60 .   4 
2076 ,  60 .   4 
2079 ,  59 .  61 
2078 ,  60 .   4 
2075 ,  59 .  61 
2075 ,  60 .   4 
2079 ,  59 .  61 
2077 ,  59 .  61 
2076 ,  60 .  91 
2078 ,  60 .   4 
2079 ,  59 .   3 
2077 ,  59 .  61 
2075 ,  60 .  77 
2075 ,  59 .  32 
2078 ,  61 .  35 
2080 ,  58 .  74 
2075 ,  60 .  19 
2076 ,  59 .  46 
2080 ,  59 .   3 
2081 ,  59 .   3 
2076 ,  59 .  46 
2076 ,  59 .  61 
2078 ,  59 .  61 
2081 ,  59 .  61 
2073 ,  59 .  61 
2075 ,  59 .  46 
2080 ,  60 .   4 
2079 ,  60 .  19 
2076 ,  60 .  19 
2075 ,  59 .  75 
2078 ,  60 .  19 
2079 ,  60 .  19 
2077 ,  60 .   4 
2078 ,  59 .  46 
2082 ,  60 .   4 
2080 ,  59 .  61 
2075 ,  59 .  61 
2076 ,  60 .  62 
2077 ,  59 .  61 
2078 ,  60 .  77 
2075 ,  60 .  19 
2075 ,  59 .  46 
2079 ,  59 .  46 
2078 ,  61 .  20 
2075 ,  60 .  77 
2076 ,  59 .  46 
2080 ,  59 .  75 
2079 ,  59 .   3 
2074 ,  60 .  62 
2076 ,  59 .  61 
2077 ,  59 .  90 
2078 ,  60 .  19 
2074 ,  60 .  19 
2076 ,  59 .  61 
2076 ,  59 .  61 
2082 ,  59 .  61 
2077 ,  59 .  90 
2075 ,  59 .  61 
2080 ,  60 .  19 
2079 ,  60 .   4 
2074 ,  59 .  46 
2076 ,  59 .  46 
2080 ,  60 .  19 
2079 ,  59 .  90 
2076 ,  59 .  61 
2078 ,  59 .  46 
2080 ,  60 .   4 
2081 ,  59 .   3 
2075 ,  60 .   4 
2076 ,  59 .   3 
2079 ,  59 .   3 
2082 ,  60 .   4 
2076 ,  61 .   6 
2076 ,  59 .  61 
2079 ,  59 .  17 
2079 ,  59 .  46 
2078 ,  59 .   3 
2077 ,  59 .   3 
2079 ,  59 .  90 
2080 ,  60 .  19 
2075 ,  61 .  20 
2076 ,  59 .   3 
2078 ,  59 .  61 
2079 ,  59 .  61 
2073 ,  60 .  19 
2078 ,  59 .  61 
2079 ,  59 .  61 
2079 ,  59 .   3 
2076 ,  59 .   3 
2075 ,  58 .  74 
2078 ,  59 .  61 
2082 ,  61 .   6 
2074 ,  59 .   3 
2076 ,  59 .  46 
2078 ,  60 .  19 
2079 ,  60 .   4 
2073 ,  59 .  75 
2076 ,  57 .  87 
2079 ,  60 .  77 
2077 ,  59 .   3 
2074 ,  61 .   6 
2076 ,  59 .   3 
2078 ,  60 .   4 
2081 ,  59 .  61 
2074 ,  60 .  48 
2078 ,  59 .  75 
2077 ,  59 .  61 
2080 ,  59 .  61 
2074 ,  58 .  30 
2076 ,  59 .  61 
2078 ,  60 .   4 
2078 ,  59 .   3 
2075 ,  61 .  20 
2076 ,  59 .  46 
2078 ,  59 .   3 
2079 ,  60 .  19 
2075 ,  60 .  19 
2076 ,  60 .   4 
2079 ,  59 .  61 
2079 ,  60 .  19 
2075 ,  59 .   3 
2077 ,  59 .  61 
2078 ,  60 .  19 
2081 ,  59 .  46 
2075 ,  59 .  90 
2076 ,  58 .  74 
2080 ,  60 .  19 
2080 ,  60 .  19 
2075 ,  58 .  59 
2076 ,  58 .  30 
2080 ,  59 .  46 
2081 ,  59 .   3 
2075 ,  59 .  61 
2076 ,  59 .   3 
2078 ,  59 .  75 
2081 ,  60 .  19 
2075 ,  61 .  35 
2077 ,  58 .  88 
2079 ,  59 .   3 
2078 ,  60 .  19 
2075 ,  60 .  62 
2076 ,  59 .  90 
2080 ,  59 .  61 
2076 ,  60 .  19 
2074 ,  60 .  77 
2077 ,  59 .   3 
2082 ,  59 .  75 
2077 ,  59 .  61 
2075 ,  60 .  19 
2077 ,  60 .   4 
2076 ,  59 .   3 
2080 ,  60 .  19 
2074 ,  59 .  75 
2075 ,  60 .   4 
2080 ,  60 .   4 
2079 ,  58 .  74 
2075 ,  60 .   4 
2074 ,  59 .  75 
2080 ,  61 .  35 
2080 ,  59 .  46 
2075 ,  59 .  75 
2077 ,  59 .   3 
2080 ,  58 .  88 
2080 ,  60 .  19 
2073 ,  60 .   4 
2077 ,  59 .   3 
2080 ,  60 .  19 
2079 ,  59 .  61 
2073 ,  60 .  62 
2076 ,  60 .  62 
2079 ,  60 .  19 
2079 ,  59 .  75 
2074 ,  61 .  35 
2077 ,  59 .   3 
2080 ,  59 .  61 
2078 ,  59 .  90 
2073 ,  60 .  77 
2076 ,  59 .  46 
2082 ,  60 .  19 
2077 ,  59 .  75 
2073 ,  59 .  75 
2078 ,  60 .  48 
2080 ,  58 .  30 
2080 ,  58 .  45 
2073 ,  58 .  59 
2077 ,  59 .  75 
2082 ,  60 .   4 
2077 ,  59 .   3 
2074 ,  61 .  20 
2077 ,  59 .  61 
2080 ,  59 .  90 
2081 ,  59 .  46 
2074 ,  60 .  77 
2077 ,  59 .  61 
2082 ,  59 .  61 
2079 ,  59 .   3 
2073 ,  60 .   4 
2078 ,  59 .  90 
2079 ,  59 .   3 
2078 ,  59 .  90 
2074 ,  61 .  35 
2074 ,  59 .  61 
2081 ,  59 .  46 
2076 ,  59 .  61 
2074 ,  60 .  19 
2077 ,  59 .   3 
2082 ,  60 .   4 
2079 ,  59 .  90 
2073 ,  61 .   6 
2078 ,  59 .  46 
2074 ,  60 .   4 
2078 ,  60 .  62 
2074 ,  59 .  32 
2077 ,  59 .  46 
2081 ,  59 .  90 
2077 ,  59 .   3 
2075 ,  60 .  62 
2078 ,  59 .   3 
2082 ,  59 .  61 
2077 ,  60 .  19 
2077 ,  60 .   4 
2078 ,  59 .  61 
2081 ,  59 .  46 
2077 ,  59 .   3 
2077 ,  60 .   4 
2074 ,  60 .  19 
2079 ,  58 .  45 
2076 ,  59 .  61 
2075 ,  59 .  75 
2076 ,  59 .  61 
2080 ,  60 .   4 
2081 ,  59 .  32 
2075 ,  60 .  77 
2076 ,  59 .  61 
2080 ,  59 .  61 
2078 ,  61 .  35 
2074 ,  60 .  77 
2078 ,  59 .  61 
2081 ,  60 .  62 
2077 ,  60 .   4 
2075 ,  60 .  62 
2077 ,  59 .  61 
2081 ,  59 .  46 
2080 ,  59 .  75 
2074 ,  59 .  32 
2078 ,  60 .   4 
2081 ,  59 .  61 
2080 ,  59 .  90 
2075 ,  59 .  61 
2078 ,  59 .  75 
2080 ,  59 .   3 
2080 ,  59 .  75 
2073 ,  60 .  77 
2079 ,  60 .   4 
2081 ,  59 .  61 
2077 ,  59 .  75 
2074 ,  60 .  19 
2077 ,  59 .  46 
2077 ,  60 .  19 
2078 ,  59 .  90 
2074 ,  59 .  61 
2077 ,  60 .   4 
2077 ,  59 .  61 
2078 ,  60 .  19 
2074 ,  60 .  19 
2077 ,  59 .   3 
2080 ,  59 .  46 
2078 ,  60 .  19 
2073 ,  60 .  77 
2077 ,  59 .  90 
2080 ,  60 .   4 
2074 ,  60 .  19 
2069 ,  59 .  61 
2069 ,  59 .  46 
2070 ,  59 .   3 
2062 ,  59 .  90 
2057 ,  60 .  19 
2063 ,  59 .  61 
2063 ,  60 .  19 
2060 ,  59 .  61 
2058 ,  59 .  61 
2061 ,  59 .  90 
2064 ,  59 .  75 
2063 ,  60 .   4 
2058 ,  60 .  77 
2061 ,  60 .   4 
2066 ,  59 .  90 
2059 ,  60 .  77 
2059 ,  59 .  61 
2062 ,  60 .  19 
2065 ,  59 .   3 
2061 ,  60 .  19 
2060 ,  60 .  19 
2060 ,  60 .  19 
2062 ,  59 .  46 
2059 ,  59 .  61 
2058 ,  59 .  61 
2058 ,  59 .  90 
2064 ,  59 .  61 
2060 ,  60 .  77 
2056 ,  60 .  77 
2059 ,  59 .  61 
2066 ,  60 .  19 
2062 ,  59 .  61 
2057 ,  60 .  19 
2062 ,  59 .  61 
2064 ,  59 .  46 
2059 ,  59 .  61 
2058 ,  60 .   4 
2059 ,  59 .  46 
2062 ,  59 .  90 
2060 ,  60 .  62 
2056 ,  60 .   4 
2060 ,  59 .   3 
2063 ,  59 .  61 
2061 ,  59 .  61 
2056 ,  60 .  77 
2060 ,  60 .  19 
2063 ,  59 .   3 
2059 ,  59 .  61 
2056 ,  60 .  62 
2060 ,  59 .  61 
2063 ,  59 .  61 
2061 ,  60 .   4 
2057 ,  59 .  90 
2065 ,  60 .   4 
2070 ,  59 .  75 
2069 ,  60 .   4 
2072 ,  60 .  62 
2074 ,  60 .  19 
2077 ,  59 .   3 
2076 ,  59 .  46 
2071 ,  60 .  77 
2077 ,  59 .  61 
2078 ,  59 .  75 
2077 ,  59 .   3 
2074 ,  60 .   4 
2075 ,  59 .  46 
2079 ,  60 .   4 
2079 ,  60 .  19 
2072 ,  60 .  77 
2077 ,  59 .  46 
2080 ,  59 .  32 
2075 ,  60 .  19 
2073 ,  59 .  32 
2076 ,  59 .  75 
2082 ,  60 .  91 
2080 ,  60 .  19 
2074 ,  61 .   6 
2077 ,  59 .  61 
2082 ,  59 .  46 
2077 ,  60 .  77 
2073 ,  60 .  77 
2078 ,  60 .  19 
2080 ,  59 .  75 
2077 ,  59 .  61 
2074 ,  60 .  19 
2077 ,  59 .  90 
2081 ,  60 .  19 
2079 ,  60 .   4 
2078 ,  60 .  19 
2077 ,  59 .  75 
2079 ,  61 .   6 
2072 ,  60 .  48 
2073 ,  61 .   6 
2080 ,  60 .   4 
2079 ,  59 .  46 
2076 ,  59 .   3 
2074 ,  60 .  19 
2078 ,  60 .  19 
2081 ,  60 .  19 
2076 ,  59 .  61 
2074 ,  60 .  62 
2079 ,  59 .  75 
2079 ,  60 .  19 
2077 ,  58 .  45 
2069 ,  59 .  90 
2069 ,  59 .  61 
2070 ,  59 .  46 
2066 ,  60 .  19 
2057 ,  60 .  19 
2061 ,  59 .   3 
2066 ,  59 .  46 
2060 ,  59 .  75 
2057 ,  59 .  61 
2062 ,  59 .  61 
2064 ,  59 .  90 
2060 ,  59 .  32 
2058 ,  60 .  19 
2062 ,  60 .  19 
2065 ,  59 .  46 
2060 ,  59 .  61 
2058 ,  60 .  77 
2060 ,  59 .  61 
2061 ,  59 .  32 
2059 ,  60 .  19 
2056 ,  61 .  20 
2061 ,  60 .   4 
2064 ,  60 .   4 
2059 ,  58 .  45 
2058 ,  60 .  62 
2061 ,  60 .   4 
2064 ,  59 .  46 
2061 ,  59 .  61 
2061 ,  60 .  19 
2068 ,  59 .   3 
2075 ,  59 .  61 
2073 ,  60 .  19 
2070 ,  59 .  61 
2076 ,  60 .   4 
2078 ,  59 .  75 
2073 ,  59 .  90 
2072 ,  60 .  77 
2077 ,  59 .  75 
2077 ,  59 .  61 
2076 ,  61 .  78 
2070 ,  60 .  62 
2078 ,  59 .  61 
2079 ,  60 .  19 
2075 ,  59 .  75 
2074 ,  60 .  62 
2078 ,  59 .   3 
2078 ,  59 .  46 
2074 ,  60 .   4 
2073 ,  60 .  77 
2076 ,  59 .  61 
2080 ,  60 .  91 
2076 ,  61 .  35 
2075 ,  58 .  88 
2078 ,  59 .  61 
2082 ,  61 .  20 
2077 ,  58 .  59 
2074 ,  60 .  77 
2078 ,  59 .  61 
2077 ,  59 .  61 
2075 ,  60 .  62 
2073 ,  59 .  61 
2078 ,  59 .  61 
2081 ,  59 .  61 
2077 ,  59 .  61 
2074 ,  60 .  19 
2077 ,  60 .   4 
2078 ,  59 .  61 
2078 ,  61 .   6 
2072 ,  59 .   3 
2077 ,  60 .   4 
2079 ,  59 .  61 
2076 ,  60 .  19 
2071 ,  60 .  19 
2072 ,  60 .   4 
2069 ,  60 .   4 
2062 ,  60 .   4 
2058 ,  60 .  19 
2063 ,  59 .  46 
2065 ,  59 .  61 
2062 ,  61 .  20 
2057 ,  60 .  91 
2066 ,  59 .  75 
2064 ,  59 .  61 
2057 ,  58 .  16 
2057 ,  60 .  91 
2061 ,  59 .  75 
2064 ,  60 .  19 
2061 ,  60 .  62 
2055 ,  60 .  77 
2063 ,  60 .  19 
2063 ,  59 .  46 
2057 ,  59 .  61 
2057 ,  60 .  19 
2063 ,  60 .   4 
2063 ,  59 .  90 
2060 ,  59 .  61 
2058 ,  61 .  20 
2060 ,  57 .  87 
2064 ,  60 .  19 
2058 ,  60 .  19 
2058 ,  59 .  75 
2062 ,  59 .  46 
2063 ,  59 .  46 
2058 ,  60 .  19 
2056 ,  61 .  20 
2061 ,  59 .  61 
2062 ,  60 .  19 
2060 ,  60 .  19 
2057 ,  60 .  77 
2060 ,  59 .   3 
2063 ,  59 .  90 
2061 ,  59 .  90 
2057 ,  59 .  46 
2061 ,  59 .  46 
2065 ,  58 .  45 
2056 ,  60 .  19 
2056 ,  61 .   6 
2061 ,  60 .  19 
2063 ,  59 .  61 
2056 ,  60 .  77 
2058 ,  61 .  20 
2063 ,  59 .  17 
2059 ,  59 .  90 
2060 ,  59 .  61 
2055 ,  59 .  61 
2061 ,  59 .  90 
2064 ,  58 .  45 
2056 ,  60 .  19 
2057 ,  59 .  90 
2061 ,  59 .  61 
2063 ,  60 .  19 
2057 ,  59 .  61 
2055 ,  60 .  77 
2062 ,  60 .  91 
2066 ,  60 .  62 
2061 ,  60 .  77 
2064 ,  60 .  62 
2073 ,  60 .  19 
2077 ,  59 .  61 
2076 ,  59 .   3 
2071 ,  59 .  46 
2077 ,  59 .  46 
2077 ,  60 .   4 
2076 ,  60 .  62 
2072 ,  61 .  20 
2078 ,  58 .  88 
2080 ,  60 .  62 
2072 ,  59 .   3 
2074 ,  60 .  77 
2078 ,  59 .  61 
2081 ,  59 .  61 
2075 ,  60 .  19 
2074 ,  60 .  62 
2079 ,  60 .  19 
2080 ,  60 .  19 
2078 ,  59 .  75 
2074 ,  59 .  61 
2080 ,  60 .   4 
2081 ,  60 .   4 
2076 ,  61 .  20 
2074 ,  60 .  19 
2080 ,  59 .  75 
2079 ,  59 .   3 
2078 ,  59 .  75 
2073 ,  62 .  51 
2080 ,  58 .  88 
2082 ,  60 .  62 
2073 ,  58 .  16 
2075 ,  60 .   4 
2079 ,  59 .  75 
2081 ,  59 .  61 
2075 ,  60 .  91 
2074 ,  60 .  62 
2079 ,  59 .   3 
2082 ,  60 .   4 
2075 ,  60 .  19 
2076 ,  60 .  77 
2078 ,  59 .  46 
2082 ,  60 .   4 
2073 ,  59 .  90 
2076 ,  60 .   4 
2080 ,  60 .   4 
2081 ,  59 .  75 
2076 ,  60 .  62 
2075 ,  60 .  77 
2081 ,  60 .  19 
2080 ,  59 .  61 
2073 ,  58 .  88 
2076 ,  60 .  48 
2080 ,  59 .  61 
2081 ,  59 .  75 
2076 ,  60 .   4 
2075 ,  59 .  46 
2079 ,  60 .  19 
2080 ,  59 .  75 
2072 ,  60 .  19 
2074 ,  60 .  62 
2077 ,  59 .   3 
2081 ,  59 .  61 
2074 ,  60 .   4 
2073 ,  60 .  62 
2078 ,  60 .  62 
2081 ,  58 .  74 
2077 ,  59 .  61 
2074 ,  60 .  91 
2078 ,  60 .  77 
2079 ,  59 .  90 
2076 ,  59 .  61 
2074 ,  61 .  35 
2078 ,  59 .   3 
2080 ,  59 .  32 
2075 ,  59 .   3 
2067 ,  60 .  19 
2070 ,  59 .  46 
2070 ,  60 .   4 
2061 ,  59 .   3 
2058 ,  60 .  77 
2063 ,  59 .   3 
2065 ,  59 .  61 
2059 ,  60 .  91 
2058 ,  59 .  46 
2065 ,  60 .  19 
2064 ,  60 .  19 
2063 ,  60 .  19 
2058 ,  59 .  61 
2064 ,  59 .  90 
2064 ,  59 .  61 
2060 ,  60 .  77 
2060 ,  59 .  61 
2069 ,  59 .  61 
2070 ,  59 .  61 
2070 ,  59 .  75 
2070 ,  60 .  19 
2076 ,  60 .  48 
2074 ,  60 .  19 
2068 ,  59 .  61 
2062 ,  60 .  62 
2064 ,  59 .   3 
2066 ,  59 .  61 
2057 ,  61 .  35 
2057 ,  60 .  77 
2064 ,  60 .  62 
2064 ,  60 .   4 
2058 ,  60 .  62 
2058 ,  61 .  35 
2063 ,  60 .   4 
2063 ,  59 .  75 
2059 ,  59 .   3 
2059 ,  61 .  20 
2062 ,  59 .  75 
2063 ,  59 .  61 
2058 ,  60 .  91 
2058 ,  61 .  35 
2063 ,  59 .  46 
2062 ,  58 .  74 
2058 ,  59 .  46 
2059 ,  60 .  19 
2063 ,  60 .  19 
2065 ,  59 .  32 
2057 ,  60 .   4 
2056 ,  60 .  19 
2061 ,  59 .   3 
2068 ,  60 .  19 
2068 ,  60 .  62 
2070 ,  59 .  61 
2080 ,  60 .   4 
2077 ,  59 .  61 
2072 ,  59 .  61 
2074 ,  60 .  62 
2078 ,  59 .   3 
2081 ,  59 .  61 
2071 ,  60 .  19 
2074 ,  60 .  77 
2078 ,  59 .  61 
2079 ,  58 .  88 
2072 ,  58 .  74 
2075 ,  60 .   4 
2080 ,  60 .  19 
2079 ,  59 .   3 
2072 ,  59 .  90 
2074 ,  60 .  19 
2080 ,  60 .  77 
2080 ,  59 .  90 
2073 ,  60 .  19 
2072 ,  60 .   4 
2077 ,  59 .  61 
2079 ,  59 .   3 
2074 ,  60 .  19 
2073 ,  59 .  75 
2078 ,  60 .  62 
2080 ,  60 .  77 
2076 ,  58 .  74 
2077 ,  60 .  19 
2080 ,  60 .  48 
2079 ,  59 .   3 
2076 ,  57 .  72 
2075 ,  60 .  19 
2078 ,  60 .  19 
2079 ,  59 .  90 
2072 ,  60 .  19 
2074 ,  60 .   4 
2078 ,  60 .   4 
2080 ,  60 .   4 
2076 ,  60 .  77 
2075 ,  60 .  62 
2080 ,  60 .   4 
2081 ,  59 .  90 
2074 ,  60 .  77 
2075 ,  61 .  20 
2081 ,  60 .  19 
2080 ,  60 .  19 
2074 ,  60 .   4 
2076 ,  61 .  35 
2080 ,  59 .   3 
2082 ,  60 .  19 
2076 ,  61 .  20 
2075 ,  60 .  19 
2079 ,  60 .  19 
2080 ,  59 .   3 
2074 ,  59 .  46 
2074 ,  60 .  19 
2081 ,  59 .  61 
2082 ,  60 .  19 
2077 ,  58 .  30 
2075 ,  60 .  77 
2080 ,  61 .  78 
2081 ,  60 .  19 
2075 ,  59 .  61 
2074 ,  60 .  19 
2080 ,  60 .  19 
2080 ,  60 .  19 
2073 ,  59 .  75 
2076 ,  60 .  19 
2081 ,  60 .   4 
2080 ,  59 .  61 
2075 ,  60 .  19 
2075 ,  60 .  77 
2079 ,  59 .  75 
2082 ,  60 .  19 
2075 ,  60 .  19 
2075 ,  60 .  77 
2080 ,  60 .   4 
2081 ,  60 .   4 
2073 ,  60 .  77 
2075 ,  60 .  19 
2080 ,  60 .   4 
2080 ,  59 .  90 
2075 ,  60 .  19 
2076 ,  61 .   6 
2078 ,  59 .  32 
2082 ,  59 .  46 
2078 ,  60 .  77 
2075 ,  60 .  48 
2080 ,  60 .  19 
2082 ,  60 .  19 
2077 ,  59 .  75 
2073 ,  60 .  19 
2080 ,  60 .  19 
2082 ,  60 .  19 
2074 ,  61 .  20 
2076 ,  59 .  61 
2080 ,  60 .  19 
2080 ,  59 .  46 
2074 ,  57 .  72 
2074 ,  60 .   4 
2079 ,  60 .   4 
2079 ,  59 .   3 
2076 ,  59 .  90 
2075 ,  60 .  62 
2079 ,  60 .  19 
2081 ,  60 .   4 
2076 ,  60 .  19 
2075 ,  61 .   6 
2081 ,  60 .  19 
2080 ,  60 .   4 
2072 ,  59 .  90 
2073 ,  60 .   4 
2080 ,  60 .  19 
2081 ,  60 .  19 
2073 ,  61 .   6 
2074 ,  60 .  19 
2080 ,  60 .  91 
2081 ,  60 .  19 
2076 ,  58 .  88 
2073 ,  60 .  19 
2079 ,  59 .  61 
2080 ,  60 .  19 
2075 ,  59 .   3 
2073 ,  60 .  19 
2080 ,  59 .  61 
2080 ,  60 .  19 
2073 ,  59 .  46 
2073 ,  59 .  75 
2080 ,  60 .  62 
2079 ,  59 .  90 
2072 ,  60 .   4 
2074 ,  60 .  91 
2080 ,  60 .  19 
2080 ,  59 .  75 
2073 ,  59 .  61 
2074 ,  61 .  93 
2078 ,  60 .  19 
2079 ,  59 .  90 
2073 ,  60 .  19 
2075 ,  61 .  78 
2079 ,  59 .  75 
2081 ,  59 .  61 
2078 ,  60 .  77 
2074 ,  61 .  20 
2082 ,  60 .  19 
2082 ,  60 .  19 
2074 ,  60 .  19 
2075 ,  60 .   4 
2080 ,  60 .  19 
2080 ,  60 .  77 
2076 ,  60 .  77 
2074 ,  60 .  19 
2082 ,  61 .  20 
2081 ,  59 .  90 
2076 ,  58 .   1 
2076 ,  61 .  35 
2080 ,  60 .  62 
2081 ,  58 .  88 
2076 ,  60 .  19 
2075 ,  60 .  91 
2082 ,  62 .  36 
2079 ,  56 .  71 
2073 ,  59 .  46 
2074 ,  60 .  19 
2078 ,  60 .  77 
2079 ,  60 .  19 
2073 ,  60 .  19 
2075 ,  61 .  20 
2080 ,  60 .   4 
2079 ,  58 .  74 
2074 ,  59 .  61 
2073 ,  61 .  20 
2079 ,  59 .  90 
2081 ,  60 .  62 
2075 ,  60 .  62 
2075 ,  60 .  19 
2081 ,  60 .  19 
2082 ,  60 .  91 
2074 ,  60 .  62 
2073 ,  60 .  19 
2079 ,  59 .  90 
2080 ,  60 .  19 
2078 ,  61 .  35 
2076 ,  60 .  19 
2081 ,  60 .  19 
2080 ,  60 .  19 
2074 ,  60 .  62 
2073 ,  59 .  90 
2079 ,  60 .   4 
2082 ,  60 .  19 
2074 ,  60 .  19 
2075 ,  60 .  19 
2082 ,  60 .   4 
2078 ,  60 .  91 
2075 ,  60 .  62 
2077 ,  59 .  75 
2080 ,  60 .  48 
2078 ,  60 .   4 
2073 ,  60 .  19 
2075 ,  60 .   4 
2079 ,  59 .  90 
2081 ,  60 .  19 
2072 ,  60 .  77 
2077 ,  61 .  35 
2079 ,  59 .  61 
2080 ,  60 .   4 
2073 ,  59 .  61 
2076 ,  61 .   6 
2080 ,  60 .   4 
2078 ,  59 .   3 
2078 ,  60 .  19 
2076 ,  60 .   4 
2081 ,  58 .  45 
2080 ,  59 .  46 
2076 ,  60 .  77 
2074 ,  60 .  19 
2081 ,  60 .  19 
2080 ,  59 .  61 
2076 ,  60 .   4 
2073 ,  59 .  32 
2080 ,  61 .   6 
2080 ,  60 .  19 
2073 ,  61 .  35 
2075 ,  60 .  77 
2080 ,  59 .  46 
2079 ,  59 .  61 
2078 ,  62 .   7 
2074 ,  60 .  77 
2082 ,  59 .  46 
2080 ,  60 .   4 
2077 ,  59 .  61 
2078 ,  59 .  61 
2079 ,  61 .  35 
2080 ,  60 .  19 
2073 ,  59 .  61 
2073 ,  60 .  19 
2079 ,  59 .  61 
2080 ,  58 .  88 
2076 ,  59 .  46 
2076 ,  60 .   4 
2081 ,  60 .   4 
2076 ,  61 .  20 
2076 ,  59 .  46 
2075 ,  60 .   4 
2082 ,  61 .   6 
2079 ,  60 .  19 
2076 ,  61 .  20 
2074 ,  60 .  19 
2081 ,  60 .  91 
2076 ,  59 .   3 
2076 ,  59 .  75 
2076 ,  61 .  93 
2081 ,  60 .  19 
2081 ,  60 .   4 
2074 ,  60 .  62 
2077 ,  61 .  35 
2080 ,  60 .   4 
2080 ,  59 .   3 
2077 ,  58 .  88 
2073 ,  58 .  30 
2082 ,  60 .  19 
2079 ,  60 .  62 
2074 ,  60 .   4 
2078 ,  59 .  61 
2080 ,  59 .  75 
2081 ,  60 .  19 
2078 ,  62 .   7 
2076 ,  60 .  19 
2080 ,  60 .  19 
2082 ,  60 .  19 
2078 ,  60 .  19 
2076 ,  60 .  91 
2080 ,  60 .  77 
2079 ,  60 .  19 
2077 ,  60 .  62 
2073 ,  60 .  91 
2081 ,  59 .  90 
2079 ,  56 .  56 
2072 ,  60 .  62 
2075 ,  60 .  77 
2080 ,  59 .  61 
2080 ,  60 .  19 
2078 ,  59 .  75 
2075 ,  59 .   3 
2080 ,  60 .  19 
2080 ,  60 .  19 
2074 ,  61 .   6 
2074 ,  60 .  19 
2081 ,  60 .  62 
2081 ,  59 .  90 
2074 ,  59 .  46 
2074 ,  60 .  19 
2080 ,  60 .  19 
2080 ,  60 .  19 
2076 ,  59 .  46 
2075 ,  60 .  77 
2081 ,  60 .  77 
2075 ,  60 .   4 
2073 ,  61 .  20 
2076 ,  60 .  77 
2079 ,  59 .  46 
2077 ,  59 .  61 
2076 ,  60 .  62 
2074 ,  61 .  35 
2080 ,  60 .  19 
2080 ,  59 .  90 
2073 ,  58 .  88 
2074 ,  61 .  35 
2082 ,  59 .  61 
2079 ,  60 .   4 
2077 ,  60 .   4 
2075 ,  60 .  19 
2081 ,  59 .  75 
2078 ,  59 .  61 
2074 ,  60 .  19 
2075 ,  60 .  62 
2079 ,  59 .  61 
2080 ,  60 .  19 
2073 ,  61 .  20 
2073 ,  60 .  19 
2082 ,  60 .  19 
2080 ,  61 .  20 
2073 ,  60 .  19 
2075 ,  59 .  90 
2082 ,  60 .   4 
2080 ,  59 .  75 
2073 ,  60 .  19 
2075 ,  60 .  77 
2081 ,  59 .  75 
2079 ,  59 .  61 
2074 ,  60 .  91 
2074 ,  61 .  35 
2080 ,  59 .  61 
2080 ,  60 .  19 
2075 ,  60 .   4 
2075 ,  60 .  19 
2081 ,  60 .  19 
2080 ,  60 .   4 
2076 ,  60 .  19 
2075 ,  59 .  46 
2081 ,  60 .  62 
2080 ,  60 .  77 
2076 ,  59 .   3 
2074 ,  60 .  77 
2081 ,  60 .  19 
2077 ,  60 .  19 
2073 ,  60 .  19 
2078 ,  60 .  19 
2080 ,  60 .  62 
2079 ,  59 .  32 
2073 ,  60 .  19 
2075 ,  60 .  62 
2082 ,  59 .  90 
2079 ,  58 .  88 
2076 ,  60 .   4 
2072 ,  60 .  19 
2079 ,  59 .  32 
2080 ,  61 .  78 
2073 ,  60 .  19 
2075 ,  61 .  20 
2080 ,  60 .  19 
2080 ,  60 .  19 
2072 ,  60 .  48 
2074 ,  61 .  20 
2080 ,  60 .   4 
2077 ,  60 .   4 
2074 ,  60 .   4 
2075 ,  61 .   6 
2079 ,  60 .  62 
2080 ,  60 .  91 
2075 ,  60 .  62 
2076 ,  60 .  48 
2080 ,  60 .   4 
2078 ,  59 .  61 
2076 ,  60 .  19 
2074 ,  60 .  77 
2080 ,  60 .  19 
2077 ,  59 .  75 
2074 ,  60 .  19 
2076 ,  60 .  91 
2080 ,  60 .  62 
2078 ,  60 .  19 
2071 ,  58 .  88 
2074 ,  60 .  77 
2081 ,  60 .  19 
2079 ,  60 .  19 
2074 ,  60 .  77 
2074 ,  61 .  35 
2078 ,  58 .  88 
2079 ,  60 .  19 
2074 ,  60 .  19 
2078 ,  60 .  62 
2079 ,  59 .  61 
2080 ,  59 .  61 
2073 ,  60 .  62 
2076 ,  61 .  20 
2082 ,  60 .  91 
2080 ,  60 .  77 
2073 ,  60 .  19 
2073 ,  61 .  78 
2082 ,  60 .  91 
2080 ,  61 .  20 
2077 ,  59 .  90 
2076 ,  60 .  19 
2080 ,  60 .  19 
2082 ,  60 .  19 
2076 ,  60 .  19 
2076 ,  59 .  75 
2082 ,  60 .  77 
2080 ,  60 .  19 
2074 ,  58 .  45 
2075 ,  61 .  35 
2080 ,  60 .  19 
2075 ,  60 .  19 
2075 ,  59 .  61 
2075 ,  60 .  19 
2080 ,  59 .  75 
2079 ,  59 .  75 
2074 ,  60 .  91 
2078 ,  60 .  19 
2082 ,  60 .  19 
2079 ,  59 .  90 
2075 ,  60 .  19 
2076 ,  61 .  78 
2081 ,  60 .   4 
2077 ,  59 .  46 
2074 ,  61 .  35 
2077 ,  60 .  77 
2080 ,  60 .  19 
2080 ,  59 .  17 
2074 ,  60 .  19 
2075 ,  61 .  93 
2081 ,  60 .  19 
2080 ,  60 .   4 
2074 ,  58 .  59 
2075 ,  60 .  19 
2080 ,  60 .   4 
2076 ,  60 .  19 
2076 ,  59 .  61 
2074 ,  60 .  19 
2082 ,  60 .  19 
2078 ,  60 .   4 
2073 ,  60 .  19 
2076 ,  59 .  61 
2082 ,  61 .  20 
2079 ,  60 .  19 
2072 ,  61 .  93 
2076 ,  60 .  19 
2080 ,  60 .  19 
2079 ,  60 .  19 
2073 ,  60 .  48 
2076 ,  60 .  91 
2082 ,  60 .  19 
2078 ,  59 .  61 
2075 ,  60 .  77 
2076 ,  60 .  62 
2079 ,  59 .  61 
2078 ,  60 .  19 
2075 ,  61 .  20 
2074 ,  61 .   6 
2082 ,  60 .  62 
2078 ,  59 .  61 
2073 ,  60 .  19 
2080 ,  61 .  20 
2081 ,  60 .  19 
2078 ,  59 .  61 
2076 ,  59 .  61 
2074 ,  60 .  62 
2079 ,  59 .  75 
2080 ,  60 .  62 
2076 ,  59 .  61 
2075 ,  59 .  61 
2079 ,  60 .  19 
2076 ,  59 .  90 
2076 ,  59 .   3 
2076 ,  61 .  78 
2081 ,  60 .  19 
2078 ,  60 .  77 
2074 ,  60 .   4 
2075 ,  60 .  19 
2081 ,  60 .   4 
2080 ,  59 .  75 
2076 ,  59 .  90 
2073 ,  59 .  61 
2082 ,  61 .  35 
2079 ,  59 .  90 
2072 ,  59 .   3 
2078 ,  61 .  35 
2081 ,  59 .  61 
2078 ,  59 .  61 
2074 ,  60 .  91 
2077 ,  61 .  35 
2081 ,  59 .  90 
2080 ,  59 .  61 
2073 ,  61 .  35 
2077 ,  60 .  77 
2082 ,  61 .  20 
2077 ,  60 .  19 
2074 ,  60 .  19 
2076 ,  60 .  62 
2081 ,  60 .  19 
2079 ,  60 .  19 
2073 ,  59 .  61 
2078 ,  61 .  20 
2081 ,  59 .  61 
2077 ,  60 .  19 
2076 ,  60 .  19 
2076 ,  60 .   4 
2081 ,  60 .  19 
2080 ,  60 .   4 
2073 ,  60 .  19 
2076 ,  60 .  77 
2082 ,  60 .   4 
2077 ,  59 .  75 
2075 ,  59 .  61 
2078 ,  60 .  77 
2080 ,  60 .   4 
2080 ,  60 .   4 
2072 ,  60 .  77 
2076 ,  61 .  20 
2082 ,  60 .  77 
2078 ,  60 .  19 
2073 ,  60 .  77 
2076 ,  61 .  93 
2079 ,  59 .  46 
2079 ,  60 .   4 
2076 ,  60 .   4 
2076 ,  61 .  35 
2081 ,  60 .  19 
2077 ,  60 .   4 
2075 ,  59 .  75 
2076 ,  60 .  19 
2080 ,  60 .  62 
2079 ,  60 .  48 
2072 ,  61 .  35 
2076 ,  60 .  91 
2082 ,  60 .  62 
2076 ,  60 .  19 
2071 ,  60 .  19 
2078 ,  58 .  88 
2083 ,  59 .  75 
2076 ,  59 .   3 
2074 ,  60 .  77 
2073 ,  60 .  19 
2080 ,  59 .  90 
2077 ,  59 .  90 
2074 ,  60 .   4 
2074 ,  60 .  62 
2079 ,  60 .  19 
2078 ,  60 .  77 
2075 ,  60 .   4 
2076 ,  60 .  62 
2080 ,  61 .   6 
2076 ,  60 .  19 
2075 ,  59 .  61 
2075 ,  61 .  35 
2080 ,  59 .  46 
2076 ,  60 .  19 
2074 ,  61 .  78 
2074 ,  60 .  62 
2079 ,  59 .  90 
2076 ,  60 .   4 
2072 ,  59 .  61 
2075 ,  61 .   6 
2080 ,  60 .  91 
2078 ,  60 .  19 
2074 ,  59 .  90 
2075 ,  59 .   3 
2081 ,  60 .  19 
2078 ,  60 .  62 
2076 ,  59 .   3 
2076 ,  61 .  35 
2080 ,  59 .  46 
2076 ,  60 .  19 
2073 ,  60 .  19 
2076 ,  61 .  20 
2080 ,  60 .  19 
2076 ,  60 .  19 
2072 ,  60 .  19 
2076 ,  60 .  19 
2082 ,  60 .  77 
2077 ,  60 .   4 
2073 ,  60 .  62 
2076 ,  61 .  35 
2081 ,  60 .   4 
2078 ,  60 .  77 
2073 ,  60 .  77 
2078 ,  61 .  35 
2077 ,  60 .   4 
2069 ,  58 .  74 
2065 ,  60 .  77 
2062 ,  61 .  20 
2068 ,  60 .  19 
2064 ,  60 .  19 
2060 ,  60 .  19 
2063 ,  61 .  20 
2064 ,  59 .  61 
2064 ,  60 .  19 
2059 ,  61 .  35 
2060 ,  59 .   3 
2067 ,  60 .  62 
2062 ,  60 .  19 
2060 ,  59 .  90 
2059 ,  60 .  19 
2066 ,  61 .  35 
2059 ,  60 .  19 
2060 ,  60 .   4 
2062 ,  60 .  19 
2064 ,  60 .   4 
2059 ,  61 .  35 
2059 ,  60 .  91 
2062 ,  60 .  77 
2064 ,  59 .  61 
2062 ,  60 .   4 
2061 ,  59 .  61 
2060 ,  61 .  35 
2064 ,  60 .  19 
2060 ,  60 .  77 
2057 ,  61 .   6 
2062 ,  61 .  20 
2064 ,  59 .  90 
2061 ,  60 .  19 
2058 ,  60 .  77 
2061 ,  60 .  62 
2064 ,  60 .  19 
2061 ,  60 .  19 
2058 ,  60 .  19 
2059 ,  60 .  19 
2064 ,  59 .  90 
2061 ,  59 .   3 
2062 ,  60 .  77 
2060 ,  60 .  19 
2065 ,  60 .   4 
2060 ,  60 .  62 
2059 ,  59 .  90 
2061 ,  61 .  35 
2066 ,  60 .  62 
2062 ,  60 .   4 
2059 ,  60 .  19 
2062 ,  60 .  77 
2066 ,  59 .  75 
2063 ,  60 .   4 
2061 ,  60 .  19 
2062 ,  61 .  35 
2066 ,  60 .  19 
2062 ,  60 .  62 
2057 ,  59 .  90 
2060 ,  61 .  35 
2064 ,  60 .  62 
2061 ,  60 .  77 
2058 ,  60 .  77 
2061 ,  60 .  91 
2065 ,  59 .  90 
2062 ,  61 .   6 
2058 ,  58 .  30 
2064 ,  61 .  20 
2065 ,  59 .  90 
2065 ,  60 .  77 
2061 ,  59 .  90 
2061 ,  60 .  19 
2065 ,  60 .  19 
2063 ,  60 .  19 
2063 ,  60 .  19 
2061 ,  60 .   4 
2065 ,  60 .  19 
2063 ,  59 .  61 
2060 ,  60 .  19 
2061 ,  61 .   6 
2066 ,  60 .  19 
2063 ,  60 .  19 
2060 ,  61 .  35 
2060 ,  60 .  48 
2066 ,  60 .  77 
2062 ,  60 .  19 
2060 ,  60 .  19 
2065 ,  60 .  19 
2066 ,  60 .  91 
2062 ,  61 .  20 
2057 ,  59 .  90 
2061 ,  61 .  35 
2067 ,  60 .  91 
2063 ,  60 .  77 
2059 ,  60 .  48 
2062 ,  60 .  77 
2064 ,  60 .  62 
2061 ,  59 .  90 
2059 ,  61 .  20 
2062 ,  61 .  20 
2065 ,  60 .  77 
2063 ,  60 .  77 
2064 ,  59 .  90 
2060 ,  61 .   6 
2066 ,  61 .  20 
2060 ,  60 .   4 
2060 ,  60 .  77 
2061 ,  60 .  77 
2065 ,  59 .  61 
2062 ,  60 .  91 
2062 ,  61 .  20 
2061 ,  60 .  77 
2066 ,  60 .   4 
2059 ,  61 .  20 
2059 ,  59 .   3 
2060 ,  60 .  77 
2065 ,  60 