315 ,  48 .  15 
2314 ,  47 .  42 
2318 ,  48 .   0 
2318 ,  48 .   0 
2314 ,  49 .  45 
2309 ,  48 .  58 
2312 ,  48 .   0 
2316 ,  48 .  44 
2316 ,  47 .  42 
2312 ,  49 .   2 
2311 ,  48 .  15 
2313 ,  48 .   0 
2315 ,  48 .  44 
2303 ,  48 .  29 
2309 ,  48 .  29 
2317 ,  47 .  86 
2314 ,  47 .  86 
2312 ,  48 .  44 
2313 ,  47 .  28 
2315 ,  47 .  28 
2313 ,  47 .  28 
2311 ,  48 .  73 
2315 ,  48 .  87 
2315 ,  47 .  42 
2312 ,  47 .  42 
2314 ,  48 .  44 
2313 ,  47 .  28 
2314 ,  47 .  42 
2310 ,  48 .  29 
2310 ,  49 .  16 
2314 ,  48 .  44 
2313 ,  48 .  58 
2311 ,  46 .  26 
2312 ,  46 .  26 
2313 ,  47 .  42 
2314 ,  48 .   0 
2314 ,  48 .  44 
2319 ,  49 .   2 
2314 ,  48 .  44 
2312 ,  49 .   2 
2311 ,  47 .  86 
2311 ,  48 .  44 
2312 ,  49 .  74 
2313 ,  48 .  87 
2311 ,  48 .   0 
2311 ,  46 .  26 
2314 ,  48 .   0 
2315 ,  48 .  58 
2312 ,  48 .  58 
2312 ,  47 .  86 
2314 ,  48 .  58 
2314 ,  48 .   0 
2313 ,  48 .  44 
2312 ,  48 .  44 
2312 ,  49 .  60 
2316 ,  47 .  86 
2313 ,  47 .  42 
2310 ,  47 .  86 
2314 ,  47 .  57 
2315 ,  46 .  84 
2314 ,  47 .  28 
2314 ,  47 .  42 
2312 ,  48 .  29 
2315 ,  48 .   0 
2314 ,  49 .   2 
2312 ,  48 .  15 
2311 ,  49 .   2 
2316 ,  49 .  31 
2313 ,  47 .  28 
2309 ,  47 .  42 
2316 ,  46 .  26 
2315 ,  47 .  13 
2311 ,  47 .  42 
2310 ,  46 .  99 
2315 ,  47 .  28 
2315 ,  47 .  42 
2314 ,  48 .  87 
2309 ,  46 .  12 
2312 ,  45 .  68 
2316 ,  47 .  42 
2313 ,  46 .  26 
2309 ,  48 .   0 
2315 ,  46 .  26 
2316 ,  47 .  42 
2311 ,  46 .  26 
2312 ,  49 .   2 
2315 ,  45 .  97 
2315 ,  46 .  84 
2312 ,  46 .  26 
2311 ,  47 .  13 
2315 ,  45 .  97 
2316 ,  46 .  26 
2312 ,  48 .  44 
2309 ,  47 .  42 
2316 ,  46 .  26 
2316 ,  46 .  26 
2312 ,  46 .  26 
2313 ,  49 .   2 
2315 ,  45 .  97 
2314 ,  46 .  84 
2314 ,  46 .  84 
2314 ,  47 .  28 
2317 ,  46 .  84 
2314 ,  46 .  84 
2310 ,  47 .  42 
2311 ,  49 .  45 
2315 ,  46 .  84 
2317 ,  46 .  70 
2312 ,  48 .   0 
2308 ,  48 .   0 
2313 ,  47 .  28 
2316 ,  47 .  86 
2315 ,  48 .  15 
2310 ,  46 .  84 
2315 ,  46 .  70 
2314 ,  46 .  99 
2310 ,  46 .  26 
2311 ,  48 .  87 
2317 ,  47 .  86 
2316 ,  46 .  84 
2312 ,  48 .  15 
2310 ,  48 .  44 
2315 ,  47 .  42 
2316 ,  47 .  42 
2309 ,  47 .  42 
2312 ,  47 .  57 
2316 ,  47 .  42 
2316 ,  47 .  28 
2313 ,  47 .  42 
2313 ,  47 .  13 
2315 ,  47 .  42 
2317 ,  47 .  28 
2311 ,  46 .  84 
2310 ,  47 .  86 
2316 ,  49 .  16 
2315 ,  47 .  28 
2310 ,  46 .  99 
2312 ,  47 .  86 
2315 ,  47 .  86 
2317 ,  46 .  84 
2312 ,  47 .  42 
2310 ,  47 .  42 
2317 ,  47 .  42 
2316 ,  47 .  42 
2309 ,  48 .   0 
2312 ,  48 .  73 
2315 ,  48 .   0 
2316 ,  47 .  28 
2312 ,  47 .  86 
2312 ,  47 .  28 
2317 ,  49 .   2 
2316 ,  47 .  28 
2312 ,  49 .  31 
2313 ,  49 .  16 
2315 ,  47 .  71 
2315 ,  48 .  58 
2314 ,  46 .  26 
2311 ,  47 .  13 
2317 ,  47 .  28 
2316 ,  47 .  86 
2317 ,  48 .  29 
2310 ,  48 .  58 
2322 ,  47 .  86 
2318 ,  47 .  86 
2317 ,  48 .  73 
2313 ,  49 .   2 
2315 ,  47 .  42 
2316 ,  48 .  15 
2311 ,  48 .  29 
2314 ,  47 .  42 
2316 ,  48 .  15 
2316 ,  47 .  42 
2314 ,  48 .  58 
2313 ,  47 .  86 
2316 ,  48 .  44 
2315 ,  47 .  42 
2314 ,  48 .  44 
2312 ,  48 .  29 
2316 ,  48 .   0 
2316 ,  48 .  44 
2311 ,  48 .  58 
2311 ,  48 .   0 
2316 ,  47 .  86 
2315 ,  47 .  86 
2314 ,  49 .  74 
2311 ,  48 .  58 
2316 ,  47 .  13 
2315 ,  48 .   0 
2312 ,  48 .  73 
2311 ,  47 .  86 
2318 ,  46 .  26 
2315 ,  48 .  44 
2314 ,  48 .  15 
2310 ,  48 .  29 
2318 ,  48 .  44 
2316 ,  48 .   0 
2311 ,  48 .   0 
2313 ,  48 .  44 
2316 ,  48 .  15 
2316 ,  48 .   0 
2315 ,  48 .   0 
2313 ,  46 .  26 
2315 ,  48 .   0 
2316 ,  47 .  42 
2312 ,  48 .  44 
2311 ,  48 .  58 
2317 ,  47 .  13 
2316 ,  46 .  84 
2313 ,  47 .  86 
2313 ,  48 .  44 
2317 ,  48 .  29 
2315 ,  48 .   0 
2312 ,  49 .  74 
2312 ,  48 .  15 
2316 ,  49 .  16 
2318 ,  47 .  86 
2312 ,  47 .  42 
2315 ,  48 .   0 
2317 ,  47 .  28 
2315 ,  47 .  28 
2311 ,  47 .  42 
2313 ,  49 .   2 
2316 ,  47 .  42 
2315 ,  49 .   2 
2312 ,  48 .  44 
2313 ,  47 .  13 
2316 ,  45 .  97 
2316 ,  46 .  84 
2312 ,  47 .  42 
2313 ,  48 .  44 
2316 ,  47 .  86 
2318 ,  45 .  10 
2314 ,  46 .  12 
2315 ,  46 .  70 
2318 ,  46 .  12 
2316 ,  46 .  26 
2312 ,  46 .  70 
2313 ,  48 .  15 
2316 ,  46 .  26 
2316 ,  46 .  99 
2311 ,  48 .  15 
2313 ,  48 .  29 
2318 ,  46 .  70 
2315 ,  44 .  81 
2312 ,  46 .  84 
2314 ,  48 .   0 
2318 ,  46 .  99 
2316 ,  47 .  28 
2313 ,  47 .  42 
2314 ,  47 .  86 
2317 ,  47 .  13 
2316 ,  47 .  42 
2315 ,  46 .  70 
2315 ,  48 .  58 
2319 ,  46 .  26 
2315 ,  47 .  86 
2311 ,  47 .  28 
2314 ,  48 .  44 
2316 ,  46 .  84 
2315 ,  47 .  28 
2314 ,  47 .  28 
2312 ,  47 .  42 
2315 ,  47 .  86 
2318 ,  46 .  84 
2312 ,  46 .  99 
2314 ,  48 .  15 
2317 ,  46 .  84 
2316 ,  47 .  86 
2314 ,  46 .  84 
2316 ,  47 .  42 
2317 ,  46 .  70 
2316 ,  47 .  28 
2312 ,  46 .  70 
2315 ,  48 .   0 
2317 ,  47 .  28 
2313 ,  47 .  86 
2313 ,  47 .  28 
2313 ,  48 .  58 
2317 ,  47 .  86 
2318 ,  47 .  28 
2315 ,  47 .  42 
2313 ,  48 .   0 
2319 ,  47 .  42 
2316 ,  47 .  28 
2311 ,  47 .  86 
2312 ,  48 .  58 
2318 ,  48 .  44 
2316 ,  47 .  42 
2315 ,  48 .   0 
2314 ,  48 .  73 
2317 ,  47 .  42 
2316 ,  47 .  42 
2314 ,  47 .  42 
2313 ,  48 .   0 
2317 ,  47 .  42 
2322 ,  48 .  44 
2314 ,  47 .  28 
2315 ,  48 .   0 
2316 ,  48 .  15 
2315 ,  48 .   0 
2316 ,  46 .  84 
2315 ,  48 .  73 
2317 ,  47 .  42 
2313 ,  47 .  42 
2315 ,  48 .   0 
2313 ,  48 .   0 
2306 ,  47 .  86 
2313 ,  48 .  44 
2306 ,  47 .  42 
2316 ,  47 .  86 
2319 ,  47 .  28 
2315 ,  47 .  13 
2315 ,  48 .   0 
2312 ,  48 .  44 
2315 ,  47 .  28 
2316 ,  47 .  28 
2312 ,  47 .  13 
2315 ,  46 .  84 
2319 ,  48 .   0 
2316 ,  48 .  44 
2315 ,  47 .  86 
2315 ,  48 .  44 
2319 ,  47 .  13 
2315 ,  47 .  86 
2315 ,  47 .  42 
2314 ,  48 .  58 
2316 ,  47 .  86 
2316 ,  47 .  86 
2312 ,  47 .  42 
2315 ,  48 .   0 
2318 ,  48 .  29 
2316 ,  47 .  42 
2314 ,  47 .  86 
2316 ,  48 .   0 
2318 ,  48 .  58 
2313 ,  47 .  42 
2316 ,  47 .  42 
2317 ,  48 .  73 
2317 ,  48 .  44 
2316 ,  47 .  42 
2313 ,  47 .  71 
2313 ,  48 .   0 
2318 ,  48 .  44 
2316 ,  48 .   0 
2316 ,  47 .  42 
2314 ,  48 .  44 
2320 ,  47 .  42 
2317 ,  47 .  28 
2314 ,  45 .  54 
2315 ,  49 .  16 
2320 ,  48 .   0 
2318 ,  47 .  28 
2313 ,  48 .   0 
2315 ,  48 .  44 
2319 ,  47 .  42 
2315 ,  47 .  42 
2313 ,  48 .   0 
2316 ,  49 .  31 
2319 ,  49 .   2 
2317 ,  45 .  10 
2314 ,  50 .  47 
2315 ,  48 .   0 
2317 ,  47 .  86 
2316 ,  46 .  26 
2314 ,  46 .  26 
2315 ,  48 .  15 
2318 ,  47 .  42 
2316 ,  47 .  28 
2315 ,  47 .  28 
2316 ,  48 .  29 
2318 ,  43 .  94 
2316 ,  46 .  26 
2314 ,  48 .  58 
2316 ,  48 .  58 
2319 ,  45 .  97 
2317 ,  46 .  84 
2316 ,  46 .  12 
2316 ,  48 .  15 
2319 ,  46 .  26 
2316 ,  45 .  97 
2316 ,  45 .  83 
2316 ,  49 .  74 
2322 ,  47 .  28 
2317 ,  46 .  12 
2315 ,  45 .  97 
2318 ,  48 .   0 
2319 ,  46 .  26 
2318 ,  46 .  12 
2315 ,  47 .  86 
2316 ,  48 .   0 
2319 ,  46 .  70 
2316 ,  46 .  26 
2315 ,  47 .  28 
2316 ,  48 .  44 
2317 ,  46 .  26 
2318 ,  46 .  99 
2316 ,  47 .  42 
2315 ,  48 .  58 
2319 ,  47 .  42 
2317 ,  46 .  12 
2313 ,  47 .  42 
2318 ,  48 .  58 
2320 ,  47 .  28 
2317 ,  45 .  68 
2317 ,  47 .  42 
2315 ,  48 .  58 
2318 ,  46 .  55 
2318 ,  46 .  84 
2318 ,  47 .  13 
2317 ,  48 .   0 
2318 ,  46 .  26 
2318 ,  47 .  42 
2316 ,  47 .  13 
2317 ,  48 .  58 
2319 ,  47 .  13 
2316 ,  45 .  68 
2314 ,  49 .  74 
2316 ,  48 .   0 
2318 ,  47 .  28 
2318 ,  47 .  57 
2312 ,  46 .  26 
2316 ,  48 .   0 
2319 ,  46 .  26 
2317 ,  46 .  70 
2314 ,  46 .  26 
2317 ,  48 .  15 
2319 ,  44 .  96 
2317 ,  47 .  28 
2318 ,  46 .  99 
2317 ,  48 .   0 
2319 ,  47 .  86 
2313 ,  47 .  28 
2318 ,  47 .  86 
2316 ,  48 .   0 
2321 ,  47 .  42 
2317 ,  47 .  28 
2318 ,  47 .  28 
2321 ,  48 .  29 
2319 ,  47 .  42 
2318 ,  47 .  42 
2314 ,  46 .  84 
2319 ,  47 .  42 
2324 ,  47 .  86 
2314 ,  47 .  28 
2315 ,  47 .  28 
2318 ,  49 .  16 
2317 ,  46 .  84 
2318 ,  47 .  42 
2316 ,  46 .  84 
2318 ,  48 .   0 
2319 ,  48 .  15 
2317 ,  47 .  71 
2318 ,  46 .  99 
2318 ,  47 .  42 
2330 ,  47 .  42 
2321 ,  47 .  86 
2316 ,  48 .  44 
2317 ,  47 .  86 
2319 ,  47 .  42 
2319 ,  47 .  42 
2316 ,  47 .  42 
2317 ,  47 .  86 
2320 ,  47 .  42 
2318 ,  47 .  42 
2316 ,  47 .  42 
2318 ,  48 .   0 
2319 ,  47 .  86 
2318 ,  47 .  86 
2318 ,  47 .  57 
2317 ,  47 .  42 
2320 ,  46 .  84 
2316 ,  48 .   0 
2317 ,  47 .  42 
2317 ,  47 .  42 
2320 ,  47 .  28 
2312 ,  47 .  42 
2315 ,  47 .  42 
2320 ,  47 .  42 
2319 ,  47 .  42 
2314 ,  48 .  58 
2318 ,  47 .  28 
2317 ,  48 .   0 
2320 ,  47 .  86 
2318 ,  48 .   0 
2316 ,  47 .  28 
2316 ,  48 .  29 
2320 ,  47 .  42 
2317 ,  46 .  12 
2317 ,  48 .  58 
2319 ,  48 .   0 
2320 ,  48 .  15 
2316 ,  48 .   0 
2318 ,  47 .  42 
2318 ,  46 .  26 
2320 ,  49 .  16 
2318 ,  46 .  84 
2322 ,  47 .  42 
2319 ,  47 .  42 
2320 ,  47 .  86 
2320 ,  46 .  26 
2309 ,  47 .  42 
2317 ,  47 .  86 
2319 ,  47 .  42 
2319 ,  47 .  86 
2318 ,  47 .  57 
2320 ,  48 .   0 
2317 ,  49 .  74 
2318 ,  49 .  16 
2318 ,  47 .  42 
2318 ,  46 .  84 
2322 ,  44 .  81 
2319 ,  46 .  26 
2316 ,  47 .  42 
2320 ,  48 .  58 
2318 ,  47 .  13 
2316 ,  48 .  87 
2319 ,  46 .  26 
2318 ,  48 .  44 
2319 ,  45 .  10 
2320 ,  45 .  68 
2318 ,  46 .  12 
2318 ,  47 .  71 
2320 ,  45 .  68 
2318 ,  46 .  12 
2317 ,  45 .  97 
2319 ,  47 .  28 
2322 ,  46 .  26 
2317 ,  46 .  70 
2319 ,  46 .  26 
2319 ,  48 .  15 
2320 ,  45 .  68 
2318 ,  46 .  26 
2318 ,  46 .  26 
2317 ,  48 .  44 
2319 ,  46 .  26 
2317 ,  46 .  26 
2319 ,  46 .  84 
2320 ,  47 .  86 
2322 ,  47 .  42 
2319 ,  46 .  26 
2319 ,  46 .  70 
2321 ,  47 .  42 
2319 ,  47 .  42 
2319 ,  46 .  26 
2319 ,  46 .  26 
2319 ,  47 .  28 
2321 ,  46 .  26 
2319 ,  46 .  84 
2318 ,  47 .  42 
2318 ,  47 .  42 
2317 ,  46 .  84 
2320 ,  46 .  84 
2318 ,  47 .  28 
2316 ,  46 .  26 
2320 ,  45 .  68 
2318 ,  47 .  28 
2318 ,  46 .  26 
2318 ,  47 .  57 
2318 ,  47 .  28 
2317 ,  46 .  99 
2318 ,  47 .  28 
2320 ,  47 .  42 
2317 ,  46 .  26 
2318 ,  46 .  99 
2321 ,  46 .  26 
2318 ,  47 .  86 
2319 ,  46 .  55 
2318 ,  46 .  99 
2320 ,  46 .  99 
2320 ,  47 .  13 
2319 ,  46 .  26 
2318 ,  46 .  70 
2318 ,  47 .  13 
2320 ,  47 .  42 
2318 ,  48 .   0 
2320 ,  46 .  55 
2318 ,  47 .  42 
2318 ,  48 .  15 
2320 ,  47 .  42 
2320 ,  47 .  28 
2321 ,  47 .  71 
2318 ,  46 .  26 
2320 ,  47 .  13 
2320 ,  48 .  58 
2318 ,  46 .  70 
2316 ,  48 .  73 
2317 ,  45 .  68 
2320 ,  46 .  26 
2318 ,  46 .  84 
2318 ,  48 .  15 
2317 ,  46 .  26 
2319 ,  47 .  28 
2319 ,  48 .  15 
2319 ,  48 .  29 
2320 ,  47 .  42 
2318 ,  46 .  84 
2319 ,  46 .  26 
2320 ,  46 .  26 
2319 ,  46 .  70 
2319 ,  48 .   0 
2322 ,  48 .  15 
2320 ,  45 .  68 
2320 ,  46 .  84 
2320 ,  47 .  42 
2319 ,  46 .  70 
2321 ,  48 .   0 
2320 ,  47 .  42 
2320 ,  47 .  42 
2321 ,  46 .  99 
2322 ,  47 .  28 
2321 ,  47 .  42 
2320 ,  47 .  13 
2320 ,  48 .   0 
2318 ,  47 .  86 
2318 ,  47 .  42 
2316 ,  47 .  42 
2321 ,  46 .  84 
2320 ,  49 .  45 
2317 ,  46 .  55 
2320 ,  46 .  12 
2319 ,  46 .  99 
2319 ,  45 .  83 
2317 ,  46 .  26 
2319 ,  47 .  28 
2318 ,  47 .  42 
2319 ,  46 .  12 
2320 ,  47 .  28 
2320 ,  48 .   0 
2320 ,  47 .  86 
2320 ,  46 .  12 
2318 ,  47 .  13 
2320 ,  47 .  13 
2319 ,  47 .  42 
2318 ,  46 .  26 
2319 ,  46 .  84 
2319 ,  47 .  42 
2322 ,  47 .  86 
2322 ,  46 .  84 
2318 ,  46 .  70 
2321 ,  48 .   0 
2322 ,  48 .   0 
2322 ,  45 .  97 
2317 ,  47 .  28 
2320 ,  47 .  86 
2317 ,  47 .  42 
2319 ,  47 .  42 
2320 ,  46 .  84 
2321 ,  46 .  99 
2320 ,  49 .  16 
2317 ,  46 .  26 
2320 ,  46 .  84 
2320 ,  48 .   0 
2323 ,  46 .  26 
2318 ,  46 .  12 
2318 ,  49 .   2 
2319 ,  45 .  10 
2318 ,  45 .  54 
2319 ,  44 .  81 
2320 ,  47 .  28 
2316 ,  46 .  26 
2323 ,  47 .  28 
2317 ,  46 .  84 
2317 ,  48 .   0 
2322 ,  44 .  38 
2320 ,  46 .  99 
2319 ,  44 .  96 
2320 ,  47 .  13 
2321 ,  45 .  54 
2324 ,  46 .  12 
2317 ,  45 .  97 
2320 ,  45 .  54 
2321 ,  45 .  54 
2321 ,  45 .  10 
2319 ,  44 .  96 
2320 ,  46 .  12 
2320 ,  45 .  68 
2319 ,  46 .  26 
2320 ,  46 .  12 
2321 ,  45 .  68 
2321 ,  45 .  68 
2319 ,  46 .  26 
2319 ,  46 .  70 
2319 ,  48 .  58 
2321 ,  46 .  12 
2322 ,  46 .  99 
2317 ,  46 .  84 
2319 ,  45 .  68 
2321 ,  46 .  26 
2322 ,  46 .  26 
2318 ,  46 .  26 
2320 ,  46 .  84 
2322 ,  46 .  99 
2321 ,  47 .  42 
2317 ,  46 .  70 
2319 ,  46 .  12 
2320 ,  46 .  26 
2322 ,  47 .  28 
2317 ,  46 .  26 
2319 ,  46 .  84 
2320 ,  47 .  57 
2322 ,  44 .  52 
2318 ,  45 .  39 
2320 ,  47 .  28 
2320 ,  46 .  26 
2322 ,  45 .  10 
2319 ,  46 .  12 
2319 ,  46 .  84 
2323 ,  47 .  28 
2318 ,  44 .   9 
2320 ,  47 .  13 
2318 ,  46 .  12 
2319 ,  49 .  74 
2321 ,  46 .  26 
2318 ,  47 .  42 
2319 ,  46 .  12 
2320 ,  46 .  26 
2322 ,  46 .  99 
2318 ,  47 .  28 
2319 ,  46 .  26 
2322 ,  46 .  26 
2320 ,  46 .  70 
2318 ,  47 .  86 
2319 ,  46 .  70 
2321 ,  45 .  97 
2318 ,  47 .  42 
2316 ,  46 .  84 
2322 ,  47 .  28 
2320 ,  47 .  42 
2320 ,  47 .  86 
2318 ,  47 .  42 
2320 ,  46 .  84 
2322 ,  47 .  28 
2320 ,  47 .  42 
2317 ,  47 .  42 
2321 ,  47 .  42 
2316 ,  46 .  84 
2321 ,  47 .  28 
2318 ,  47 .  13 
2319 ,  47 .  42 
2322 ,  46 .  84 
2320 ,  46 .  84 
2318 ,  47 .  13 
2320 ,  47 .  42 
2323 ,  45 .  68 
2321 ,  46 .  26 
2321 ,  47 .  28 
2315 ,  46 .  12 
2329 ,  47 .  13 
2323 ,  47 .  42 
2317 ,  47 .  42 
2319 ,  47 .  13 
2323 ,  47 .  86 
2321 ,  48 .   0 
2318 ,  47 .  42 
2320 ,  46 .  26 
2322 ,  46 .  26 
2322 ,  48 .   0 
2317 ,  46 .  84 
2320 ,  47 .  13 
2322 ,  47 .  28 
2322 ,  47 .  42 
2315 ,  47 .  28 
2319 ,  46 .  12 
2320 ,  46 .  26 
2320 ,  46 .  84 
2318 ,  48 .  15 
2318 ,  47 .  42 
2322 ,  46 .  84 
2320 ,  47 .  28 
2315 ,  47 .  42 
2320 ,  46 .  84 
2322 ,  47 .  42 
2320 ,  46 .  99 
2317 ,  47 .  13 
2320 ,  47 .  28 
2321 ,  46 .  70 
2319 ,  47 .  28 
2318 ,  48 .  15 
2318 ,  47 .  28 
2323 ,  46 .  84 
2323 ,  48 .   0 
2317 ,  46 .  99 
2320 ,  47 .  28 
2323 ,  47 .  42 
2321 ,  47 .  28 
2317 ,  47 .  13 
2321 ,  46 .  84 
2322 ,  46 .  84 
2321 ,  47 .  28 
2319 ,  45 .  68 
2320 ,  46 .  26 
2321 ,  46 .  26 
2321 ,  47 .  42 
2320 ,  47 .  42 
2319 ,  46 .  84 
2322 ,  47 .  42 
2324 ,  47 .  71 
2318 ,  48 .  58 
2320 ,  48 .  58 
2322 ,  47 .  42 
2321 ,  47 .  28 
2317 ,  45 .  68 
2320 ,  42 .  78 
2322 ,  46 .  26 
2319 ,  46 .  26 
2318 ,  47 .  42 
2320 ,  46 .  26 
2321 ,  48 .  44 
2322 ,  46 .  99 
2316 ,  45 .  83 
2321 ,  44 .  96 
2321 ,  45 .  68 
2320 ,  45 .  10 
2318 ,  46 .  26 
2320 ,  44 .  96 
2322 ,  46 .  26 
2322 ,  46 .  26 
2317 ,  45 .  83 
2321 ,  45 .  10 
2322 ,  45 .  54 
2323 ,  44 .  96 
2317 ,  46 .  26 
2321 ,  44 .  38 
2322 ,  45 .  68 
2320 ,  46 .  99 
2318 ,  45 .  10 
2322 ,  45 .  68 
2323 ,  45 .  39 
2320 ,  45 .  97 
2317 ,  45 .  97 
2322 ,  46 .  26 
2323 ,  45 .  10 
2321 ,  46 .  12 
2318 ,  47 .  42 
2320 ,  45 .  97 
2322 ,  46 .  12 
2318 ,  46 .  55 
2317 ,  46 .  84 
2321 ,  46 .  26 
2322 ,  46 .  70 
2323 ,  46 .  12 
2318 ,  46 .  70 
2321 ,  46 .  12 
2323 ,  46 .  84 
2322 ,  46 .  26 
2317 ,  46 .  70 
2321 ,  46 .  84 
2322 ,  46 .  70 
2321 ,  47 .  28 
2317 ,  46 .  84 
2320 ,  46 .  84 
2322 ,  46 .  12 
2321 ,  47 .  42 
2318 ,  46 .  84 
2322 ,  47 .  28 
2322 ,  46 .  99 
2321 ,  46 .  70 
2320 ,  46 .  70 
2320 ,  46 .  26 
2323 ,  45 .  54 
2321 ,  46 .  84 
2317 ,  46 .  99 
2321 ,  46 .  26 
2323 ,  46 .  26 
2320 ,  46 .  26 
2320 ,  46 .  84 
2320 ,  49 .   2 
2321 ,  47 .  42 
2322 ,  46 .  84 
2322 ,  46 .  12 
2319 ,  46 .  84 
2321 ,  47 .  28 
2322 ,  47 .  42 
2320 ,  46 .  84 
2321 ,  46 .  84 
2322 ,  46 .  84 
2322 ,  48 .  15 
2322 ,  47 .  13 
2321 ,  47 .  42 
2326 ,  47 .  28 
2325 ,  46 .  84 
2330 ,  47 .  28 
2322 ,  46 .  84 
2321 ,  47 .  13 
2320 ,  46 .  26 
2319 ,  49 .  16 
2323 ,  46 .  84 
2322 ,  46 .  55 
2322 ,  46 .  70 
2316 ,  46 .  84 
2345 ,  47 .  42 
2324 ,  47 .  28 
2323 ,  46 .  84 
2319 ,  47 .  86 
2322 ,  46 .  84 
2323 ,  46 .  55 
2322 ,  46 .  70 
2320 ,  47 .  13 
2321 ,  46 .  26 
2324 ,  47 .  42 
2321 ,  44 .  52 
2322 ,  47 .  42 
2320 ,  46 .  26 
2323 ,  47 .  28 
2322 ,  46 .  26 
2321 ,  46 .  84 
2320 ,  47 .  42 
2322 ,  48 .  15 
2321 ,  48 .   0 
2317 ,  46 .  99 
2323 ,  47 .  86 
2324 ,  46 .  84 
2320 ,  47 .  28 
2318 ,  46 .  84 
2321 ,  46 .  84 
2320 ,  47 .  86 
2322 ,  46 .  84 
2319 ,  47 .  71 
2323 ,  46 .  84 
2322 ,  46 .  84 
2321 ,  47 .  42 
2317 ,  48 .  58 
2322 ,  46 .  26 
2322 ,  48 .   0 
2319 ,  47 .  42 
2318 ,  47 .  86 
2323 ,  46 .  84 
2323 ,  47 .  42 
2322 ,  47 .  42 
2321 ,  47 .  42 
2322 ,  47 .  86 
2323 ,  47 .  28 
2320 ,  46 .  12 
2320 ,  47 .  13 
2324 ,  47 .  28 
2323 ,  46 .  84 
2321 ,  46 .  26 
2319 ,  46 .  84 
2324 ,  46 .  99 
2321 ,  46 .  70 
2321 ,  47 .  42 
2320 ,  47 .  42 
2323 ,  48 .  29 
2323 ,  49 .  16 
2321 ,  47 .  28 
2318 ,  48 .  58 
2324 ,  46 .  84 
2324 ,  45 .  83 
2320 ,  45 .  83 
2318 ,  46 .  26 
2323 ,  47 .  28 
2323 ,  45 .  10 
2320 ,  44 .  23 
2320 ,  48 .   0 
2323 ,  44 .  81 
2322 ,  45 .  83 
2320 ,  45 .  10 
2322 ,  45 .  68 
2324 ,  46 .  26 
2323 ,  44 .  52 
2321 ,  45 .  54 
2321 ,  45 .  83 
2324 ,  45 .  10 
2323 ,  46 .  26 
2320 ,  46 .  12 
2318 ,  46 .  99 
2324 ,  45 .  54 
2323 ,  45 .  68 
2320 ,  44 .  96 
2320 ,  46 .  26 
2324 ,  45 .  54 
2323 ,  46 .  26 
2321 ,  46 .  70 
2322 ,  46 .  12 
2323 ,  46 .  26 
2325 ,  46 .  26 
2321 ,  46 .  26 
2317 ,  47 .  13 
2324 ,  46 .  84 
2324 ,  47 .  28 
2321 ,  46 .  26 
2318 ,  45 .  54 
2324 ,  46 .  26 
2323 ,  46 .  26 
2322 ,  47 .  42 
2320 ,  46 .  99 
2325 ,  46 .  26 
2324 ,  47 .  28 
2320 ,  46 .  84 
2321 ,  47 .  28 
2326 ,  47 .  28 
2327 ,  46 .  26 
2322 ,  46 .  26 
2320 ,  46 .  99 
2324 ,  45 .  97 
2325 ,  46 .  84 
2322 ,  46 .  70 
2320 ,  47 .  42 
2324 ,  47 .  42 
2326 ,  47 .  42 
2320 ,  47 .  13 
2321 ,  47 .  13 
2326 ,  46 .  84 
2326 ,  47 .  28 
2321 ,  46 .  26 
2324 ,  46 .  84 
2330 ,  46 .  99 
2325 ,  45 .  83 
2324 ,  47 .  13 
2321 ,  47 .  42 
2328 ,  47 .  42 
2327 ,  46 .  84 
2325 ,  46 .  26 
2326 ,  47 .  42 
2327 ,  46 .  99 
2326 ,  46 .  84 
2322 ,  46 .  26 
2325 ,  46 .  99 
2328 ,  45 .  68 
2327 ,  47 .  42 
2324 ,  46 .  26 
2324 ,  47 .  28 
2326 ,  47 .  86 
2326 ,  45 .  68 
2320 ,  47 .  42 
2321 ,  47 .  42 
2330 ,  47 .  28 
2325 ,  47 .  13 
2321 ,  46 .  84 
2325 ,  47 .  28 
2328 ,  47 .  28 
2325 ,  48 .  29 
2324 ,  46 .  84 
2324 ,  48 .  58 
2328 ,  47 .  13 
2321 ,  47 .  42 
2339 ,  47 .  86 
2329 ,  47 .  28 
2327 ,  48 .  15 
2327 ,  47 .  42 
2326 ,  47 .  28 
2323 ,  47 .  13 
2327 ,  47 .  13 
2327 ,  47 .  42 
2324 ,  46 .  84 
2325 ,  46 .  99 
2328 ,  47 .  13 
2327 ,  46 .  26 
2325 ,  46 .  26 
2323 ,  47 .  42 
2328 ,  47 .  42 
2326 ,  46 .  84 
2321 ,  46 .  84 
2326 ,  46 .  70 
2327 ,  46 .  99 
2326 ,  47 .  28 
2326 ,  47 .  28 
2323 ,  47 .  42 
2325 ,  46 .  26 
2328 ,  47 .  42 
2324 ,  47 .  13 
2324 ,  47 .  86 
2325 ,  46 .  70 
2326 ,  47 .  42 
2322 ,  47 .  42 
2324 ,  46 .  12 
2326 ,  47 .  42 
2326 ,  47 .  42 
2326 ,  47 .  42 
2324 ,  47 .  42 
2327 ,  45 .  68 
2326 ,  47 .  42 
2332 ,  46 .  26 
2326 ,  46 .  84 
2328 ,  47 .  42 
2325 ,  46 .  84 
2325 ,  46 .  70 
2326 ,  48 .  15 
2327 ,  46 .  99 
2325 ,  47 .  42 
2326 ,  48 .  58 
2324 ,  48 .   0 
2327 ,  45 .  97 
2325 ,  46 .  84 
2324 ,  47 .  42 
2327 ,  47 .  42 
2327 ,  46 .  99 
2323 ,  46 .  84 
2326 ,  47 .  42 
2323 ,  48 .  15 
2328 ,  49 .   2 
2324 ,  46 .  70 
2325 ,  46 .  84 
2325 ,  46 .  12 
2327 ,  45 .  97 
2323 ,  46 .  26 
2324 ,  47 .  86 
2325 ,  46 .  84 
2328 ,  45 .  97 
2325 ,  45 .  54 
2325 ,  46 .  70 
2326 ,  46 .  12 
2327 ,  44 .  52 
2326 ,  45 .  68 
2328 ,  45 .  68 
2325 ,  45 .  83 
2327 ,  45 .  10 
2324 ,  46 .  12 
2324 ,  46 .  12 
2325 ,  46 .  12 
2328 ,  46 .  12 
2325 ,  46 .  26 
2324 ,  46 .  84 
2326 ,  46 .  41 
2327 ,  46 .  26 
2325 ,  45 .  68 
2325 ,  48 .   0 
2328 ,  48 .  44 
2327 ,  46 .  26 
2326 ,  46 .  12 
2325 ,  46 .  99 
2326 ,  46 .  26 
2328 ,  46 .  12 
2324 ,  46 .  12 
2324 ,  47 .  42 
2326 ,  46 .  99 
2325 ,  46 .  84 
2324 ,  45 .  97 
2325 ,  46 .  26 
2326 ,  46 .  84 
2325 ,  47 .  42 
2324 ,  45 .  97 
2325 ,  46 .  26 
2325 ,  47 .  42 
2325 ,  46 .  26 
2326 ,  46 .  26 
2324 ,  48 .  29 
2327 ,  46 .  26 
2326 ,  45 .  97 
2324 ,  46 .  26 
2325 ,  46 .  26 
2325 ,  47 .  28 
2326 ,  46 .  84 
2325 ,  46 .  12 
2322 ,  46 .  26 
2324 ,  46 .  84 
2327 ,  46 .  26 
2324 ,  46 .  70 
2324 ,  44 .  96 
2327 ,  46 .  26 
2328 ,  46 .  26 
2324 ,  46 .  26 
2326 ,  45 .  54 
2325 ,  46 .  84 
2324 ,  47 .  42 
2328 ,  46 .  26 
2325 ,  46 .  99 
2327 ,  47 .  13 
2327 ,  46 .  26 
2326 ,  46 .  99 
2326 ,  45 .  68 
2326 ,  47 .  42 
2328 ,  47 .  28 
2327 ,  46 .  84 
2325 ,  45 .  83 
2325 ,  47 .  42 
2329 ,  47 .  42 
2326 ,  45 .  97 
2325 ,  47 .  42 
2328 ,  47 .  28 
2330 ,  47 .  13 
2321 ,  46 .  84 
2328 ,  46 .  70 
2325 ,  47 .  86 
2327 ,  47 .  42 
2325 ,  46 .  70 
2330 ,  47 .  42 
2326 ,  47 .  42 
2330 ,  47 .  42 
2326 ,  47 .  13 
2327 ,  46 .  99 
2330 ,  47 .  42 
2326 ,  46 .  84 
2324 ,  45 .  54 
2328 ,  46 .  26 
2328 ,  47 .  28 
2329 ,  46 .  26 
2326 ,  47 .  28 
2327 ,  46 .  99 
2325 ,  47 .  42 
2328 ,  47 .  42 
2326 ,  47 .  28 
2327 ,  46 .  84 
2326 ,  46 .  84 
2330 ,  47 .  28 
2327 ,  47 .  42 
2328 ,  47 .  42 
2325 ,  47 .  42 
2325 ,  46 .  26 
2326 ,  46 .  26 
2329 ,  47 .  28 
2330 ,  47 .  42 
2327 ,  46 .  84 
2326 ,  45 .  83 
2325 ,  47 .  42 
2328 ,  47 .  42 
2329 ,  46 .  26 
2326 ,  46 .  26 
2326 ,  44 .   9 
2329 ,  47 .  13 
2327 ,  46 .  26 
2327 ,  47 .  42 
2326 ,  47 .  28 
2326 ,  45 .  68 
2328 ,  47 .  42 
2326 ,  47 .  13 
2327 ,  47 .  86 
2325 ,  46 .  26 
2327 ,  46 .  99 
2327 ,  48 .   0 
2330 ,  46 .  84 
2329 ,  46 .  70 
2330 ,  46 .  99 
2327 ,  48 .  58 
2330 ,  46 .  84 
2327 ,  47 .  28 
2330 ,  46 .  26 
2327 ,  46 .  26 
2330 ,  46 .  70 
2332 ,  47 .  28 
2328 ,  46 .  26 
2328 ,  48 .   0 
2330 ,  47 .  42 
2327 ,  49 .  16 
2328 ,  48 .   0 
2328 ,  48 .  58 
2330 ,  47 .  28 
2329 ,  45 .  68 
2330 ,  46 .  26 
2327 ,  46 .  26 
2330 ,  46 .  84 
2328 ,  46 .  26 
2326 ,  47 .  42 
2329 ,  47 .  86 
2330 ,  47 .  86 
2327 ,  45 .  54 
2326 ,  45 .  10 
2327 ,  45 .  54 
2328 ,  47 .  28 
2327 ,  45 .  10 
2326 ,  45 .  54 
2325 ,  44 .  96 
2325 ,  47 .  13 
2327 ,  45 .  10 
2326 ,  46 .  12 
2326 ,  44 .  67 
2325 ,  44 .  52 
2328 ,  46 .  84 
2324 ,  46 .  26 
2325 ,  45 .  68 
2327 ,  46 .  26 
2324 ,  46 .  26 
2324 ,  46 .  12 
2328 ,  46 .  26 
2327 ,  45 .  97 
2324 ,  47 .  28 
2326 ,  46 .  26 
2324 ,  46 .  84 
2327 ,  45 .  68 
2326 ,  46 .  84 
2326 ,  47 .  42 
2325 ,  47 .  13 
2327 ,  46 .  26 
2326 ,  47 .  42 
2324 ,  46 .  84 
2325 ,  46 .  84 
2328 ,  47 .  28 
2324 ,  46 .  99 
2325 ,  46 .  26 
2326 ,  46 .  84 
2328 ,  47 .  42 
2322 ,  46 .  99 
2325 ,  47 .  42 
2326 ,  46 .  26 
2326 ,  46 .  26 
2326 ,  46 .  84 
2326 ,  46 .  26 
2324 ,  46 .  26 
2326 ,  46 .  26 
2325 ,  46 .  99 
2325 ,  45 .  10 
2326 ,  47 .  28 
2327 ,  46 .  99 
2324 ,  47 .  28 
2326 ,  46 .  26 
2326 ,  46 .  84 
2328 ,  46 .  70 
2326 ,  46 .  12 
2325 ,  46 .  84 
2324 ,  46 .  26 
2328 ,  47 .  86 
2324 ,  47 .  42 
2325 ,  46 .  99 
2327 ,  46 .  26 
2328 ,  46 .  70 
2325 ,  47 .  42 
2325 ,  47 .  13 
2325 ,  46 .  84 
2330 ,  47 .  42 
2326 ,  46 .  70 
2326 ,  47 .  28 
2327 ,  45 .  54 
2328 ,  47 .  42 
2326 ,  47 .  42 
2324 ,  46 .  70 
2334 ,  47 .  42 
2324 ,  47 .  28 
2325 ,  46 .  84 
2325 ,  47 .  28 
2325 ,  47 .  42 
2326 ,  47 .  42 
2324 ,  48 .  44 
2324 ,  47 .  42 
2326 ,  46 .  70 
2327 ,  46 .  99 
2333 ,  46 .  26 
2324 ,  47 .  42 
2327 ,  46 .  26 
2327 ,  46 .  84 
2325 ,  47 .  42 
2327 ,  47 .  28 
2327 ,  46 .  84 
2328 ,  47 .  86 
2326 ,  46 .  84 
2326 ,  47 .  28 
2324 ,  48 .  15 
2326 ,  47 .  42 
2324 ,  47 .  13 
2325 ,  46 .  70 
2326 ,  47 .  28 
2329 ,  46 .  99 
2325 ,  47 .  28 
2325 ,  47 .  42 
2324 ,  46 .  26 
2327 ,  47 .  28 
2324 ,  47 .  42 
2324 ,  46 .  26 
2326 ,  47 .  42 
2327 ,  47 .  28 
2323 ,  47 .  42 
2324 ,  47 .  86 
2330 ,  47 .  28 
2326 ,  46 .  26 
2323 ,  47 .  42 
2323 ,  47 .  28 
2325 ,  46 .  84 
2328 ,  47 .  86 
2325 ,  47 .  42 
2324 ,  46 .  26 
2324 ,  47 .  42 
2328 ,  47 .  86 
2326 ,  48 .  44 
2324 ,  47 .  42 
2326 ,  46 .  70 
2329 ,  46 .  84 
2323 ,  47 .  42 
2326 ,  45 .  68 
2330 ,  46 .  99 
2327 ,  47 .  28 
2325 ,  46 .  99 
2325 ,  47 .  28 
2327 ,  46 .  84 
2327 ,  46 .  26 
2325 ,  46 .  84 
2328 ,  46 .  99 
2327 ,  46 .  84 
2328 ,  47 .  42 
2326 ,  48 .  58 
2326 ,  47 .  42 
2327 ,  47 .  28 
2329 ,  47 .  42 
2324 ,  47 .  42 
2324 ,  44 .  96 
2325 ,  46 .  26 
2328 ,  47 .  86 
2324 ,  48 .  29 
2324 ,  47 .  13 
2323 ,  47 .  42 
2328 ,  45 .  10 
2323 ,  45 .  54 
2323 ,  45 .  54 
2325 ,  45 .  97 
2326 ,  48 .   0 
2321 ,  46 .  26 
2323 ,  46 .  12 
2324 ,  45 .  97 
2324 ,  45 .  68 
2322 ,  45 .  68 
2324 ,  45 .  39 
2325 ,  45 .  54 
2328 ,  46 .  26 
2322 ,  45 .  10 
2323 ,  45 .  68 
2326 ,  46 .  12 
2327 ,  46 .  12 
2322 ,  46 .  26 
2324 ,  46 .  70 
2326 ,  45 .  54 
2327 ,  46 .  84 
2324 ,  47 .  28 
2325 ,  45 .  97 
2327 ,  45 .  68 
2328 ,  46 .  12 
2324 ,  46 .  84 
2325 ,  46 .  84 
2327 ,  46 .  12 
2328 ,  47 .  13 
2321 ,  47 .  13 
2324 ,  46 .  26 
2328 ,  44 .  96 
2328 ,  47 .  28 
2322 ,  46 .  99 
2324 ,  46 .  26 
2326 ,  45 .  68 
2326 ,  46 .  84 
2321 ,  46 .  99 
2323 ,  46 .  26 
2324 ,  46 .  26 
2325 ,  47 .  42 
2319 ,  47 .  42 
2323 ,  46 .  84 
2325 ,  47 .  28 
2324 ,  46 .  84 
2319 ,  46 .  70 
2323 ,  46 .  26 
2324 ,  47 .  28 
2323 ,  47 .  28 
2322 ,  46 .  55 
2323 ,  44 .   9 
2326 ,  46 .  99 
2324 ,  45 .  83 
2319 ,  47 .  42 
2322 ,  47 .  28 
2322 ,  46 .  99 
2321 ,  47 .  42 
2318 ,  46 .  26 
2321 ,  46 .  26 
2323 ,  46 .  84 
2320 ,  47 .  42 
2318 ,  47 .  42 
2321 ,  46 .  70 
2324 ,  47 .  86 
2324 ,  46 .  12 
2318 ,  46 .  84 
2321 ,  46 .  84 
2323 ,  48 .  44 
2325 ,  46 .  26 
2317 ,  47 .  42 
2322 ,  46 .  26 
2325 ,  46 .  26 
2319 ,  46 .  84 
2320 ,  47 .  28 
2318 ,  47 .  13 
2321 ,  46 .  84 
2323 ,  46 .  84 
2318 ,  47 .  42 
2324 ,  46 .  84 
2325 ,  47 .  42 
2323 ,  47 .  28 
2313 ,  47 .  42 
2328 ,  47 .  42 
2319 ,  47 .  42 
2322 ,  47 .  28 
2322 ,  48 .  15 
2325 ,  46 .  70 
2327 ,  47 .  28 
2327 ,  46 .  26 
2320 ,  47 .  42 
2328 ,  46 .  99 
2328 ,  46 .  70 
2326 ,  46 .  55 
2323 ,  48 .  15 
2325 ,  46 .  26 
2328 ,  47 .  42 
2325 ,  47 .  28 
2321 ,  47 .  71 
2326 ,  47 .  28 
2325 ,  47 .  42 
2327 ,  47 .  42 
2321 ,  47 .  86 
2325 ,  47 .  86 
2327 ,  47 .  28 
2324 ,  47 .  13 
2320 ,  48 .   0 
2327 ,  48 .  15 
2328 ,  47 .  42 
2326 ,  47 .  28 
2324 ,  47 .  86 
2326 ,  47 .  42 
2328 ,  47 .  42 
2330 ,  47 .  42 
2325 ,  47 .  42 
2326 ,  47 .  86 
2328 ,  47 .  42 
2326 ,  46 .  84 
2325 ,  47 .  42 
2326 ,  47 .  57 
2326 ,  44 .  38 
2325 ,  46 .  84 
2323 ,  46 .  70 
2327 ,  48 .   0 
2327 ,  47 .  42 
2327 ,  46 .  84 
2326 ,  47 .  42 
2326 ,  47 .  13 
2327 ,  48 .   0 
2328 ,  46 .  84 
2324 ,  48 .  29 
2325 ,  48 .  15 
2328 ,  47 .  86 
2326 ,  46 .  84 
2322 ,  49 .  16 
2325 ,  47 .  28 
2328 ,  48 .   0 
2324 ,  47 .  86 
2322 ,  45 .  83 
2325 ,  45 .  54 
2327 ,  45 .  97 
2324 ,  47 .  86 
2326 ,  47 .  28 
2327 ,  46 .  26 
2328 ,  47 .  28 
2326 ,  48 .  58 
2323 ,  45 .  97 
2326 ,  45 .  10 
2328 ,  45 .  10 
2325 ,  45 .  97 
2324 ,  46 .  12 
2328 ,  45 .  54 
2328 ,  46 .  12 
2327 ,  46 .  84 
2323 ,  46 .  12 
2327 ,  45 .  68 
2328 ,  45 .  83 
2327 ,  46 .  12 
2326 ,  46 .  26 
2328 ,  45 .  10 
2330 ,  46 .  12 
2325 ,  46 .  26 
2324 ,  46 .  12 
2329 ,  44 .  38 
2328 ,  42 .  78 
2327 ,  46 .  70 
2324 ,  46 .  99 
2329 ,  46 .  26 
2329 ,  48 .   0 
2329 ,  46 .  84 
2324 ,  47 .  42 
2329 ,  47 .  28 
2330 ,  46 .  84 
2328 ,  47 .  28 
2324 ,  47 .  28 
2328 ,  47 .  28 
2329 ,  46 .  84 
2325 ,  46 .  84 
2325 ,  47 .  28 
2329 ,  46 .  26 
2328 ,  46 .  84 
2325 ,  47 .  28 
2324 ,  47 .  86 
2328 ,  47 .  42 
2329 ,  46 .  99 
2325 ,  45 .  97 
2324 ,  47 .  42 
2327 ,  48 .   0 
2331 ,  46 .  84 
2323 ,  46 .  84 
2325 ,  47 .  42 
2329 ,  46 .  99 
2329 ,  46 .  99 
2329 ,  47 .  42 
2326 ,  46 .  99 
2329 ,  46 .  84 
2328 ,  46 .  84 
2328 ,  45 .  68 
2324 ,  47 .  42 
2329 ,  46 .  70 
2329 ,  47 .  28 
2328 ,  46 .  26 
2326 ,  46 .  70 
2330 ,  47 .  86 
2330 ,  46 .  84 
2328 ,  48 .  15 
2329 ,  47 .  42 
2330 ,  47 .  28 
2330 ,  47 .  86 
2325 ,  46 .  26 
2327 ,  47 .  42 
2330 ,  47 .  28 
2330 ,  46 .  84 
2324 ,  47 .  13 
2326 ,  47 .  86 
2330 ,  48 .   0 
2328 ,  48 .  44 
2334 ,  47 .  28 
2324 ,  47 .  86 
2330 ,  46 .  70 
2329 ,  47 .  13 
2325 ,  46 .  70 
2325 ,  46 .  70 
2329 ,  47 .  42 
2331 ,  47 .  42 
2330 ,  48 .   0 
2324 ,  47 .  28 
2327 ,  43 .  22 
2330 ,  47 .  86 
2326 ,  47 .  28 
2324 ,  47 .  42 
2328 ,  48 .  44 
2327 ,  47 .  42 
2325 ,  48 .   0 
2323 ,  47 .  86 
2328 ,  47 .  86 
2330 ,  47 .  42 
2326 ,  47 .  71 
2324 ,  47 .  42 
2328 ,  47 .  42 
2329 ,  47 .  13 
2325 ,  48 .   0 
2326 ,  47 .  86 
2328 ,  49 .  60 
2327 ,  47 .  42 
2321 ,  47 .  86 
2324 ,  48 .   0 
2328 ,  49 .   2 
2325 ,  47 .  42 
2324 ,  47 .  42 
2322 ,  47 .  86 
2328 ,  47 .  86 
2328 ,  47 .  57 
2322 ,  47 .  42 
2324 ,  48 .   0 
2326 ,  46 .  26 
2328 ,  47 .  42 
2324 ,  47 .  42 
2323 ,  47 .  86 
2327 ,  47 .  86 
2329 ,  47 .  42 
2324 ,  47 .  42 
2327 ,  47 .  28 
2328 ,  49 .  16 
2327 ,  47 .  42 
2325 ,  48 .   0 
2322 ,  48 .   0 
2328 ,  46 .  70 
2330 ,  47 .  28 
2325 ,  47 .  42 
2324 ,  48 .   0 
2328 ,  46 .  12 
2326 ,  46 .  26 
2322 ,  46 .  26 
2325 ,  48 .   0 
2327 ,  47 .  13 
2327 ,  47 .  42 
2326 ,  48 .  44 
2325 ,  47 .  42 
2326 ,  49 .   2 
2327 ,  48 .  58 
2324 ,  47 .  42 
2324 ,  46 .  84 
2330 ,  47 .  57 
2327 ,  45 .  83 
2324 ,  48 .  44 
2322 ,  48 .  58 
2327 ,  47 .  86 
2325 ,  47 .  42 
2326 ,  46 .  26 
2326 ,  48 .  58 
2329 ,  47 .  42 
2327 ,  46 .  26 
2326 ,  46 .  12 
2324 ,  46 .  84 
2328 ,  44 .  81 
2328 ,  45 .  68 
2324 ,  46 .  26 
2326 ,  46 .  12 
2330 ,  47 .  86 
2328 ,  46 .  26 
2324 ,  47 .  42 
2323 ,  46 .  84 
2330 ,  48 .  73 
2327 ,  46 .  70 
2324 ,  46 .  26 
2326 ,  47 .  28 
2329 ,  47 .  42 
2330 ,  45 .  68 
2326 ,  47 .  28 
2324 ,  46 .  26 
2329 ,  48 .   0 
2330 ,  47 .  42 
2325 ,  46 .  26 
2329 ,  46 .  26 
2331 ,  47 .  42 
2328 ,  46 .  70 
2326 ,  47 .  28 
2323 ,  46 .  84 
2328 ,  46 .  70 
2328 ,  46 .  99 
2327 ,  46 .  84 
2324 ,  47 .  86 
2329 ,  47 .  42 
2328 ,  47 .  28 
2324 ,  47 .  13 
2322 ,  48 .   0 
2329 ,  47 .  42 
2328 ,  48 .   0 
2325 ,  47 .  42 
2326 ,  46 .  84 
2328 ,  47 .  28 
2329 ,  46 .  26 
2325 ,  46 .  84 
2326 ,  47 .  86 
2330 ,  47 .  28 
2327 ,  46 .  55 
2327 ,  47 .  42 
2326 ,  48 .  44 
2329 ,  47 .  42 
2330 ,  46 .  70 
2325 ,  47 .  13 
2328 ,  47 .  42 
2331 ,  48 .  44 
2327 ,  47 .  28 
2325 ,  47 .  28 
2330 ,  47 .  42 
2329 ,  47 .  42 
2327 ,  46 .  12 
2327 ,  46 .  84 
2325 ,  48 .   0 
2327 ,  48 .  29 
2328 ,  48 .  58 
2327 ,  47 .  42 
2328 ,  48 .   0 
2328 ,  47 .  86 
2327 ,  47 .  86 
2326 ,  47 .  28 
2325 ,  48 .  44 
2329 ,  48 .   0 
2328 ,  48 .   0 
2328 ,  47 .  86 
2324 ,  48 .  58 
2329 ,  47 .  28 
2326 ,  47 .  42 
2324 ,  48 .  15 
2325 ,  47 .  42 
2329 ,  47 .  86 
2329 ,  47 .  86 
2323 ,  46 .  70 
2325 ,  47 .  86 
2327 ,  47 .  42 
2313 ,  47 .  42 
2326 ,  47 .  28 
2325 ,  47 .  71 
2330 ,  47 .  86 
2326 ,  47 .  57 
2322 ,  47 .  28 
2325 ,  48 .   0 
2328 ,  47 .  28 
2325 ,  46 .  84 
2325 ,  46 .  70 
2326 ,  47 .  86 
2328 ,  48 .   0 
2326 ,  47 .  71 
2325 ,  47 .  28 
2324 ,  46 .  84 
2326 ,  47 .  42 
2325 ,  48 .  15 
2323 ,  48 .   0 
2324 ,  48 .  58 
2328 ,  47 .  42 
2323 ,  48 .   0 
2323 ,  47 .  86 
2324 ,  48 .  58 
2328 ,  47 .  86 
2324 ,  48 .  15 
2325 ,  46 .  26 
2323 ,  48 .   0 
2328 ,  48 .  58 
2325 ,  47 .  42 
2325 ,  47 .  42 
2324 ,  48 .  15 
2325 ,  47 .  42 
2326 ,  47 .  86 
2324 ,  48 .   0 
2326 ,  48 .  44 
2327 ,  48 .   0 
2325 ,  47 .  42 
2324 ,  47 .  28 
2323 ,  48 .   0 
2325 ,  46 .  26 
2326 ,  47 .  86 
2322 ,  48 .  44 
2324 ,  48 .  87 
2327 ,  48 .   0 
2326 ,  48 .   0 
2326 ,  47 .  42 
2324 ,  47 .  42 
2327 ,  48 .   0 
2326 ,  46 .  99 
2324 ,  47 .  57 
2323 ,  49 .  60 
2328 ,  48 .  58 
2324 ,  48 .   0 
2327 ,  48 .  44 
2325 ,  47 .  42 
2325 ,  47 .  13 
2324 ,  46 .  70 
2324 ,  47 .  42 
2323 ,  48 .   0 
2327 ,  46 .  84 
2323 ,  48 .   0 
2324 ,  47 .  42 
2325 ,  46 .  26 
2326 ,  48 .   0 
2325 ,  46 .  12 
2324 ,  45 .  68 
2323 ,  46 .  70 
2326 ,  47 .  86 
2324 ,  46 .  26 
2324 ,  47 .  86 
2323 ,  46 .  26 
2325 ,  47 .  42 
2326 ,  45 .  83 
2321 ,  47 .  86 
2324 ,  47 .  28 
2326 ,  47 .  42 
2324 ,  45 .  97 
2325 ,  46 .  26 
2326 ,  46 .  26 
2328 ,  47 .  42 
2325 ,  47 .  13 
2325 ,  46 .  26 
2326 ,  47 .  42 
2328 ,  47 .  42 
2325 ,  46 .  26 
2323 ,  46 .  99 
2325 ,  47 .  42 
2328 ,  48 .  44 
2325 ,  47 .  28 
2323 ,  47 .  42 
2326 ,  48 .  58 
2327 ,  48 .   0 
2324 ,  46 .  99 
2322 ,  48 .   0 
2324 ,  47 .  28 
2325 ,  46 .  99 
2322 ,  46 .  26 
2326 ,  47 .  42 
2324 ,  45 .  54 
2325 ,  46 .  26 
2324 ,  47 .  86 
2326 ,  47 .  42 
2323 ,  46 .  55 
2326 ,  48 .  44 
2324 ,  47 .  28 
2324 ,  48 .  58 
2323 ,  47 .  28 
2326 ,  47 .  42 
2323 ,  47 .  28 
2326 ,  47 .  42 
2324 ,  47 .  42 
2326 ,  46 .  70 
2324 ,  47 .  42 
2323 ,  46 .  84 
2325 ,  48 .   0 
2328 ,  49 .  45 
2323 ,  46 .  84 
2321 ,  47 .  42 
2323 ,  48 .  29 
2324 ,  48 .   0 
2321 ,  47 .  42 
2323 ,  47 .  42 
2322 ,  47 .  42 
2326 ,  48 .   0 
2326 ,  48 .  58 
2320 ,  48 .  15 
2324 ,  48 .  15 
2326 ,  47 .  42 
2324 ,  47 .  86 
2324 ,  45 .  54 
2326 ,  48 .   0 
2328 ,  47 .  86 
2322 ,  47 .  42 
2330 ,  47 .  42 
2322 ,  47 .  86 
2326 ,  48 .  73 
2322 ,  47 .  42 
2322 ,  48 .   0 
2324 ,  47 .  86 
2324 ,  48 .   0 
2323 ,  47 .  42 
2321 ,  46 .  84 
2323 ,  48 .  58 
2324 ,  47 .  86 
2331 ,  46 .  70 
2324 ,  47 .  42 
2327 ,  48 .   0 
2325 ,  49 .   2 
2323 ,  47 .  42 
2325 ,  47 .  86 
2323 ,  47 .  42 
2326 ,  48 .   0 
2325 ,  48 .  15 
2324 ,  47 .  42 
2326 ,  48 .  44 
2325 ,  48 .   0 
2323 ,  47 .  42 
2326 ,  47 .  42 
2324 ,  48 .  44 
2325 ,  47 .  42 
2323 ,  47 .  86 
2324 ,  47 .  42 
2325 ,  47 .  86 
2325 ,  46 .  26 
2325 ,  47 .  28 
2324 ,  47 .  42 
2324 ,  49 .  60 
2327 ,  46 .  99 
2324 ,  48 .   0 
2325 ,  47 .  13 
2330 ,  48 .  44 
2327 ,  47 .  13 
2325 ,  47 .  28 
2326 ,  48 .  58 
2328 ,  48 .  15 
2327 ,  47 .  42 
2326 ,  48 .   0 
2328 ,  47 .  86 
2328 ,  47 .  86 
2328 ,  47 .  28 
2326 ,  47 .  42 
2329 ,  48 .  44 
2328 ,  47 .  86 
2328 ,  47 .  42 
2327 ,  46 .  99 
2326 ,  47 .  42 
2328 ,  48 .  58 
2330 ,  47 .  28 
2326 ,  47 .  28 
2327 ,  47 .  13 
2326 ,  48 .   0 
2327 ,  47 .  42 
2328 ,  48 .  58 
2326 ,  47 .  42 
2328 ,  48 .   0 
2326 ,  47 .  86 
2328 ,  49 .   2 
2327 ,  47 .  42 
2326 ,  47 .  13 
2330 ,  46 .  84 
2328 ,  46 .  26 
2328 ,  46 .  26 
2330 ,  46 .  84 
2329 ,  46 .  99 
2327 ,  48 .  29 
2325 ,  48 .  87 
2327 ,  47 .  42 
2325 ,  48 .  15 
2325 ,  46 .  26 
2328 ,  46 .  26 
2325 ,  46 .  12 
2328 ,  48 .   0 
2328 ,  47 .  42 
2328 ,  46 .  70 
2330 ,  46 .  70 
2325 ,  46 .  12 
2326 ,  46 .  26 
2328 ,  46 .  12 
2325 ,  46 .  55 
2327 ,  48 .  44 
2327 ,  46 .  84 
2329 ,  46 .  26 
2326 ,  46 .  84 
2328 ,  48 .  15 
2325 ,  46 .  70 
2329 ,  46 .  70 
2326 ,  46 .  84 
2325 ,  47 .  28 
2328 ,  46 .  26 
2329 ,  48 .  15 
2325 ,  47 .  86 
2327 ,  47 .  42 
2326 ,  47 .  28 
2327 ,  48 .   0 
2324 ,  47 .  42 
2328 ,  48 .  44 
2324 ,  46 .  99 
2327 ,  46 .  84 
2328 ,  47 .  86 
2326 ,  48 .   0 
2326 ,  47 .  42 
2327 ,  48 .  29 
2327 ,  47 .  28 
2326 ,  47 .  86 
2325 ,  47 .  42 
2327 ,  45 .  10 
2328 ,  48 .  15 
2328 ,  47 .  28 
2328 ,  47 .  86 
2329 ,  47 .  86 
2330 ,  46 .  84 
2324 ,  47 .  42 
2327 ,  47 .  42 
2328 ,  47 .  86 
2326 ,  47 .  42 
2326 ,  48 .   0 
2326 ,  46 .  84 
2329 ,  48 .   0 
2328 ,  47 .  42 
2327 ,  47 .  42 
2326 ,  46 .  26 
2330 ,  46 .  26 
2328 ,  47 .  42 
2328 ,  47 .  28 
2327 ,  47 .  42 
2328 ,  46 .  41 
2328 ,  47 .  86 
2326 ,  47 .  86 
2328 ,  46 .  26 
2329 ,  46 .  70 
2325 ,  48 .  58 
2320 ,  47 .  28 
2327 ,  47 .  42 
2329 ,  47 .  13 
2328 ,  48 .  44 
2327 ,  47 .  42 
2320 ,  47 .  28 
2330 ,  47 .  42 
2326 ,  47 .  86 
2327 ,  47 .  42 
2328 ,  49 .   2 
2330 ,  48 .  44 
2329 ,  48 .  44 
2328 ,  49 .  60 
2328 ,  47 .  86 
2328 ,  47 .  42 
2336 ,  47 .  86 
2330 ,  47 .  42 
2327 ,  46 .  84 
2329 ,  47 .  42 
2329 ,  47 .  86 
2328 ,  48 .   0 
2328 ,  48 .  15 
2329 ,  48 .  15 
2329 ,  47 .  28 
2325 ,  47 .  86 
2327 ,  48 .   0 
2330 ,  47 .  42 
2328 ,  48 .   0 
2328 ,  47 .  86 
2328 ,  48 .   0 
2329 ,  47 .  42 
2325 ,  48 .   0 
2328 ,  49 .  74 
2327 ,  46 .  12 
2327 ,  47 .  13 
2326 ,  47 .  42 
2327 ,  45 .  68 
2327 ,  46 .  99 
2327 ,  47 .  28 
2328 ,  48 .  58 
2326 ,  46 .  99 
2329 ,  47 .  42 
2328 ,  47 .  86 
2328 ,  47 .  42 
2324 ,  46 .  99 
2327 ,  47 .  42 
2330 ,  47 .  86 
2328 ,  48 .   0 
2328 ,  45 .  10 
2329 ,  48 .  58 
2327 ,  47 .  13 
2328 ,  48 .   0 
2328 ,  46 .  12 
2329 ,  47 .  42 
2330 ,  47 .  86 
2328 ,  48 .   0 
2328 ,  46 .  99 
2330 ,  49 .  16 
2329 ,  47 .  42 
2328 ,  47 .  42 
2327 ,  47 .  42 
2330 ,  47 .  28 
2328 ,  48 .   0 
2327 ,  47 .  42 
2328 ,  46 .  84 
2330 ,  47 .  86 
2331 ,  47 .  86 
2328 ,  48 .  44 
2326 ,  45 .  97 
2327 ,  48 .  44 
2331 ,  46 .  70 
2326 ,  46 .  26 
2328 ,  44 .  52 
2327 ,  46 .  84 
2325 ,  47 .  42 
2327 ,  47 .  42 
2327 ,  45 .  54 
2327 ,  43 .  22 
2331 ,  45 .  68 
2329 ,  48 .  44 
2325 ,  46 .  12 
2330 ,  48 .   0 
2327 ,  47 .  86 
2327 ,  46 .  12 
2327 ,  45 .  10 
2332 ,  46 .  26 
2329 ,  46 .  26 
2326 ,  46 .  26 
2328 ,  45 .  10 
2328 ,  46 .  12 
2331 ,  47 .  28 
2326 ,  46 .  99 
2327 ,  46 .  26 
2330 ,  47 .  13 
2332 ,  46 .  70 
2329 ,  45 .  97 
2330 ,  46 .  12 
2330 ,  46 .  26 
2330 ,  46 .  26 
2328 ,  47 .  42 
2327 ,  46 .  26 
2332 ,  46 .  84 
2330 ,  47 .  86 
2330 ,  47 .  42 
2328 ,  47 .  13 
2329 ,  46 .  26 
2331 ,  47 .  28 
2327 ,  47 .  42 
2330 ,  46 .  84 
2330 ,  47 .  28 
2329 ,  47 .  42 
2328 ,  47 .  42 
2329 ,  46 .  84 
2328 ,  47 .  13 
2329 ,  46 .  84 
2329 ,  46 .  70 
2326 ,  46 .  26 
2328 ,  46 .  99 
2327 ,  47 .  86 
2328 ,  47 .  42 
2327 ,  46 .  70 
2328 ,  46 .  26 
2330 ,  47 .  28 
2325 ,  48 .   0 
2327 ,  47 .  42 
2330 ,  47 .  42 
2330 ,  46 .  70 
2328 ,  47 .  86 
2328 ,  47 .  42 
2329 ,  47 .  42 
2331 ,  47 .  42 
2326 ,  48 .  44 
2327 ,  47 .  42 
2331 ,  47 .  86 
2329 ,  49 .   2 
2327 ,  48 .  44 
2328 ,  47 .  13 
2330 ,  46 .  84 
2331 ,  47 .  86 
2328 ,  48 .   0 
2327 ,  47 .  28 
2331 ,  46 .  70 
2330 ,  48 .  58 
2329 ,  47 .  28 
2329 ,  48 .   0 
2331 ,  44 .  38 
2329 ,  47 .  42 
2329 ,  47 .  42 
2330 ,  49 .  60 
2327 ,  46 .  99 
2329 ,  48 .   0 
2329 ,  49 .   2 
2326 ,  47 .  42 
2329 ,  47 .  42 
2330 ,  47 .  42 
2327 ,  48 .  29 
2328 ,  47 .  86 
2330 ,  47 .  28 
2326 ,  47 .  42 
2335 ,  47 .  86 
2326 ,  46 .  99 
2332 ,  46 .  26 
2332 ,  48 .   0 
2327 ,  47 .  42 
2328 ,  47 .  28 
2329 ,  47 .  86 
2330 ,  49 .   2 
2325 ,  48 .  29 
2328 ,  47 .  42 
2329 ,  47 .  86 
2330 ,  47 .  42 
2328 ,  46 .  12 
2328 ,  47 .  28 
2329 ,  47 .  13 
2329 ,  48 .   0 
2328 ,  48 .  44 
2327 ,  47 .  42 
2330 ,  46 .  12 
2328 ,  48 .   0 
2324 ,  48 .  29 
2328 ,  47 .  86 
2328 ,  47 .  86 
2328 ,  48 .  73 
2328 ,  48 .   0 
2328 ,  48 .   0 
2327 ,  47 .  86 
2329 ,  47 .  71 
2327 ,  47 .  86 
2328 ,  48 .  44 
2328 ,  47 .  86 
2328 ,  46 .  70 
2328 ,  48 .  73 
2329 ,  47 .  86 
2329 ,  48 .  44 
2329 ,  46 .  99 
2326 ,  48 .  73 
2328 ,  47 .  42 
2329 ,  47 .  42 
2330 ,  48 .  58 
2325 ,  48 .  87 
2327 ,  47 .  42 
2330 ,  48 .   0 
2330 ,  48 .  15 
2327 ,  47 .  42 
2329 ,  47 .  28 
2329 ,  47 .  42 
2328 ,  47 .  42 
2326 ,  49 .   2 
2327 ,  48 .  87 
2330 ,  46 .  26 
2330 ,  48 .  29 
2328 ,  48 .  58 
2327 ,  48 .  29 
2330 ,  50 .  32 
2331 ,  46 .  26 
2328 ,  46 .  26 
2328 ,  46 .  99 
2328 ,  48 .   0 
2328 ,  47 .  42 
2326 ,  47 .  42 
2327 ,  49 .  16 
2331 ,  46 .  26 
2329 ,  46 .  12 
2326 ,  46 .  26 
2330 ,  46 .  12 
2329 ,  46 .  26 
2329 ,  46 .  12 
2325 ,  46 .  70 
2327 ,  45 .  83 
2330 ,  45 .  54 
2329 ,  46 .  26 
2324 ,  46 .  84 
2330 ,  45 .  68 
2330 ,  47 .  42 
2328 ,  46 .  99 
2325 ,  46 .  26 
2329 ,  47 .  42 
2329 ,  46 .  84 
2327 ,  46 .  70 
2328 ,  48 .   0 
2328 ,  46 .  70 
2328 ,  46 .  70 
2328 ,  47 .  28 
2324 ,  47 .  42 
2330 ,  47 .  28 
2329 ,  47 .  42 
2328 ,  47 .  28 
2326 ,  48 .   0 
2327 ,  46 .  99 
2329 ,  47 .  42 
2328 ,  48 .  44 
2327 ,  47 .  42 
2327 ,  47 .  42 
2330 ,  47 .  86 
2328 ,  48 .  15 
2327 ,  47 .  42 
2328 ,  47 .  86 
2330 ,  46 .  84 
2326 ,  48 .  58 
2324 ,  48 .  44 
2327 ,  47 .  42 
2330 ,  47 .  86 
2328 ,  48 .  15 
2325 ,  47 .  42 
2329 ,  47 .  86 
2330 ,  47 .  42 
2328 ,  46 .  84 
2325 ,  47 .  13 
2327 ,  47 .  42 
2331 ,  48 .  58 
2327 ,  47 .  42 
2324 ,  47 .  86 
2328 ,  48 .  15 
2331 ,  48 .  15 
2328 ,  47 .  42 
2324 ,  48 .   0 
2328 ,  47 .  86 
2328 ,  48 .  15 
2327 ,  46 .  12 
2326 ,  47 .  42 
2327 ,  47 .  42 
2329 ,  47 .  13 
2329 ,  45 .  10 
2326 ,  47 .  28 
2329 ,  47 .  28 
2330 ,  48 .  44 
2328 ,  47 .  42 
2325 ,  48 .   0 
2328 ,  47 .  42 
2329 ,  47 .  86 
2320 ,  47 .  42 
2322 ,  48 .   0 
2328 ,  48 .  29 
2328 ,  48 .  29 
2328 ,  46 .  84 
2328 ,  46 .  12 
2327 ,  47 .  42 
2329 ,  47 .  42 
2329 ,  47 .  42 
2325 ,  48 .   0 
2329 ,  47 .  86 
2318 ,  47 .  42 
2327 ,  47 .  42 
2333 ,  47 .  42 
2331 ,  47 .  86 
2330 ,  48 .  15 
2329 ,  47 .  13 
2326 ,  47 .  86 
2329 ,  47 .  42 
2331 ,  47 .  28 
2327 ,  46 .  26 
2328 ,  48 .   0 
2330 ,  48 .  58 
2332 ,  47 .  86 
2329 ,  45 .  54 
2325 ,  48 .   0 
2328 ,  48 .  73 
2329 ,  47 .  86 
2329 ,  47 .  86 
2327 ,  47 .  42 
2326 ,  47 .  42 
2331 ,  48 .  44 
2328 ,  48 .  15 
2326 ,  47 .  86 
2330 ,  48 .  44 
2329 ,  47 .  42 
2329 ,  47 .  42 
2328 ,  47 .  86 
2331 ,  48 .  15 
2330 ,  47 .  42 
2329 ,  48 .   0 
2328 ,  47 .  71 
2330 ,  48 .  15 
2331 ,  48 .   0 
2330 ,  47 .  86 
2328 ,  47 .  28 
2330 ,  47 .  42 
2331 ,  48 .  44 
2329 ,  48 .  15 
2329 ,  47 .  42 
2331 ,  49 .  16 
2332 ,  48 .  44 
2328 ,  46 .  26 
2325 ,  49 .   2 
2329 ,  48 .   0 
2331 ,  47 .  86 
2330 ,  47 .  86 
2327 ,  48 .  44 
2331 ,  47 .  42 
2331 ,  47 .  42 
2330 ,  48 .  44 
2327 ,  48 .  58 
2331 ,  48 .  58 
2330 ,  50 .  32 
2330 ,  49 .  60 
2327 ,  49 .   2 
2331 ,  46 .  99 
2329 ,  46 .  26 
2328 ,  46 .  26 
2326 ,  48 .  29 
2329 ,  46 .  84 
2331 ,  48 .   0 
2330 ,  47 .  86 
2328 ,  46 .  84 
2330 ,  46 .  12 
2330 ,  46 .  26 
2330 ,  48 .  44 
2327 ,  47 .  28 
2329 ,  46 .  84 
2331 ,  46 .  26 
2327 ,  46 .  26 
2327 ,  46 .  84 
2333 ,  46 .  84 
2331 ,  48 .  29 
2329 ,  46 .  26 
2330 ,  46 .  70 
2330 ,  46 .  12 
2331 ,  46 .  99 
2330 ,  48 .  44 
2328 ,  47 .  28 
2330 ,  47 .  28 
2332 ,  47 .  28 
2328 ,  46 .  84 
2329 ,  47 .  42 
2332 ,  47 .  42 
2331 ,  46 .  70 
2331 ,  46 .  84 
2326 ,  46 .  12 
2330 ,  46 .  70 
2331 ,  47 .  42 
2328 ,  46 .  99 
2330 ,  48 .   0 
2331 ,  47 .  42 
2331 ,  48 .   0 
2328 ,  47 .  42 
2327 ,  48 .   0 
2331 ,  47 .  86 
2332 ,  47 .  28 
2328 ,  46 .  70 
2328 ,  47 .  86 
2330 ,  46 .  84 
2332 ,  46 .  84 
2330 ,  47 .  86 
2330 ,  48 .  15 
2329 ,  48 .   0 
2329 ,  48 .   0 
2328 ,  47 .  42 
2328 ,  47 .  42 
2329 ,  47 .  42 
2330 ,  46 .  26 
2329 ,  47 .  42 
2328 ,  48 .   0 
2332 ,  47 .  71 
2330 ,  47 .  42 
2329 ,  49 .   2 
2328 ,  48 .  58 
2330 ,  47 .  42 
2331 ,  48 .   0 
2328 ,  47 .  86 
2326 ,  48 .  29 
2330 ,  48 .  44 
2330 ,  47 .  86 
2329 ,  47 .  86 
2326 ,  48 .  58 
2332 ,  46 .  99 
2330 ,  48 .  44 
2327 ,  47 .  13 
2328 ,  48 .  44 
2330 ,  49 .  60 
2332 ,  48 .   0 
2330 ,  48 .  58 
2328 ,  48 .  44 
2329 ,  47 .  42 
2320 ,  48 .   0 
2326 ,  47 .  86 
2328 ,  50 .  18 
2329 ,  47 .  42 
2330 ,  47 .  42 
2328 ,  48 .   0 
2328 ,  48 .  58 
2332 ,  49 .  60 
2330 ,  48 .  58 
2329 ,  47 .  28 
2325 ,  48 .   0 
2337 ,  49 .   2 
2334 ,  47 .  86 
2327 ,  47 .  28 
2331 ,  47 .  86 
2332 ,  48 .   0 
2332 ,  46 .  84 
2330 ,  48 .  44 
2329 ,  48 .  15 
2332 ,  48 .  44 
2330 ,  48 .  44 
2327 ,  47 .  42 
2330 ,  48 .  58 
2331 ,  47 .  86 
2329 ,  48 .   0 
2325 ,  47 .  42 
2326 ,  48 .  44 
2330 ,  48 .  29 
2329 ,  48 .  29 
2328 ,  47 .  42 
2326 ,  48 .  58 
2333 ,  48 .  44 
2330 ,  48 .  58 
2327 ,  47 .  42 
2324 ,  48 .  87 
2331 ,  48 .   0 
2328 ,  48 .  15 
2326 ,  48 .  15 
2328 ,  48 .   0 
2331 ,  46 .  26 
2328 ,  47 .  42 
2328 ,  48 .  44 
2325 ,  48 .  44 
2329 ,  48 .   0 
2328 ,  48 .  44 
2328 ,  48 .  15 
2328 ,  47 .  42 
2333 ,  48 .  58 
2329 ,  48 .  73 
2328 ,  48 .  44 
2328 ,  48 .  44 
2331 ,  48 .  29 
2331 ,  47 .  86 
2328 ,  48 .  73 
2330 ,  48 .  44 
2331 ,  46 .  84 
2330 ,  46 .  70 
2328 ,  47 .  86 
2327 ,  48 .  58 
2331 ,  47 .  42 
2330 ,  48 .  58 
2330 ,  48 .  44 
2325 ,  48 .  29 
2333 ,  50 .  90 
2330 ,  48 .  15 
2328 ,  47 .  42 
2328 ,  48 .   0 
2332 ,  47 .  86 
2330 ,  47 .  86 
2328 ,  47 .  86 
2330 ,  48 .  15 
2330 ,  47 .  42 
2330 ,  49 .  16 
2326 ,  48 .  58 
2329 ,  47 .  42 
2333 ,  46 .  26 
2330 ,  46 .  99 
2328 ,  46 .  26 
2328 ,  47 .  28 
2332 ,  46 .  55 
2329 ,  46 .  26 
2330 ,  46 .  99 
2328 ,  46 .  70 
2331 ,  47 .  42 
2331 ,  47 .  42 
2328 ,  46 .  55 
2328 ,  47 .  86 
2332 ,  46 .  70 
2330 ,  46 .  84 
2328 ,  48 .  44 
2332 ,  46 .  26 
2329 ,  47 .  42 
2329 ,  47 .  42 
2328 ,  47 .  42 
2331 ,  45 .  97 
2332 ,  46 .  26 
2330 ,  47 .  42 
2327 ,  47 .  42 
2328 ,  46 .  70 
2331 ,  48 .  58 
2329 ,  47 .  13 
2327 ,  48 .   0 
2328 ,  48 .   0 
2331 ,  48 .  29 
2329 ,  47 .  42 
2329 ,  48 .   0 
2331 ,  48 .  58 
2332 ,  47 .  86 
2330 ,  47 .  28 
2327 ,  47 .  86 
2331 ,  47 .  86 
2331 ,  47 .  42 
2330 ,  48 .  15 
2328 ,  47 .  42 
2330 ,  48 .   0 
2334 ,  48 .  15 
2329 ,  48 .   0 
2327 ,  48 .  29 
2330 ,  48 .  15 
2331 ,  47 .  42 
2331 ,  47 .  42 
2329 ,  47 .  86 
2330 ,  48 .  58 
2331 ,  47 .  13 
2329 ,  47 .  42 
2330 ,  49 .  60 
2331 ,  47 .  42 
2330 ,  48 .  44 
2330 ,  48 .  58 
2327 ,  46 .  26 
2330 ,  48 .   0 
2331 ,  48 .  44 
2329 ,  48 .  29 
2328 ,  48 .   0 
2328 ,  48 .  87 
2332 ,  47 .  86 
2329 ,  47 .  13 
2329 ,  47 .  42 
2331 ,  48 .   0 
2332 ,  48 .  58 
2329 ,  48 .  58 
2329 ,  46 .  84 
2328 ,  48 .   0 
2333 ,  47 .  86 
2325 ,  49 .  74 
2331 ,  47 .  86 
2329 ,  48 .  44 
2329 ,  47 .  42 
2330 ,  48 .  44 
2327 ,  48 .  87 
2329 ,  48 .  58 
2331 ,  47 .  86 
2331 ,  48 .  44 
2332 ,  47 .  86 
2327 ,  48 .   0 
2331 ,  47 .  28 
2330 ,  49 .   2 
2329 ,  47 .  42 
2329 ,  49 .  16 
2334 ,  48 .  44 
2330 ,  48 .  58 
2328 ,  47 .  42 
2330 ,  48 .  44 
2332 ,  48 .  29 
2330 ,  48 .  73 
2328 ,  48 .  58 
2327 ,  48 .  15 
2331 ,  48 .  44 
2329 ,  49 .   2 
2329 ,  47 .  42 
2331 ,  49 .  31 
2331 ,  48 .   0 
2327 ,  47 .  42 
2328 ,  48 .   0 
2331 ,  49 .   2 
2332 ,  48 .   0 
2329 ,  48 .  44 
2330 ,  48 .  29 
2329 ,  48 .  58 
2331 ,  47 .  86 
2329 ,  47 .  28 
2330 ,  48 .  44 
2331 ,  48 .  58 
2330 ,  48 .  58 
2329 ,  48 .  73 
2327 ,  48 .  58 
2331 ,  48 .  58 
2332 ,  48 .  44 
2330 ,  49 .  16 
2329 ,  48 .  58 
2329 ,  49 .  16 
2331 ,  48 .  44 
2329 ,  48 .   0 
2327 ,  49 .  74 
2332 ,  47 .  86 
2332 ,  48 .  44 
2330 ,  46 .  99 
2330 ,  49 .  31 
2330 ,  48 .   0 
2331 ,  48 .  44 
2328 ,  48 .   0 
2329 ,  48 .  58 
2331 ,  47 .  86 
2332 ,  49 .   2 
2328 ,  47 .  42 
2329 ,  48 .  44 
2330 ,  49 .  74 
2329 ,  48 .  58 
2328 ,  47 .  42 
2330 ,  47 .  42 
2328 ,  47 .  42 
2330 ,  47 .  42 
2328 ,  47 .  86 
2329 ,  47 .  86 
2329 ,  48 .  58 
2331 ,  48 .  44 
2330 ,  48 .   0 
2330 ,  49 .  16 
2329 ,  47 .  13 
2329 ,  46 .  26 
2330 ,  47 .  13 
2329 ,  46 .  26 
2330 ,  47 .  42 
2332 ,  47 .  28 
2328 ,  46 .  99 
2329 ,  46 .  84 
2331 ,  47 .  42 
2327 ,  48 .  15 
2328 ,  47 .  42 
2330 ,  48 .  15 
2329 ,  46 .  99 
2331 ,  46 .  84 
2328 ,  47 .  57 
2327 ,  48 .  58 
2328 ,  47 .  42 
2331 ,  46 .  70 
2329 ,  47 .  13 
2330 ,  47 .  13 
2327 ,  47 .  42 
2331 ,  48 .   0 
2329 ,  47 .  86 
2330 ,  47 .  42 
2329 ,  48 .  44 
2331 ,  47 .  86 
2328 ,  47 .  86 
2328 ,  49 .  16 
2328 ,  48 .  15 
2331 ,  47 .  86 
2331 ,  48 .  44 
2329 ,  48 .  44 
2329 ,  48 .  15 
2330 ,  48 .  44 
2328 ,  48 .   0 
2329 ,  47 .  28 
2334 ,  48 .  58 
2332 ,  48 .  29 
2327 ,  48 .  73 
2330 ,  48 .  58 
2331 ,  48 .  29 
2329 ,  47 .  42 
2330 ,  48 .   0 
2331 ,  47 .  42 
2331 ,  47 .  86 
2329 ,  47 .  42 
2330 ,  48 .  44 
2329 ,  47 .  86 
2332 ,  48 .   0 
2330 ,  48 .  44 
2330 ,  49 .   2 
2333 ,  47 .  86 
2330 ,  48 .  58 
2331 ,  46 .  99 
2330 ,  46 .  70 
2329 ,  47 .  28 
2328 ,  48 .  87 
2331 ,  49 .   2 
2329 ,  48 .   0 
2329 ,  47 .  42 
2331 ,  48 .  58 
2331 ,  48 .  58 
2329 ,  48 .  44 
2329 ,  46 .  84 
2331 ,  49 .  16 
2330 ,  47 .  42 
2329 ,  48 .   0 
2338 ,  47 .  86 
2330 ,  49 .   2 
2329 ,  47 .  42 
2327 ,  48 .  58 
2329 ,  49 .   2 
2331 ,  48 .  58 
2328 ,  48 .  58 
2327 ,  48 .  58 
2329 ,  49 .   2 
2332 ,  47 .  86 
2335 ,  46 .  84 
2335 ,  48 .  44 
2332 ,  48 .  44 
2330 ,  48 .  58 
2330 ,  48 .   0 
2327 ,  48 .  58 
2330 ,  48 .  73 
2331 ,  48 .  15 
2330 ,  47 .  13 
2328 ,  47 .  86 
2333 ,  49 .  60 
2332 ,  49 .   2 
2329 ,  48 .  58 
2328 ,  48 .  44 
2330 ,  48 .  44 
2328 ,  47 .  86 
2329 ,  48 .   0 
2330 ,  48 .  44 
2330 ,  49 .   2 
2329 ,  48 .  29 
2328 ,  48 .  58 
2327 ,  48 .  87 
2330 ,  49 .  16 
2330 ,  48 .  44 
2327 ,  48 .  15 
2328 ,  48 .  44 
2331 ,  47 .  42 
2331 ,  47 .  42 
2332 ,  49 .   2 
2328 ,  48 .  44 
2330 ,  47 .  42 
2330 ,  49 .  31 
2329 ,  48 .  58 
2329 ,  48 .  58 
2331 ,  47 .  86 
2329 ,  48 .  58 
2330 ,  48 .   0 
2330 ,  49 .   2 
2327 ,  48 .  58 
2330 ,  48 .   0 
2331 ,  49 .   2 
2328 ,  48 .  29 
2331 ,  48 .  15 
2330 ,  48 .  58 
2329 ,  48 .  58 
2329 ,  46 .  84 
2331 ,  47 .  86 
2329 ,  48 .  58 
2330 ,  48 .  44 
2325 ,  49 .   2 
2331 ,  48 .  44 
2331 ,  47 .  86 
2331 ,  47 .  86 
2328 ,  50 .  90 
2329 ,  48 .  58 
2330 ,  47 .  42 
2331 ,  46 .  26 
2328 ,  47 .  28 
2331 ,  48 .  44 
2330 ,  49 .  31 
2329 ,  47 .  42 
2327 ,  48 .   0 
2328 ,  46 .  26 
2329 ,  46 .  84 
2327 ,  46 .  26 
2330 ,  47 .  42 
2332 ,  46 .  70 
2331 ,  47 .  42 
2330 ,  46 .  99 
2327 ,  48 .  87 
2332 ,  46 .  26 
2331 ,  47 .  28 
2329 ,  46 .  12 
2329 ,  47 .  42 
2330 ,  47 .  42 
2332 ,  47 .  13 
2329 ,  46 .  26 
2328 ,  47 .  42 
2330 ,  46 .  55 
2332 ,  47 .  42 
2327 ,  48 .  44 
2329 ,  47 .  42 
2332 ,  51 .  63 
2329 ,  46 .  99 
2329 ,  47 .  42 
2328 ,  49 .  31 
2333 ,  47 .  86 
2329 ,  48 .  58 
2329 ,  46 .  70 
2330 ,  47 .  28 
2329 ,  47 .  86 
2334 ,  48 .  58 
2329 ,  47 .  42 
2330 ,  49 .  16 
2333 ,  48 .  58 
2331 ,  48 .  44 
2329 ,  47 .  57 
2331 ,  49 .   2 
2332 ,  48 .  58 
2330 ,  47 .  86 
2330 ,  48 .   0 
2330 ,  47 .  86 
2334 ,  48 .  44 
2328 ,  46 .  26 
2328 ,  48 .   0 
2330 ,  48 .  15 
2331 ,  48 .  15 
2332 ,  48 .  73 
2329 ,  47 .  42 
2329 ,  48 .  44 
2331 ,  48 .  44 
2331 ,  47 .  42 
2327 ,  47 .  42 
2329 ,  48 .  44 
2329 ,  48 .  58 
2331 ,  48 .  44 
2329 ,  47 .  42 
2329 ,  48 .  29 
2332 ,  48 .  58 
2331 ,  48 .  58 
2328 ,  46 .  26 
2331 ,  48 .  44 
2331 ,  48 .  58 
2331 ,  48 .  58 
2330 ,  47 .  42 
2330 ,  48 .  58 
2330 ,  47 .  42 
2331 ,  48 .  58 
2330 ,  49 .   2 
2332 ,  48 .  58 
2333 ,  48 .  44 
2330 ,  48 .  44 
2332 ,  48 .  29 
2335 ,  48 .  44 
2331 ,  48 .  44 
2331 ,  48 .  58 
2329 ,  46 .  99 
2330 ,  48 .  44 
2331 ,  47 .  42 
2329 ,  49 .   2 
2329 ,  48 .  44 
2330 ,  48 .   0 
2327 ,  48 .  58 
2347 ,  49 .  16 
2332 ,  48 .  58 
2330 ,  47 .  71 
2331 ,  48 .   0 
2332 ,  48 .  58 
2329 ,  48 .  58 
2330 ,  49 .  16 
2333 ,  48 .  73 
2331 ,  48 .  58 
2329 ,  48 .   0 
2330 ,  48 .   0 
2334 ,  48 .  44 
2331 ,  48 .  44 
2329 ,  48 .   0 
2331 ,  47 .  42 
2331 ,  48 .   0 
2329 ,  48 .   0 
2329 ,  48 .   0 
2330 ,  48 .  44 
2332 ,  48 .  44 
2329 ,  49 .   2 
2330 ,  47 .  86 
2330 ,  49 .  31 
2332 ,  48 .  44 
2329 ,  48 .  73 
2330 ,  48 .  58 
2331 ,  49 .  31 
2331 ,  48 .  29 
2330 ,  49 .   2 
2332 ,  48 .  15 
2330 ,  48 .  29 
2334 ,  48 .  44 
2331 ,  48 .  15 
2331 ,  47 .  86 
2331 ,  48 .   0 
2334 ,  48 .  58 
2329 ,  48 .  58 
2330 ,  48 .  29 
2331 ,  48 .  73 
2332 ,  48 .  29 
2329 ,  48 .  29 
2330 ,  47 .  42 
2331 ,  46 .  84 
2331 ,  47 .  42 
2330 ,  48 .  44 
2329 ,  47 .  42 
2332 ,  48 .   0 
2331 ,  49 .   2 
2329 ,  48 .  58 
2329 ,  48 .  58 
2332 ,  51 .  48 
2334 ,  50 .  61 
2328 ,  49 .  74 
2331 ,  49 .  60 
2332 ,  47 .  28 
2333 ,  48 .   0 
2330 ,  48 .   0 
2331 ,  47 .  42 
2331 ,  47 .  86 
2333 ,  48 .  29 
2330 ,  48 .  44 
2329 ,  45 .  68 
2329 ,  48 .  44 
2333 ,  47 .  28 
2329 ,  48 .   0 
2329 ,  46 .  70 
2331 ,  46 .  70 
2333 ,  46 .  99 
2329 ,  46 .  84 
2329 ,  45 .  68 
2332 ,  46 .  84 
2334 ,  47 .  42 
2329 ,  47 .  42 
2330 ,  46 .  84 
2334 ,  47 .  86 
2334 ,  47 .  42 
2330 ,  48 .   0 
2332 ,  48 .   0 
2333 ,  44 .   9 
2334 ,  49 .  31 
2330 ,  48 .  44 
2329 ,  46 .  26 
2332 ,  48 .  15 
2334 ,  47 .  42 
2330 ,  47 .  42 
2330 ,  48 .  15 
2333 ,  46 .  26 
2336 ,  47 .  86 
2331 ,  48 .  29 
2330 ,  47 .  28 
2331 ,  46 .  26 
2333 ,  48 .  29 
2328 ,  48 .  58 
2331 ,  46 .  84 
2333 ,  48 .   0 
2332 ,  47 .  42 
2330 ,  48 .  58 
2332 ,  48 .   0 
2334 ,  47 .  57 
2336 ,  47 .  28 
2330 ,  47 .  86 
2331 ,  47 .  28 
2333 ,  47 .  42 
2336 ,  48 .  29 
2331 ,  48 .  15 
2330 ,  48 .   0 
2331 ,  49 .  16 
2332 ,  48 .  15 
2330 ,  47 .  28 
2331 ,  48 .  44 
2332 ,  48 .  15 
2331 ,  47 .  42 
2330 ,  48 .   0 
2330 ,  48 .  29 
2331 ,  48 .   0 
2332 ,  48 .  73 
2330 ,  48 .  15 
2331 ,  47 .  86 
2332 ,  48 .  44 
2332 ,  48 .  44 
2330 ,  48 .  44 
2331 ,  48 .  44 
2333 ,  49 .   2 
2332 ,  49 .   2 
2330 ,  48 .  58 
2332 ,  48 .  58 
2333 ,  48 .  29 
2334 ,  49 .  16 
2329 ,  48 .  15 
2331 ,  48 .  58 
2334 ,  48 .  44 
2327 ,  48 .  58 
2327 ,  47 .  86 
2329 ,  47 .  42 
2333 ,  48 .  73 
2332 ,  47 .  28 
2329 ,  49 .   2 
2331 ,  49 .   2 
2331 ,  47 .  42 
2333 ,  47 .  86 
2331 ,  48 .   0 
2324 ,  49 .  60 
2333 ,  49 .  16 
2330 ,  48 .  73 
2333 ,  48 .  15 
2332 ,  48 .  58 
2334 ,  48 .   0 
2334 ,  47 .  71 
2332 ,  46 .  99 
2331 ,  48 .  15 
2334 ,  47 .  28 
2332 ,  47 .  42 
2330 ,  48 .  44 
2330 ,  47 .  42 
2333 ,  49 .   2 
2334 ,  48 .   0 
2327 ,  48 .  58 
2332 ,  48 .   0 
2333 ,  48 .  44 
2334 ,  48 .  15 
2329 ,  47 .  42 
2332 ,  48 .  73 
2333 ,  48 .  58 
2333 ,  47 .  42 
2332 ,  48 .  73 
2330 ,  48 .  58 
2333 ,  48 .  58 
2333 ,  48 .  58 
2330 ,  47 .  86 
2328 ,  48 .  73 
2334 ,  48 .  58 
2332 ,  48 .  44 
2331 ,  47 .  86 
2332 ,  48 .  44 
2333 ,  48 .  58 
2332 ,  49 .  74 
2331 ,  48 .   0 
2334 ,  49 .  60 
2333 ,  48 .  58 
2333 ,  49 .  16 
2330 ,  49 .   2 
2332 ,  48 .  29 
2334 ,  47 .  86 
2333 ,  49 .  16 
2329 ,  48 .  87 
2333 ,  48 .  29 
2334 ,  48 .  44 
2326 ,  49 .  16 
2330 ,  48 .  15 
2331 ,  48 .  15 
2333 ,  48 .  58 
2332 ,  48 .  58 
2330 ,  50 .  18 
2331 ,  49 .  74 
2333 ,  48 .  29 
2336 ,  48 .  44 
2330 ,  46 .  26 
2332 ,  48 .   0 
2334 ,  49 .  31 
2333 ,  48 .  58 
2330 ,  46 .  12 
2333 ,  47 .  86 
2334 ,  47 .  42 
2339 ,  48 .  58 
2329 ,  46 .  84 
2332 ,  46 .  84 
2334 ,  48 .   0 
2334 ,  47 .  57 
2331 ,  46 .  26 
2332 ,  46 .  84 
2336 ,  49 .  74 
2333 ,  47 .  28 
2331 ,  46 .  84 
2334 ,  47 .  28 
2335 ,  49 .  45 
2334 ,  45 .  10 
2333 ,  47 .  42 
2332 ,  47 .  28 
2336 ,  49 .   2 
2331 ,  47 .  42 
2332 ,  47 .  28 
2333 ,  47 .  42 
2333 ,  46 .  84 
2332 ,  47 .  86 
2331 ,  47 .  86 
2334 ,  46 .  84 
2334 ,  48 .  58 
2332 ,  48 .  58 
2331 ,  47 .  28 
2333 ,  46 .  84 
2334 ,  48 .  58 
2333 ,  48 .  44 
2331 ,  48 .   0 
2332 ,  49 .  16 
2334 ,  48 .  58 
2332 ,  48 .   0 
2329 ,  48 .  58 
2334 ,  47 .  86 
2334 ,  48 .  44 
2332 ,  48 .  44 
2329 ,  48 .  44 
2332 ,  47 .  42 
2334 ,  48 .  58 
2332 ,  47 .  42 
2330 ,  48 .  58 
2333 ,  47 .  86 
2333 ,  48 .   0 
2332 ,  47 .  13 
2329 ,  48 .   0 
2334 ,  48 .  44 
2335 ,  48 .  58 
2332 ,  48 .  29 
2331 ,  48 .   0 
2334 ,  48 .  44 
2333 ,  48 .  44 
2332 ,  49 .   2 
2329 ,  48 .  73 
2332 ,  48 .   0 
2334 ,  49 .   2 
2332 ,  48 .  15 
2331 ,  48 .  29 
2334 ,  50 .  47 
2333 ,  49 .  16 
2331 ,  49 .  16 
2330 ,  48 .  29 
2333 ,  48 .  44 
2336 ,  48 .  44 
2329 ,  47 .  42 
2330 ,  47 .  86 
2332 ,  48 .   0 
2334 ,  48 .  87 
2329 ,  48 .   0 
2331 ,  47 .  13 
2334 ,  48 .  15 
2334 ,  48 .  87 
2333 ,  48 .  15 
2327 ,  48 .  87 
2332 ,  49 .   2 
2333 ,  48 .   0 
2332 ,  46 .  99 
2329 ,  48 .  15 
2331 ,  47 .  42 
2331 ,  48 .  58 
2329 ,  47 .  86 
2337 ,  49 .   2 
2332 ,  48 .  29 
2332 ,  48 .  15 
2330 ,  48 .  44 
2331 ,  48 .  58 
2333 ,  46 .  99 
2333 ,  48 .  29 
2332 ,  48 .  87 
2330 ,  49 .  16 
2332 ,  48 .  44 
2334 ,  48 .  58 
2333 ,  48 .   0 
2328 ,  48 .  29 
2331 ,  48 .  44 
2333 ,  50 .  18 
2331 ,  48 .   0 
2330 ,  48 .  58 
2330 ,  49 .   2 
2330 ,  47 .  13 
2332 ,  48 .  87 
2330 ,  48 .  44 
2331 ,  48 .  29 
2332 ,  50 .  90 
2332 ,  49 .   2 
2329 ,  48 .  58 
2329 ,  48 .  44 
2333 ,  48 .   0 
2330 ,  48 .  44 
2329 ,  48 .  58 
2332 ,  48 .  44 
2334 ,  48 .  58 
2329 ,  48 .  58 
2330 ,  48 .   0 
2331 ,  48 .  87 
2334 ,  49 .   2 
2330 ,  48 .   0 
2329 ,  49 .  16 
2332 ,  48 .   0 
2334 ,  48 .  44 
2328 ,  48 .  15 
2331 ,  48 .  73 
2333 ,  48 .   0 
2332 ,  48 .  58 
2331 ,  47 .  42 
2331 ,  48 .  58 
2333 ,  48 .  15 
2332 ,  48 .  29 
2330 ,  49 .  31 
2329 ,  48 .  58 
2332 ,  48 .   0 
2333 ,  48 .  58 
2330 ,  49 .  16 
2331 ,  49 .  16 
2332 ,  47 .  28 
2336 ,  49 .  60 
2329 ,  46 .  26 
2330 ,  47 .  42 
2333 ,  48 .  15 
2332 ,  48 .  58 
2332 ,  47 .  28 
2329 ,  48 .  29 
2333 ,  45 .  68 
2334 ,  47 .  71 
2330 ,  46 .  99 
2332 ,  45 .  97 
2333 ,  47 .  42 
2336 ,  49 .  45 
2332 ,  48 .  44 
2331 ,  46 .  84 
2336 ,  46 .  99 
2334 ,  49 .  60 
2330 ,  46 .  70 
2332 ,  47 .  86 
2336 ,  47 .  57 
2333 ,  48 .  58 
2332 ,  47 .  42 
2332 ,  46 .  99 
2335 ,  48 .   0 
2330 ,  48 .  15 
2332 ,  49 .  16 
2332 ,  46 .  99 
2334 ,  49 .  16 
2335 ,  48 .  44 
2332 ,  48 .   0 
2332 ,  46 .  99 
2335 ,  47 .  13 
2335 ,  49 .   2 
2333 ,  48 .  58 
2331 ,  42 .  78 
2333 ,  48 .   0 
2334 ,  49 .   2 
2333 ,  47 .  71 
2330 ,  48 .   0 
2334 ,  48 .   0 
2336 ,  48 .  58 
2332 ,  49 .  74 
2332 ,  48 .  44 
2336 ,  48 .   0 
2334 ,  48 .  58 
2330 ,  48 .   0 
2332 ,  48 .   0 
2336 ,  48 .  73 
2335 ,  48 .  58 
2332 ,  48 .  29 
2333 ,  47 .  86 
2336 ,  47 .  86 
2334 ,  46 .  84 
2332 ,  48 .  15 
2333 ,  47 .  42 
2336 ,  49 .   2 
2335 ,  48 .  15 
2333 ,  47 .  71 
2336 ,  48 .  58 
2335 ,  47 .  13 
2333 ,  48 .  15 
2333 ,  49 .   2 
2332 ,  49 .  16 
2335 ,  47 .  42 
2336 ,  49 .  31 
2332 ,  47 .  42 
2333 ,  48 .  44 
2336 ,  46 .  99 
2335 ,  47 .  86 
2332 ,  48 .  58 
2333 ,  48 .  15 
2335 ,  48 .  44 
2335 ,  47 .  86 
2333 ,  48 .   0 
2333 ,  48 .  44 
2337 ,  48 .  73 
2335 ,  49 .  60 
2333 ,  48 .  29 
2334 ,  48 .  58 
2337 ,  48 .  58 
2336 ,  48 .  29 
2336 ,  49 .   2 
2333 ,  49 .   2 
2336 ,  47 .  28 
2336 ,  49 .   2 
2333 ,  46 .  84 
2313 ,  47 .  86 
2346 ,  47 .  42 
2334 ,  50 .  18 
2333 ,  47 .  42 
2334 ,  48 .   0 
2337 ,  46 .  99 
2333 ,  48 .  15 
2332 ,  48 .  44 
2334 ,  48 .  29 
2336 ,  48 .  58 
2333 ,  48 .  58 
2334 ,  48 .   0 
2334 ,  48 .  44 
2334 ,  48 .  58 
2332 ,  48 .  58 
2334 ,  48 .  73 
2333 ,  47 .  86 
2336 ,  48 .  29 
2333 ,  48 .  29 
2334 ,  49 .  60 
2334 ,  48 .  15 
2336 ,  48 .  44 
2334 ,  47 .  42 
2332 ,  48 .  44 
2336 ,  49 .  16 
2336 ,  48 .   0 
2335 ,  48 .  58 
2332 ,  47 .  28 
2333 ,  48 .  15 
2335 ,  48 .  44 
2336 ,  48 .  58 
2335 ,  47 .  57 
2333 ,  48 .  15 
2338 ,  49 .  45 
2335 ,  49 .  45 
2334 ,  49 .   2 
2335 ,  48 .  44 
2336 ,  48 .  58 
2334 ,  50 .  76 
2334 ,  48 .  58 
2333 ,  48 .  44 
2335 ,  47 .  28 
2336 ,  48 .  44 
2333 ,  48 .  58 
2335 ,  47 .  42 
2338 ,  49 .  60 
2334 ,  48 .  58 
2333 ,  47 .  42 
2336 ,  48 .  44 
2336 ,  48 .  58 
2333 ,  48 .  73 
2334 ,  50 .  18 
2335 ,  49 .  45 
2335 ,  50 .  18 
2335 ,  48 .  58 
2333 ,  48 .  29 
2334 ,  47 .  86 
2336 ,  48 .   0 
2334 ,  48 .  44 
2332 ,  47 .  28 
2334 ,  48 .   0 
2336 ,  46 .  99 
2333 ,  48 .  44 
2333 ,  46 .  70 
2336 ,  46 .  99 
2336 ,  46 .  26 
2333 ,  48 .  58 
2333 ,  46 .  26 
2336 ,  46 .  70 
2335 ,  46 .  84 
2334 ,  48 .   0 
2334 ,  48 .  58 
2333 ,  47 .  28 
2336 ,  47 .  28 
2334 ,  49 .  16 
2333 ,  48 .  15 
2336 ,  46 .  26 
2335 ,  46 .  99 
2342 ,  47 .  86 
2332 ,  47 .  42 
2336 ,  47 .  86 
2336 ,  48 .   0 
2334 ,  48 .  15 
2333 ,  48 .  44 
2334 ,  47 .  86 
2337 ,  48 .  73 
2333 ,  48 .  44 
2331 ,  48 .  44 
2334 ,  47 .  28 
2335 ,  47 .  42 
2336 ,  49 .  16 
2333 ,  47 .  86 
2334 ,  48 .   0 
2334 ,  47 .  42 
2334 ,  48 .  73 
2333 ,  47 .  42 
2333 ,  48 .  58 
2336 ,  48 .   0 
2331 ,  49 .  31 
2334 ,  46 .  26 
2334 ,  47 .  42 
2336 ,  48 .  15 
2332 ,  48 .  58 
2335 ,  48 .   0 
2336 ,  47 .  86 
2335 ,  47 .  86 
2334 ,  48 .  44 
2333 ,  48 .  15 
2336 ,  47 .  42 
2336 ,  48 .  15 
2335 ,  48 .  87 
2333 ,  46 .  26 
2338 ,  46 .  70 
2336 ,  47 .  86 
2335 ,  48 .  58 
2333 ,  47 .  42 
2336 ,  47 .  42 
2336 ,  47 .  42 
2334 ,  48 .   0 
2336 ,  48 .  58 
2334 ,  48 .  58 
2334 ,  48 .   0 
2331 ,  48 .  58 
2334 ,  48 .  73 
2337 ,  48 .  58 
2333 ,  48 .   0 
2327 ,  48 .  58 
2334 ,  48 .   0 
2336 ,  49 .   2 
2335 ,  48 .  29 
2334 ,  48 .  44 
2333 ,  47 .  86 
2333 ,  49 .  60 
2335 ,  47 .  42 
2336 ,  48 .  58 
2333 ,  47 .  86 
2335 ,  48 .  44 
2335 ,  48 .   0 
2334 ,  47 .  86 
2336 ,  49 .   2 
2335 ,  48 .  44 
2321 ,  48 .   0 
2335 ,  48 .  44 
2335 ,  48 .   0 
2336 ,  48 .   0 
2335 ,  48 .  87 
2334 ,  47 .  86 
2336 ,  48 .  44 
2336 ,  49 .   2 
2337 ,  48 .  44 
2334 ,  48 .  15 
2334 ,  48 .   0 
2335 ,  48 .  58 
2336 ,  48 .  58 
2334 ,  48 .  44 
2334 ,  48 .  29 
2336 ,  48 .  44 
2335 ,  47 .  86 
2333 ,  48 .  44 
2334 ,  48 .   0 
2336 ,  48 .   0 
2336 ,  48 .   0 
2333 ,  46 .  99 
2334 ,  48 .  29 
2336 ,  48 .  73 
2335 ,  48 .  29 
2333 ,  47 .  42 
2334 ,  48 .  58 
2335 ,  48 .  44 
2333 ,  48 .   0 
2334 ,  46 .  26 
2335 ,  47 .  42 
2335 ,  48 .  87 
2336 ,  49 .  16 
2334 ,  47 .  13 
2329 ,  48 .   0 
2335 ,  48 .  87 
2337 ,  49 .   2 
2334 ,  47 .  28 
2335 ,  48 .   0 
2336 ,  48 .  44 
2337 ,  48 .   0 
2333 ,  46 .  84 
2335 ,  48 .  73 
2336 ,  48 .  87 
2335 ,  48 .  44 
2335 ,  48 .  58 
2331 ,  49 .   2 
2336 ,  48 .  58 
2335 ,  49 .  16 
2336 ,  46 .  84 
2336 ,  49 .  74 
2335 ,  49 .  16 
2336 ,  46 .  26 
2334 ,  47 .  42 
2336 ,  47 .  42 
2336 ,  47 .  86 
2336 ,  47 .  86 
2334 ,  46 .  70 
2334 ,  47 .  28 
2336 ,  47 .  28 
2335 ,  48 .  58 
2334 ,  46 .  26 
2336 ,  46 .  26 
2336 ,  47 .  86 
2335 ,  46 .  26 
2332 ,  46 .  84 
2336 ,  49 .   2 
2335 ,  47 .  13 
2335 ,  46 .  99 
2333 ,  47 .  28 
2338 ,  47 .  28 
2335 ,  47 .  42 
2335 ,  48 .  73 
2335 ,  46 .  70 
2336 ,  46 .  26 
2338 ,  47 .  86 
2336 ,  48 .   0 
2334 ,  47 .  28 
2335 ,  49 .  16 
2338 ,  48 .  44 
2335 ,  47 .  42 
2338 ,  46 .  12 
2336 ,  47 .  86 
2337 ,  49 .  31 
2335 ,  46 .  84 
2334 ,  48 .   0 
2338 ,  48 .   0 
2338 ,  48 .  15 
2335 ,  47 .  42 
2334 ,  48 .   0 
2338 ,  48 .  15 
2336 ,  48 .   0 
2336 ,  48 .  44 
2334 ,  48 .  44 
2337 ,  48 .   0 
2337 ,  48 .  58 
2336 ,  49 .  16 
2333 ,  48 .   0 
2336 ,  47 .  42 
2336 ,  48 .   0 
2336 ,  48 .  15 
2333 ,  46 .  26 
2338 ,  49 .   2 
2339 ,  48 .  15 
2338 ,  48 .  44 
2338 ,  48 .  87 
2341 ,  47 .  28 
2344 ,  48 .  29 
2347 ,  48 .  44 
2345 ,  47 .  42 
2349 ,  49 .  74 
2346 ,  48 .  44 
2344 ,  46 .  55 
2346 ,  48 .  44 
2343 ,  47 .  42 
2346 ,  48 .  44 
2341 ,  48 .  44 
2341 ,  48 .  44 
2344 ,  48 .  15 
2343 ,  49 .  31 
2340 ,  48 .  44 
2340 ,  49 .  60 
2342 ,  47 .  42 
2342 ,  48 .  44 
2339 ,  48 .  44 
2340 ,  49 .   2 
2342 ,  48 .  44 
2342 ,  48 .  58 
2341 ,  49 .   2 
2342 ,  48 .  58 
2345 ,  48 .  15 
2332 ,  48 .  58 
2336 ,  50 .  90 
2339 ,  47 .  86 
2342 ,  48 . 