 63 .  96 
1888 ,  62 .  51 
1886 ,  62 .  36 
1887 ,  63 .  38 
1887 ,  62 .  65 
1888 ,  63 .   9 
1887 ,  61 .  93 
1888 ,  62 .  94 
1890 ,  62 .  36 
1886 ,  62 .   7 
1887 ,  63 .   9 
1888 ,  62 .  94 
1888 ,  63 .  96 
1886 ,  63 .   9 
1888 ,  62 .  22 
1887 ,  63 .   9 
1888 ,  63 .  67 
1888 ,  62 .  51 
1890 ,  62 .  65 
1888 ,  64 .  25 
1887 ,  63 .  23 
1886 ,  62 .  65 
1887 ,  63 .   9 
1889 ,  62 .  94 
1889 ,  62 .  65 
1889 ,  62 .  22 
1887 ,  63 .   9 
1889 ,  62 .  94 
1894 ,  62 .  94 
1888 ,  61 .  93 
1889 ,  62 .  36 
1888 ,  61 .  35 
1887 ,  61 .  93 
1887 ,  62 .  36 
1888 ,  63 .   9 
1887 ,  61 .  78 
1887 ,  61 .  93 
1884 ,  62 .  22 
1885 ,  62 .  51 
1885 ,  61 .  35 
1886 ,  63 .  52 
1885 ,  61 .  35 
1884 ,  62 .  65 
1885 ,  63 .  23 
1887 ,  63 .   9 
1886 ,  62 .  65 
1886 ,  62 .  94 
1886 ,  63 .   9 
1886 ,  63 .   9 
1886 ,  62 .  94 
1886 ,  63 .   9 
1886 ,  62 .  65 
1886 ,  62 .  65 
1885 ,  62 .  94 
1885 ,  63 .  23 
1884 ,  61 .  93 
1886 ,  62 .  65 
1888 ,  63 .  67 
1888 ,  62 .  36 
1886 ,  62 .  36 
1885 ,  62 .  94 
1884 ,  61 .  35 
1886 ,  63 .  38 
1885 ,  60 .  62 
1885 ,  63 .  23 
1885 ,  62 .  65 
1885 ,  61 .  78 
1883 ,  62 .  22 
1884 ,  62 .  36 
1884 ,  62 .  36 
1886 ,  62 .  51 
1886 ,  62 .  80 
1884 ,  61 .  93 
1883 ,  62 .  36 
1884 ,  62 .  36 
1883 ,  61 .  93 
1886 ,  62 .  51 
1880 ,  62 .  94 
1884 ,  61 .  93 
1884 ,  62 .  80 
1882 ,  62 .  51 
1882 ,  61 .  35 
1884 ,  62 .  51 
1883 ,  61 .  35 
1884 ,  62 .  65 
1885 ,  61 .  35 
1880 ,  63 .   9 
1884 ,  62 .  65 
1884 ,  62 .  51 
1883 ,  62 .  94 
1884 ,  61 .  93 
1881 ,  63 .  52 
1881 ,  60 .  77 
1882 ,  61 .  93 
1883 ,  62 .  94 
1881 ,  61 .  93 
1883 ,  62 .  65 
1882 ,  62 .  65 
1884 ,  63 .  52 
1883 ,  62 .  94 
1882 ,  62 .  36 
1881 ,  61 .  93 
1883 ,  62 .  36 
1880 ,  62 .  65 
1881 ,  62 .  22 
1881 ,  63 .  23 
1881 ,  62 .  65 
1879 ,  62 .  94 
1882 ,  62 .  51 
1882 ,  63 .   9 
1879 ,  62 .  36 
1880 ,  61 .  93 
1881 ,  61 .  78 
1882 ,  62 .  94 
1880 ,  63 .   9 
1880 ,  62 .  65 
1880 ,  62 .  36 
1881 ,  62 .  51 
1881 ,  62 .  51 
1883 ,  62 .  80 
1880 ,  61 .  35 
1881 ,  62 .   7 
1880 ,  61 .  78 
1881 ,  61 .  93 
1882 ,  63 .  52 
1882 ,  63 .   9 
1880 ,  62 .  36 
1881 ,  61 .  35 
1880 ,  61 .  93 
1881 ,  62 .  36 
1880 ,  62 .  94 
1882 ,  61 .  93 
1881 ,  63 .   9 
1882 ,  61 .  20 
1881 ,  62 .   7 
1881 ,  63 .  67 
1881 ,  62 .  36 
1882 ,  62 .  65 
1882 ,  62 .  94 
1883 ,  63 .   9 
1880 ,  62 .  65 
1880 ,  62 .  51 
1880 ,  62 .  65 
1880 ,  61 .  64 
1879 ,  62 .   7 
1881 ,  62 .  94 
1883 ,  62 .  65 
1883 ,  62 .  65 
1882 ,  63 .  52 
1882 ,  62 .  94 
1882 ,  63 .   9 
1881 ,  61 .  78 
1881 ,  62 .  36 
1882 ,  61 .  35 
1882 ,  62 .  65 
1882 ,  62 .  65 
1881 ,  61 .  78 
1884 ,  62 .  80 
1886 ,  62 .  94 
1882 ,  62 .  36 
1882 ,  63 .  38 
1879 ,  61 .  93 
1881 ,  61 .  93 
1883 ,  62 .  94 
1884 ,  63 .  67 
1882 ,  62 .  94 
1883 ,  62 .  94 
1881 ,  62 .  94 
1882 ,  61 .  93 
1883 ,  61 .  78 
1883 ,  63 .   9 
1884 ,  63 .   9 
1883 ,  62 .  36 
1882 ,  61 .  35 
1883 ,  62 .  36 
1883 ,  62 .  51 
1883 ,  61 .  78 
1884 ,  63 .   9 
1882 ,  62 .   7 
1881 ,  62 .  22 
1880 ,  60 .  77 
1880 ,  63 .   9 
1881 ,  63 .   9 
1882 ,  62 .  36 
1881 ,  61 .  78 
1879 ,  62 .  22 
1880 ,  61 .  93 
1881 ,  61 .  78 
1878 ,  62 .  51 
1880 ,  62 .  36 
1881 ,  62 .  65 
1882 ,  62 .  22 
1881 ,  62 .   7 
1879 ,  62 .  80 
1883 ,  63 .  23 
1882 ,  60 .  48 
1882 ,  60 .  19 
1882 ,  62 .  36 
1880 ,  61 .  93 
1881 ,  61 .  93 
1881 ,  61 .  35 
1881 ,  63 .   9 
1882 ,  63 .   9 
1881 ,  62 .  80 
1882 ,  63 .   9 
1882 ,  62 .  65 
1883 ,  62 .  94 
1879 ,  62 .  94 
1881 ,  61 .  78 
1882 ,  61 .  93 
1883 ,  62 .  51 
1882 ,  62 .  36 
1883 ,  63 .  23 
1882 ,  62 .  94 
1882 ,  63 .   9 
1882 ,  61 .  78 
1881 ,  62 .  22 
1881 ,  62 .  36 
1882 ,  62 .  22 
1881 ,  61 .  93 
1882 ,  62 .  36 
1884 ,  62 .  65 
1883 ,  62 .  36 
1881 ,  61 .  93 
1883 ,  60 .  33 
1882 ,  62 .  22 
1884 ,  62 .  94 
1882 ,  62 .  80 
1882 ,  61 .  35 
1883 ,  63 .  52 
1882 ,  63 .   9 
1883 ,  63 .  67 
1881 ,  62 .  65 
1881 ,  62 .  51 
1884 ,  62 .  65 
1881 ,  63 .   9 
1882 ,  62 .  94 
1882 ,  63 .  52 
1883 ,  63 .  52 
1886 ,  62 .  94 
1884 ,  61 .  93 
1885 ,  63 .   9 
1886 ,  62 .  51 
1885 ,  62 .  22 
1885 ,  63 .   9 
1885 ,  62 .  51 
1884 ,  62 .  36 
1885 ,  61 .  93 
1884 ,  62 .  22 
1884 ,  62 .  65 
1887 ,  62 .  65 
1883 ,  61 .  35 
1885 ,  61 .  93 
1884 ,  62 .  51 
1884 ,  62 .  80 
1883 ,  63 .   9 
1882 ,  63 .  52 
1883 ,  62 .  51 
1883 ,  62 .  80 
1885 ,  62 .  51 
1882 ,  62 .  94 
1884 ,  60 .  19 
1883 ,  63 .  38 
1883 ,  63 .   9 
1883 ,  62 .  80 
1883 ,  62 .  22 
1883 ,  63 .  52 
1881 ,  58 .  88 
1882 ,  62 .  65 
1881 ,  62 .  51 
1881 ,  62 .  65 
1881 ,  62 .  51 
1881 ,  62 .   7 
1883 ,  61 .  35 
1881 ,  62 .   7 
1883 ,  62 .  94 
1882 ,  61 .  35 
1884 ,  63 .  67 
1882 ,  62 .  80 
1883 ,  61 .  35 
1882 ,  62 .  36 
1881 ,  61 .  93 
1881 ,  63 .   9 
1882 ,  62 .  65 
1882 ,  62 .  36 
1882 ,  61 .  78 
1882 ,  61 .  93 
1881 ,  62 .  36 
1882 ,  61 .  35 
1880 ,  62 .  22 
1882 ,  62 .  65 
1884 ,  61 .  93 
1883 ,  62 .  36 
1882 ,  63 .  23 
1882 ,  62 .  94 
1882 ,  63 .   9 
1882 ,  61 .  35 
1881 ,  61 .  35 
1881 ,  62 .  80 
1881 ,  63 .  67 
1880 ,  62 .  51 
1882 ,  63 .   9 
1882 ,  61 .  78 
1882 ,  62 .  94 
1879 ,  62 .  22 
1881 ,  62 .  80 
1881 ,  62 .  51 
1880 ,  61 .  93 
1881 ,  61 .  35 
1880 ,  62 .  65 
1881 ,  63 .   9 
1882 ,  60 .  19 
1880 ,  63 .  38 
1881 ,  62 .   7 
1881 ,  61 .  93 
1885 ,  61 .  35 
1881 ,  61 .  35 
1881 ,  61 .  35 
1881 ,  62 .  65 
1880 ,  61 .  78 
1881 ,  63 .  52 
1881 ,  61 .  35 
1880 ,  62 .  36 
1880 ,  62 .   7 
1881 ,  61 .  78 
1880 ,  62 .  94 
1880 ,  62 .  36 
1882 ,  62 .  65 
1880 ,  62 .  36 
1880 ,  62 .  51 
1881 ,  62 .  94 
1880 ,  62 .  94 
1881 ,  62 .  51 
1881 ,  62 .  80 
1882 ,  63 .  23 
1880 ,  62 .   7 
1882 ,  63 .  23 
1882 ,  62 .  94 
1880 ,  62 .  65 
1880 ,  62 .  51 
1882 ,  62 .  51 
1882 ,  62 .  51 
1880 ,  62 .  51 
1880 ,  60 .   4 
1880 ,  61 .  93 
1879 ,  63 .  38 
1879 ,  62 .  51 
1879 ,  62 .  80 
1880 ,  62 .  80 
1882 ,  62 .  80 
1882 ,  63 .  23 
1882 ,  62 .  51 
1882 ,  63 .  67 
1882 ,  63 .  23 
1882 ,  63 .  38 
1882 ,  63 .  38 
1882 ,  63 .  23 
1882 ,  62 .  36 
1880 ,  62 .  94 
1879 ,  62 .  51 
1879 ,  62 .   7 
1880 ,  62 .  94 
1881 ,  62 .  51 
1883 ,  61 .  93 
1881 ,  62 .  94 
1880 ,  62 .  65 
1882 ,  62 .   7 
1882 ,  61 .  93 
1880 ,  61 .  20 
1882 ,  63 .   9 
1880 ,  62 .  51 
1880 ,  62 .  22 
1881 ,  62 .  65 
1883 ,  60 .  91 
1882 ,  63 .  38 
1882 ,  60 .  77 
1882 ,  63 .  23 
1880 ,  63 .  23 
1882 ,  63 .  52 
1882 ,  62 .  94 
1883 ,  62 .  94 
1880 ,  62 .  51 
1881 ,  62 .  51 
1881 ,  62 .  22 
1881 ,  62 .  94 
1881 ,  62 .  51 
1880 ,  62 .   7 
1880 ,  63 .   9 
1880 ,  60 .  77 
1882 ,  65 .  41 
1881 ,  62 .  65 
1883 ,  63 .  38 
1881 ,  62 .  51 
1881 ,  62 .  22 
1881 ,  62 .  22 
1882 ,  62 .  94 
1883 ,  62 .  94 
1881 ,  62 .  65 
1882 ,  63 .  52 
1884 ,  61 .  93 
1881 ,  61 .  93 
1880 ,  62 .  22 
1879 ,  63 .   9 
1883 ,  62 .  51 
1882 ,  63 .  67 
1883 ,  64 .  68 
1882 ,  62 .   7 
1882 ,  60 .  19 
1886 ,  62 .  80 
1882 ,  62 .  65 
1881 ,  62 .  94 
1881 ,  61 .  93 
1881 ,  60 .  77 
1882 ,  62 .  36 
1883 ,  62 .  65 
1883 ,  62 .  36 
1883 ,  63 .  38 
1882 ,  63 .  38 
1884 ,  64 .  10 
1882 ,  63 .  23 
1881 ,  60 .  19 
1883 ,  63 .   9 
1882 ,  62 .  51 
1882 ,  63 .   9 
1884 ,  62 .  94 
1883 ,  63 .  23 
1882 ,  62 .  94 
1883 ,  62 .  36 
1882 ,  63 .  38 
1881 ,  61 .  93 
1882 ,  63 .  67 
1882 ,  60 .  91 
1883 ,  62 .  51 
1884 ,  63 .  23 
1884 ,  63 .  23 
1883 ,  62 .  36 
1885 ,  62 .  94 
1882 ,  62 .  94 
1884 ,  62 .  65 
1881 ,  58 .  16 
1881 ,  62 .  94 
1884 ,  61 .  93 
1884 ,  63 .  52 
1883 ,  63 .  23 
1882 ,  62 .  65 
1886 ,  62 .  94 
1884 ,  62 .  65 
1881 ,  63 .   9 
1883 ,  63 .  52 
1883 ,  62 .  51 
1882 ,  62 .  80 
1883 ,  63 .  52 
1880 ,  59 .  46 
1884 ,  63 .   9 
1881 ,  62 .  51 
1884 ,  63 .  38 
1884 ,  62 .  80 
1882 ,  62 .  51 
1881 ,  62 .  36 
1884 ,  63 .  52 
1883 ,  61 .  93 
1884 ,  63 .   9 
1883 ,  62 .  36 
1881 ,  61 .  93 
1883 ,  60 .  91 
1883 ,  63 .   9 
1884 ,  62 .  80 
1881 ,  61 .  93 
1884 ,  63 .  96 
1883 ,  62 .  80 
1881 ,  62 .  94 
1883 ,  59 .   3 
1882 ,  63 .   9 
1883 ,  63 .  38 
1882 ,  63 .  23 
1884 ,  62 .  94 
1882 ,  62 .  94 
1882 ,  61 .  93 
1881 ,  62 .  65 
1882 ,  61 .  35 
1882 ,  61 .  35 
1883 ,  61 .  35 
1883 ,  62 .  51 
1883 ,  60 .  19 
1883 ,  60 .  48 
1881 ,  62 .  65 
1883 ,  62 .  65 
1882 ,  62 .  94 
1883 ,  62 .  94 
1882 ,  62 .  94 
1881 ,  62 .  22 
1881 ,  62 .  80 
1882 ,  61 .  35 
1881 ,  61 .  93 
1881 ,  62 .  65 
1882 ,  62 .  65 
1882 ,  61 .  93 
1882 ,  63 .  23 
1882 ,  62 .  65 
1882 ,  63 .   9 
1882 ,  59 .  61 
1881 ,  62 .  94 
1881 ,  62 .  51 
1881 ,  59 .   3 
1881 ,  61 .   6 
1883 ,  61 .  35 
1883 ,  62 .  80 
1883 ,  62 .  22 
1882 ,  62 .  36 
1883 ,  62 .  36 
1883 ,  62 .  36 
1880 ,  62 .  80 
1882 ,  59 .  61 
1881 ,  62 .  22 
1881 ,  61 .  93 
1879 ,  62 .  80 
1884 ,  62 .  94 
1883 ,  62 .  94 
1882 ,  62 .  94 
1881 ,  63 .   9 
1882 ,  63 .  52 
1882 ,  63 .  52 
1882 ,  62 .  80 
1883 ,  62 .  94 
1881 ,  61 .  93 
1882 ,  61 .  78 
1881 ,  64 .  10 
1879 ,  62 .  36 
1881 ,  61 .  93 
1881 ,  62 .  94 
1882 ,  62 .  94 
1880 ,  62 .  94 
1884 ,  62 .  22 
1878 ,  62 .  51 
1881 ,  62 .  22 
1881 ,  63 .  52 
1881 ,  62 .  94 
1881 ,  61 .  35 
1884 ,  62 .  80 
1883 ,  62 .  65 
1881 ,  61 .  78 
1883 ,  62 .  51 
1881 ,  62 .  65 
1882 ,  61 .  35 
1883 ,  60 .  77 
1882 ,  62 .  80 
1883 ,  62 .  65 
1882 ,  64 .  10 
1885 ,  60 .  91 
1883 ,  62 .  51 
1884 ,  61 .  93 
1882 ,  62 .  36 
1883 ,  63 .   9 
1882 ,  62 .  94 
1883 ,  62 .  65 
1884 ,  63 .  52 
1884 ,  63 .   9 
1878 ,  61 .  35 
1881 ,  64 .  39 
1881 ,  62 .  36 
1882 ,  61 .  35 
1882 ,  60 .  77 
1883 ,  62 .  36 
1883 ,  61 .  78 
1885 ,  61 .  78 
1883 ,  63 .  23 
1884 ,  62 .  65 
1883 ,  60 .  77 
1881 ,  62 .  22 
1882 ,  63 .   9 
1884 ,  61 .  93 
1881 ,  62 .  36 
1882 ,  62 .  80 
1883 ,  62 .  65 
1883 ,  63 .  52 
1883 ,  61 .  78 
1884 ,  62 .  22 
1883 ,  61 .  78 
1882 ,  62 .  36 
1883 ,  61 .  20 
1883 ,  60 .  62 
1886 ,  63 .  67 
1884 ,  63 .   9 
1882 ,  61 .  35 
1882 ,  61 .  78 
1884 ,  62 .  65 
1884 ,  62 .  94 
1884 ,  60 .   4 
1883 ,  62 .  65 
1885 ,  61 .  35 
1884 ,  61 .  78 
1885 ,  62 .  51 
1887 ,  63 .  38 
1885 ,  60 .  19 
1884 ,  62 .  80 
1888 ,  62 .  80 
1888 ,  62 .  65 
1890 ,  61 .  93 
1887 ,  62 .  65 
1889 ,  63 .  52 
1889 ,  62 .  94 
1889 ,  61 .  78 
1888 ,  62 .  22 
1888 ,  61 .  35 
1891 ,  62 .  36 
1888 ,  62 .  36 
1890 ,  63 .  52 
1890 ,  62 .  80 
1890 ,  61 .  93 
1889 ,  61 .   6 
1888 ,  62 .  51 
1889 ,  61 .  35 
1888 ,  62 .  22 
1888 ,  62 .  36 
1894 ,  62 .  80 
1888 ,  60 .  77 
1889 ,  63 .  38 
1889 ,  63 .   9 
1890 ,  62 .  36 
1888 ,  61 .  93 
1890 ,  62 .  65 
1891 ,  62 .  22 
1888 ,  63 .   9 
1891 ,  62 .  94 
1890 ,  62 .  36 
1889 ,  64 .  68 
1890 ,  62 .  36 
1889 ,  63 .   9 
1891 ,  63 .  38 
1889 ,  62 .  36 
1891 ,  63 .  38 
1891 ,  62 .   7 
1890 ,  63 .  38 
1890 ,  62 .  65 
1890 ,  63 .  67 
1891 ,  62 .  65 
1890 ,  63 .  52 
1890 ,  63 .   9 
1890 ,  62 .  65 
1890 ,  62 .  80 
1890 ,  62 .  94 
1888 ,  62 .  65 
1889 ,  60 .  62 
1888 ,  62 .  80 
1891 ,  63 .  52 
1890 ,  62 .  94 
1890 ,  62 .  94 
1889 ,  63 .   9 
1889 ,  62 .   7 
1889 ,  62 .  36 
1890 ,  62 .  65 
1890 ,  64 .  54 
1888 ,  62 .  94 
1890 ,  62 .  36 
1886 ,  61 .  93 
1887 ,  62 .  22 
1887 ,  62 .  80 
1885 ,  62 .  36 
1884 ,  62 .  94 
1886 ,  62 .  94 
1884 ,  62 .  36 
1885 ,  62 .  51 
1885 ,  61 .  93 
1884 ,  62 .   7 
1885 ,  62 .  94 
1884 ,  63 .  23 
1886 ,  63 .   9 
1883 ,  62 .  36 
1885 ,  62 .  51 
1884 ,  62 .  51 
1882 ,  62 .  80 
1884 ,  62 .  36 
1884 ,  62 .  22 
1884 ,  63 .  52 
1883 ,  63 .   9 
1885 ,  60 .  19 
1883 ,  63 .  67 
1884 ,  61 .  93 
1884 ,  62 .  80 
1886 ,  63 .  67 
1884 ,  61 .  64 
1886 ,  61 .  93 
1883 ,  62 .  80 
1884 ,  61 .  93 
1884 ,  61 .  78 
1885 ,  62 .  36 
1886 ,  62 .  65 
1886 ,  63 .  52 
1886 ,  63 .  52 
1886 ,  63 .   9 
1884 ,  62 .  51 
1883 ,  61 .  35 
1885 ,  63 .  52 
1884 ,  61 .  20 
1885 ,  62 .  36 
1884 ,  61 .  35 
1884 ,  62 .  36 
1884 ,  62 .  51 
1885 ,  62 .  80 
1884 ,  63 .  67 
1883 ,  63 .  38 
1883 ,  62 .  65 
1884 ,  64 .  10 
1884 ,  62 .  80 
1883 ,  63 .  52 
1882 ,  62 .  80 
1883 ,  63 .   9 
1885 ,  61 .  35 
1881 ,  63 .   9 
1883 ,  62 .  51 
1885 ,  62 .  94 
1884 ,  63 .  52 
1884 ,  61 .  20 
1884 ,  62 .  94 
1883 ,  62 .  80 
1883 ,  63 .   9 
1883 ,  63 .  52 
1884 ,  63 .  23 
1886 ,  63 .   9 
1884 ,  62 .  80 
1883 ,  63 .  67 
1883 ,  61 .  93 
1883 ,  62 .  51 
1880 ,  62 .  65 
1885 ,  62 .  94 
1882 ,  63 .  38 
1883 ,  63 .  52 
1882 ,  64 .  10 
1883 ,  63 .  67 
1883 ,  62 .  80 
1882 ,  63 .  23 
1882 ,  64 .  39 
1883 ,  61 .  93 
1884 ,  63 .  52 
1884 ,  62 .  80 
1883 ,  62 .  51 
1883 ,  62 .  65 
1882 ,  62 .  51 
1882 ,  64 .  83 
1883 ,  62 .  94 
1881 ,  63 .  67 
1881 ,  61 .  20 
1881 ,  62 .  65 
1881 ,  63 .  38 
1880 ,  60 .  77 
1881 ,  62 .  80 
1881 ,  62 .  94 
1882 ,  62 .  65 
1883 ,  62 .  65 
1883 ,  63 .   9 
1882 ,  62 .  51 
1883 ,  63 .   9 
1885 ,  62 .  65 
1882 ,  61 .  93 
1881 ,  62 .  80 
1882 ,  61 .  78 
1886 ,  62 .  22 
1882 ,  63 .  52 
1882 ,  63 .  52 
1882 ,  62 .  94 
1882 ,  62 .  94 
1881 ,  62 .  65 
1881 ,  62 .  65 
1881 ,  62 .  51 
1882 ,  62 .  22 
1881 ,  62 .  80 
1882 ,  62 .  22 
1881 ,  61 .  78 
1884 ,  63 .  67 
1879 ,  62 .  36 
1882 ,  62 .  65 
1883 ,  62 .  80 
1883 ,  63 .   9 
1882 ,  62 .  80 
1882 ,  61 .  93 
1883 ,  63 .  52 
1883 ,  63 .  38 
1881 ,  62 .  65 
1884 ,  63 .  38 
1881 ,  62 .  51 
1880 ,  63 .   9 
1882 ,  63 .  67 
1882 ,  62 .  51 
1882 ,  62 .  36 
1879 ,  62 .  22 
1881 ,  63 .  67 
1880 ,  62 .  51 
1880 ,  62 .  36 
1881 ,  63 .   9 
1884 ,  62 .  94 
1882 ,  62 .  65 
1884 ,  63 .   9 
1881 ,  63 .   9 
1882 ,  63 .  23 
1882 ,  63 .  23 
1883 ,  62 .  94 
1882 ,  62 .  51 
1883 ,  62 .  65 
1882 ,  63 .  52 
1882 ,  62 .  65 
1882 ,  62 .  36 
1881 ,  64 .  83 
1881 ,  62 .  51 
1880 ,  62 .  51 
1881 ,  62 .  36 
1883 ,  62 .  51 
1880 ,  62 .  51 
1881 ,  62 .  80 
1881 ,  61 .  93 
1882 ,  62 .  94 
1882 ,  62 .  51 
1881 ,  62 .  51 
1881 ,  63 .  67 
1883 ,  62 .  94 
1881 ,  62 .  65 
1882 ,  62 .  94 
1883 ,  61 .  93 
1881 ,  63 .   9 
1882 ,  64 .  25 
1882 ,  63 .  52 
1883 ,  62 .  65 
1886 ,  63 .  38 
1886 ,  63 .  23 
1888 ,  62 .  80 
1887 ,  62 .  65 
1885 ,  62 .  65 
1888 ,  63 .   9 
1885 ,  61 .  93 
1887 ,  61 .  35 
1885 ,  62 .  36 
1888 ,  63 .  38 
1887 ,  62 .  94 
1886 ,  62 .  36 
1885 ,  62 .  36 
1884 ,  63 .   9 
1883 ,  63 .  23 
1882 ,  63 .  52 
1883 ,  63 .  52 
1882 ,  63 .   9 
1880 ,  63 .  67 
1881 ,  62 .   7 
1881 ,  63 .   9 
1881 ,  62 .  36 
1882 ,  63 .  67 
1882 ,  62 .  94 
1882 ,  62 .  94 
1881 ,  62 .  51 
1882 ,  61 .  93 
1881 ,  63 .  38 
1882 ,  62 .  51 
1881 ,  63 .  52 
1883 ,  61 .  78 
1882 ,  62 .  94 
1881 ,  62 .  36 
1882 ,  62 .  94 
1880 ,  61 .  35 
1882 ,  62 .  65 
1882 ,  62 .  51 
1883 ,  63 .  52 
1882 ,  62 .  51 
1882 ,  61 .  93 
1881 ,  62 .  36 
1880 ,  62 .  22 
1880 ,  61 .  35 
1883 ,  61 .  78 
1881 ,  63 .  38 
1881 ,  61 .   6 
1881 ,  62 .  36 
1881 ,  61 .  93 
1882 ,  63 .  67 
1883 ,  62 .  94 
1880 ,  63 .  52 
1880 ,  62 .  51 
1884 ,  62 .  36 
1880 ,  63 .   9 
1882 ,  62 .  51 
1881 ,  62 .  36 
1882 ,  62 .  94 
1880 ,  62 .  94 
1879 ,  61 .  35 
1881 ,  63 .  38 
1881 ,  61 .  35 
1882 ,  60 .  77 
1879 ,  62 .  51 
1881 ,  62 .  65 
1881 ,  62 .  51 
1878 ,  62 .  80 
1878 ,  61 .  93 
1880 ,  63 .   9 
1882 ,  61 .  93 
1880 ,  62 .  65 
1879 ,  62 .  65 
1881 ,  61 .  93 
1880 ,  62 .  51 
1879 ,  62 .  94 
1880 ,  62 .  51 
1880 ,  62 .   7 
1882 ,  63 .   9 
1883 ,  62 .  51 
1880 ,  63 .  52 
1880 ,  62 .  65 
1882 ,  62 .  36 
1881 ,  63 .  67 
1881 ,  63 .  23 
1880 ,  61 .  93 
1880 ,  61 .  93 
1882 ,  63 .  67 
1881 ,  63 .   9 
1883 ,  62 .  36 
1881 ,  63 .   9 
1884 ,  62 .  65 
1881 ,  62 .  80 
1883 ,  63 .  52 
1883 ,  62 .  36 
1884 ,  62 .  36 
1880 ,  62 .  51 
1881 ,  62 .  36 
1884 ,  63 .  67 
1883 ,  62 .  51 
1885 ,  62 .  36 
1882 ,  62 .  65 
1882 ,  63 .   9 
1885 ,  63 .   9 
1881 ,  61 .  93 
1883 ,  62 .  36 
1884 ,  63 .  23 
1883 ,  62 .  94 
1884 ,  62 .  36 
1882 ,  61 .  35 
1884 ,  62 .  65 
1884 ,  62 .  51 
1884 ,  63 .   9 
1881 ,  62 .  65 
1884 ,  60 .  77 
1883 ,  62 .  94 
1882 ,  63 .   9 
1883 ,  62 .  22 
1883 ,  61 .  93 
1882 ,  62 .  65 
1885 ,  63 .  38 
1883 ,  61 .  93 
1885 ,  62 .  65 
1883 ,  62 .  80 
1882 ,  62 .  65 
1884 ,  62 .  65 
1883 ,  62 .  94 
1882 ,  61 .  78 
1885 ,  62 .  65 
1884 ,  63 .   9 
1880 ,  61 .  35 
1882 ,  63 .   9 
1882 ,  63 .   9 
1884 ,  62 .  80 
1882 ,  62 .  80 
1881 ,  62 .  51 
1884 ,  62 .  94 
1882 ,  63 .  52 
1882 ,  62 .  36 
1882 ,  62 .  65 
1883 ,  61 .  78 
1882 ,  61 .  93 
1883 ,  61 .  93 
1882 ,  62 .  94 
1882 ,  63 .  23 
1883 ,  62 .  36 
1882 ,  61 .  35 
1882 ,  62 .  51 
1882 ,  64 .  10 
1880 ,  62 .  65 
1883 ,  62 .  36 
1882 ,  63 .  38 
1882 ,  62 .  51 
1882 ,  62 .  65 
1883 ,  63 .  38 
1882 ,  63 .  38 
1880 ,  63 .  67 
1882 ,  62 .  80 
1881 ,  61 .  78 
1883 ,  63 .   9 
1880 ,  62 .   7 
1883 ,  62 .  36 
1878 ,  62 .  36 
1882 ,  63 .  52 
1882 ,  62 .  94 
1880 ,  62 .  36 
1880 ,  62 .  65 
1879 ,  62 .  22 
1881 ,  64 .  68 
1880 ,  62 .  51 
1880 ,  63 .   9 
1881 ,  63 .   9 
1882 ,  62 .  94 
1883 ,  62 .  94 
1880 ,  62 .  51 
1879 ,  62 .  65 
1881 ,  61 .  35 
1879 ,  60 .  19 
1881 ,  61 .   6 
1881 ,  61 .  93 
1883 ,  63 .  67 
1882 ,  61 .  93 
1882 ,  63 .   9 
1879 ,  62 .  36 
1881 ,  61 .  64 
1883 ,  61 .  78 
1880 ,  62 .  65 
1881 ,  63 .   9 
1880 ,  62 .  65 
1881 ,  61 .  93 
1881 ,  62 .  51 
1881 ,  62 .  36 
1881 ,  61 .  64 
1881 ,  62 .  65 
1883 ,  62 .  51 
1882 ,  62 .  65 
1881 ,  62 .  36 
1879 ,  61 .  35 
1882 ,  61 .  20 
1882 ,  63 .  67 
1883 ,  63 .   9 
1881 ,  62 .  65 
1881 ,  62 .  65 
1881 ,  62 .  94 
1881 ,  61 .  93 
1881 ,  62 .  22 
1881 ,  62 .  65 
1879 ,  62 .  65 
1881 ,  62 .   7 
1884 ,  63 .  52 
1883 ,  62 .  51 
1881 ,  62 .  80 
1883 ,  63 .  96 
1882 ,  62 .  94 
1883 ,  62 .  65 
1881 ,  61 .  93 
1881 ,  61 .  93 
1881 ,  62 .  22 
1883 ,  62 .  65 
1881 ,  62 .  36 
1882 ,  62 .  94 
1882 ,  61 .  93 
1881 ,  63 .   9 
1884 ,  62 .  94 
1883 ,  62 .  51 
1882 ,  62 .  65 
1882 ,  63 .  67 
1882 ,  63 .  38 
1883 ,  64 .  10 
1880 ,  61 .  93 
1884 ,  63 .  52 
1884 ,  63 .  52 
1882 ,  62 .  51 
1882 ,  62 .  65 
1882 ,  61 .  78 
1883 ,  62 .  94 
1883 ,  62 .  36 
1883 ,  63 .   9 
1881 ,  62 .  36 
1882 ,  62 .  22 
1882 ,  63 .  52 
1882 ,  64 .  10 
1881 ,  62 .  65 
1882 ,  62 .  65 
1880 ,  59 .  61 
1883 ,  61 .  93 
1882 ,  63 .  23 
1883 ,  62 .  65 
1883 ,  64 .  10 
1881 ,  62 .  36 
1882 ,  63 .  23 
1882 ,  63 .   9 
1881 ,  62 .  36 
1881 ,  62 .  65 
1881 ,  62 .  65 
1880 ,  63 .  38 
1880 ,  61 .  78 
1880 ,  61 .  93 
1882 ,  61 .  78 
1880 ,  62 .  51 
1882 ,  62 .  51 
1881 ,  62 .  22 
1882 ,  62 .  22 
1882 ,  62 .  94 
1882 ,  62 .  36 
1882 ,  62 .  94 
1881 ,  62 .  22 
1881 ,  62 .  36 
1880 ,  61 .  93 
1881 ,  61 .  93 
1882 ,  63 .  67 
1883 ,  62 .  94 
1882 ,  63 .  52 
1882 ,  63 .   9 
1883 ,  62 .  22 
1882 ,  62 .  80 
1881 ,  62 .  94 
1882 ,  62 .  94 
1884 ,  62 .  94 
1881 ,  62 .  65 
1881 ,  62 .  51 
1880 ,  61 .  93 
1883 ,  61 .  78 
1881 ,  62 .  80 
1881 ,  62 .  80 
1882 ,  63 .   9 
1881 ,  62 .  65 
1881 ,  62 .  94 
1881 ,  62 .  65 
1881 ,  62 .  65 
1880 ,  62 .  65 
1881 ,  63 .  23 
1882 ,  63 .   9 
1883 ,  62 .  94 
1882 ,  63 .  52 
1882 ,  62 .  94 
1882 ,  62 .  94 
1881 ,  62 .  94 
1883 ,  62 .  22 
1880 ,  62 .  65 
1882 ,  62 .  65 
1881 ,  63 .   9 
1882 ,  62 .  94 
1881 ,  62 .  65 
1881 ,  62 .  80 
1881 ,  61 .  93 
1884 ,  63 .  67 
1882 ,  62 .  65 
1881 ,  62 .  94 
1882 ,  62 .  65 
1882 ,  62 .  94 
1883 ,  63 .   9 
1882 ,  62 .  94 
1881 ,  62 .  94 
1882 ,  64 .  25 
1882 ,  62 .  94 
1882 ,  62 .   7 
1883 ,  63 .   9 
1879 ,  62 .  94 
1881 ,  62 .  80 
1881 ,  63 .  38 
1884 ,  63 .   9 
1882 ,  62 .  51 
1884 ,  61 .  93 
1880 ,  62 .  36 
1883 ,  62 .  36 
1883 ,  62 .  51 
1883 ,  62 .  65 
1882 ,  62 .  94 
1882 ,  62 .  51 
1882 ,  63 .   9 
1881 ,  62 .  80 
1881 ,  61 .  93 
1881 ,  62 .  80 
1882 ,  63 .  23 
1888 ,  62 .   7 
1882 ,  63 .   9 
1881 ,  63 .  67 
1883 ,  62 .  94 
1881 ,  63 .   9 
1883 ,  63 .  52 
1884 ,  62 .  36 
1883 ,  61 .  93 
1880 ,  62 .  80 
1883 ,  62 .  94 
1878 ,  63 .  23 
1880 ,  63 .  38 
1881 ,  62 .  65 
1881 ,  62 .  94 
1883 ,  63 .  67 
1882 ,  63 .  52 
1882 ,  63 .  23 
1882 ,  63 .  52 
1882 ,  62 .   7 
1882 ,  61 .  35 
1882 ,  63 .  23 
1882 ,  62 .  94 
1882 ,  62 .  36 
1881 ,  63 .   9 
1882 ,  62 .  36 
1883 ,  62 .  94 
1882 ,  63 .   9 
1882 ,  62 .   7 
1881 ,  63 .   9 
1880 ,  63 .  23 
1883 ,  64 .  10 
1881 ,  61 .  35 
1881 ,  63 .  38 
1884 ,  62 .  65 
1882 ,  63 .  67 
1881 ,  62 .  80 
1883 ,  62 .  94 
1882 ,  63 .  67 
1882 ,  62 .  51 
1886 ,  62 .  36 
1881 ,  62 .  65 
1881 ,  63 .  67 
1880 ,  63 .   9 
1881 ,  62 .  22 
1881 ,  63 .  67 
1881 ,  63 .  23 
1881 ,  63 .   9 
1883 ,  62 .  51 
1882 ,  62 .  36 
1880 ,  62 .  65 
1879 ,  61 .  93 
1881 ,  62 .  22 
1881 ,  63 .   9 
1882 ,  62 .  65 
1882 ,  62 .  94 
1880 ,  63 .   9 
1880 ,  62 .  22 
1880 ,  62 .  65 
1881 ,  61 .  93 
1880 ,  63 .  23 
1880 ,  63 .  81 
1881 ,  63 .   9 
1880 ,  63 .  23 
1881 ,  62 .   7 
1880 ,  63 .  23 
1883 ,  61 .   6 
1882 ,  60 .  19 
1882 ,  62 .  80 
1882 ,  62 .  51 
1880 ,  63 .  67 
1886 ,  64 .  54 
1882 ,  63 .  52 
1882 ,  62 .  94 
1882 ,  63 .  67 
1882 ,  62 .  94 
1880 ,  64 .  10 
1884 ,  62 .  65 
1882 ,  61 .  93 
1881 ,  62 .  36 
1882 ,  61 .  35 
1880 ,  62 .  65 
1881 ,  61 .  93 
1881 ,  61 .  64 
1882 ,  62 .  65 
1883 ,  61 .  64 
1883 ,  62 .  36 
1882 ,  63 .   9 
1881 ,  62 .   7 
1883 ,  62 .  36 
1884 ,  62 .  94 
1882 ,  62 .  51 
1883 ,  62 .  65 
1883 ,  63 .   9 
1882 ,  61 .  93 
1884 ,  63 .  38 
1883 ,  62 .  36 
1883 ,  63 .  23 
1882 ,  62 .  94 
1884 ,  62 .  94 
1881 ,  63 .   9 
1884 ,  61 .  35 
1885 ,  63 .  38 
1884 ,  62 .  22 
1883 ,  62 .   7 
1884 ,  62 .  65 
1884 ,  62 .   7 
1883 ,  62 .  65 
1884 ,  62 .   7 
1884 ,  63 .  67 
1885 ,  62 .  94 
1886 ,  61 .  93 
1882 ,  62 .  36 
1884 ,  63 .   9 
1883 ,  61 .  93 
1886 ,  63 .   9 
1886 ,  63 .   9 
1885 ,  62 .  80 
1886 ,  62 .   7 
1886 ,  62 .  80 
1886 ,  62 .  65 
1886 ,  63 .   9 
1883 ,  62 .  22 
1885 ,  63 .   9 
1888 ,  63 .  52 
1886 ,  63 .  67 
1886 ,  63 .  38 
1888 ,  62 .  65 
1886 ,  64 .  83 
1888 ,  63 .  52 
1886 ,  62 .  80 
1887 ,  62 .  94 
1887 ,  62 .  65 
1885 ,  62 .  80 
1886 ,  62 .  51 
1886 ,  63 .  67 
1887 ,  61 .  35 
1885 ,  64 .  25 
1885 ,  63 .   9 
1885 ,  62 .  51 
1884 ,  62 .  36 
1886 ,  63 .  38 
1888 ,  62 .  65 
1886 ,  63 .  38 
1886 ,  63 .  23 
1886 ,  63 .  52 
1886 ,  63 .  52 
1887 ,  63 .  67 
1886 ,  63 .  67 
1884 ,  63 .  52 
1882 ,  62 .  94 
1884 ,  62 .  51 
1884 ,  62 .  65 
1885 ,  63 .   9 
1880 ,  62 .  51 
1885 ,  62 .  22 
1884 ,  61 .  93 
1884 ,  63 .   9 
1884 ,  60 .  77 
1884 ,  63 .   9 
1884 ,  62 .  22 
1882 ,  63 .   9 
1886 ,  63 .  67 
1886 ,  62 .  94 
1883 ,  63 .   9 
1882 ,  62 .  80 
1885 ,  63 .  67 
1883 ,  62 .  65 
1884 ,  61 .  20 
1884 ,  62 .  80 
1884 ,  62 .  94 
1883 ,  62 .  51 
1884 ,  63 .  67 
1886 ,  62 .  65 
1884 ,  62 .  51 
1884 ,  63 .  52 
1884 ,  62 .  36 
1883 ,  62 .  51 
1883 ,  63 .  38 
1883 ,  61 .  35 
1884 ,  60 .  77 
1883 ,  63 .   9 
1882 ,  60 .  19 
1884 ,  63 .  52 
1886 ,  63 .  52 
1883 ,  63 .  23 
1884 ,  63 .  96 
1884 ,  63 .  67 
1884 ,  63 .  67 
1882 ,  63 .   9 
1883 ,  62 .  51 
1882 ,  62 .  22 
1884 ,  61 .  93 
1882 ,  62 .  65 
1885 ,  63 .  52 
1884 ,  62 .  36 
1884 ,  63 .  52 
1884 ,  63 .  23 
1886 ,  62 .  65 
1884 ,  63 .  52 
1882 ,  63 .  67 
1885 ,  63 .  67 
1882 ,  63 .  23 
1883 ,  62 .  94 
1883 ,  62 .  36 
1883 ,  63 .   9 
1884 ,  62 .  36 
1884 ,  62 .  65 
1883 ,  63 .  23 
1884 ,  64 .  25 
1885 ,  62 .  65 
1884 ,  62 .  94 
1886 ,  63 .  23 
1883 ,  63 .  23 
1886 ,  62 .  80 
1886 ,  61 .  93 
1884 ,  61 .  93 
1884 ,  62 .  94 
1885 ,  63 .  23 
1885 ,  62 .  22 
1884 ,  62 .  51 
1883 ,  63 .  52 
1885 ,  62 .  36 
1886 ,  62 .  94 
1887 ,  62 .  94 
1884 ,  62 .  80 
1885 ,  61 .  35 
1885 ,  62 .  80 
1886 ,  62 .  51 
1885 ,  62 .  94 
1888 ,  63 .  23 
1888 ,  62 .  94 
1886 ,  62 .  51 
1884 ,  63 .   9 
1885 ,  63 .  96 
1887 ,  63 .  67 
1887 ,  62 .  22 
1885 ,  62 .  65 
1885 ,  61 .  93 
1888 ,  63 .  23 
1890 ,  63 .  52 
1890 ,  63 .  23 
1888 ,  62 .  94 
1886 ,  62 .  36 
1885 ,  62 .  51 
1881 ,  62 .  65 
1885 ,  65 .  41 
1888 ,  62 .  51 
1886 ,  62 .  94 
1887 ,  62 .  94 
1887 ,  61 .  64 
1887 ,  62 .  65 
1886 ,  62 .  94 
1890 ,  64 .  25 
1887 ,  62 .  51 
1887 ,  62 .  80 
1888 ,  63 .   9 
1885 ,  62 .  36 
1886 ,  61 .  93 
1885 ,  61 .  93 
1888 ,  62 .  36 
1886 ,  63 .   9 
1885 ,  62 .  22 
1887 ,  62 .  22 
1886 ,  62 .  22 
1885 ,  62 .  94 
1887 ,  60 .  19 
1888 ,  62 .  65 
1886 ,  62 .  22 
1886 ,  63 .   9 
1885 ,  63 .  67 
1885 ,  62 .  36 
1885 ,  62 .  22 
1884 ,  63 .   9 
1886 ,  62 .  94 
1887 ,  63 .   9 
1885 ,  61 .  93 
1886 ,  62 .  94 
1886 ,  62 .  94 
1887 ,  63 .  52 
1886 ,  62 .  65 
1886 ,  61 .  93 
1887 ,  62 .  51 
1885 ,  62 .  94 
1884 ,  61 .  93 
1885 ,  61 .  93 
1886 ,  63 .  67 
1888 ,  62 .  65 
1890 ,  62 .  80 
1886 ,  62 .  94 
1885 ,  60 .  77 
1887 ,  62 .  65 
1885 ,  64 .  25 
1886 ,  62 .  94 
1884 ,  62 .  80 
1885 ,  62 .  80 
1885 ,  63 .   9 
1886 ,  62 .  94 
1885 ,  62 .  36 
1885 ,  62 .  80 
1884 ,  61 .  93 
1888 ,  63 .   9 
1885 ,  62 .  22 
1885 ,  62 .  36 
1885 ,  62 .  22 
1887 ,  63 .  23 
1884 ,  62 .  51 
1885 ,  62 .  51 
1885 ,  62 .  22 
1885 ,  62 .   7 
1885 ,  61 .  35 
1884 ,  62 .  22 
1885 ,  61 .  93 
1885 ,  62 .  80 
1886 ,  62 .  65 
1886 ,  62 .  80 
1886 ,  62 .  94 
1886 ,  62 .  80 
1885 ,  61 .  78 
1887 ,  62 .  65 
1884 ,  60 .  91 
1888 ,  63 .  67 
1886 ,  62 .  65 
1887 ,  64 .  68 
1885 ,  62 .  36 
1886 ,  63 .  52 
1888 ,  63 .   9 
1885 ,  62 .  36 
1886 ,  62 .  36 
1887 ,  63 .  52 
1885 ,  62 .  36 
1886 ,  62 .   7 
1886 ,  62 .  65 
1886 ,  63 .  67 
1886 ,  62 .  94 
1887 ,  62 .  94 
1885 ,  62 .  36 
1885 ,  62 .  65 
1887 ,  61 .  35 
1885 ,  62 .  36 
1885 ,  62 .  51 
1885 ,  62 .  36 
1888 ,  63 .  23 
1888 ,  62 .  94 
1886 ,  62 .  51 
1888 ,  61 .  78 
1888 ,  62 .  36 
1887 ,  61 .  93 
1885 ,  62 .   7 
1885 ,  62 .  36 
1886 ,  62 .  51 
1886 ,  61 .  93 
1887 ,  63 .  23 
1886 ,  62 .  94 
1886 ,  61 .  78 
1888 ,  61 .  20 
1888 ,  62 .  65 
1888 ,  63 .   9 
1887 ,  61 .  93 
1887 ,  62 .  65 
1885 ,  62 .  36 
1888 ,  63 .  38 
1886 ,  62 .  80 
1887 ,  62 .  36 
1887 ,  62 .  65 
1887 ,  62 .  22 
1885 ,  63 .  38 
1885 ,  63 .   9 
1886 ,  62 .  65 
1885 ,  62 .  22 
1886 ,  62 .  36 
1890 ,  62 .  80 
1886 ,  62 .  94 
1887 ,  62 .  80 
1885 ,  61 .  93 
1889 ,  62 .  80 
1888 ,  63 .  38 
1888 ,  62 .  65 
1888 ,  62 .  80 
1889 ,  62 .  36 
1886 ,  62 .  22 
1889 ,  62 .  65 
1887 ,  62 .  36 
1888 ,  62 .   7 
1889 ,  61 .  93 
1887 ,  62 .  80 
1888 ,  63 .   9 
1887 ,  63 .   9 
1887 ,  62 .  51 
1887 ,  62 .  65 
1888 ,  62 .  51 
1888 ,  62 .  51 
1888 ,  63 .  67 
1888 ,  63 .  67 
1888 ,  62 .  80 
1890 ,  63 .  52 
1888 ,  62 .  94 
1889 ,  63 .   9 
1888 ,  61 .  93 
1888 ,  62 .  65 
1889 ,  62 .  22 
1887 ,  63 .   9 
1888 ,  63 .  52 
1888 ,  62 .  94 
1889 ,  62 .  94 
1887 ,  62 .  80 
1888 ,  62 .  36 
1888 ,  63 .   9 
1889 ,  62 .  36 
1887 ,  62 .  36 
1888 ,  62 .  22 
1888 ,  62 .  51 
1889 ,  62 .  22 
1887 ,  62 .  65 
1887 ,  63 .   9 
1888 ,  63 .   9 
1888 ,  62 .  22 
1888 ,  62 .  80 
1889 ,  62 .  65 
1889 ,  62 .  65 
1888 ,  62 .  80 
1890 ,  63 .  38 
1890 ,  61 .  20 
1888 ,  62 .  36 
1888 ,  63 .  81 
1888 ,  63 .  38 
1887 ,  62 .  51 
1889 ,  62 .  65 
1889 ,  61 .  93 
1888 ,  62 .  94 
1890 ,  63 .   9 
1887 ,  62 .  51 
1887 ,  62 .  51 
1887 ,  63 .  38 
1887 ,  63 .  38 
1888 ,  63 .   9 
1888 ,  62 .  51 
1888 ,  62 .  36 
1890 ,  63 .  38 
1890 ,  63 .   9 
1885 ,  62 .  80 
1886 ,  63 .  67 
1888 ,  62 .  36 
1887 ,  62 .  51 
1888 ,  63 .  67 
1889 ,  63 .  23 
1887 ,  62 .  36 
1890 ,  63 .   9 
1889 ,  60 .  77 
1887 ,  62 .  94 
1886 ,  62 .  36 
1889 ,  62 .  36 
1890 ,  63 .  23 
1890 ,  63 .  23 
1888 ,  63 .  67 
1888 ,  63 .   9 
1887 ,  61 .  64 
1887 ,  62 .  94 
1887 ,  63 .  38 
1889 ,  63 .   9 
1888 ,  62 .  65 
1889 ,  64 .  25 
1890 ,  63 .  38 
1891 ,  63 .  23 
1888 ,  63 .  67 
1890 ,  63 .  67 
1888 ,  62 .  65 
1888 ,  62 .  51 
1890 ,  63 .   9 
1887 ,  64 .  10 
1888 ,  63 .   9 
1889 ,  62 .  80 
1888 ,  62 .  36 
1888 ,  63 .  38 
1888 ,  63 .  52 
1890 ,  62 .  94 
1886 ,  62 .  94 
1888 ,  62 .  94 
1887 ,  62 .  36 
1889 ,  62 .  80 
1890 ,  62 .  80 
1888 ,  62 .  94 
1887 ,  62 .  36 
1888 ,  62 .  65 
1887 ,  62 .  51 
1887 ,  63 .  23 
1889 ,  61 .  93 
1888 ,  63 .   9 
1888 ,  62 .  65 
1887 ,  62 .  65 
1887 ,  61 .  78 
1888 ,  63 .  52 
1888 ,  63 .   9 
1885 ,  62 .  80 
1886 ,  63 .   9 
1888 ,  63 .   9 
1887 ,  62 .  80 
1885 ,  62 .  65 
1885 ,  62 .  51 
1887 ,  62 .  94 
1888 ,  63 .  23 
1888 ,  63 .  52 
1887 ,  62 .  65 
1886 ,  63 .  38 
1884 ,  63 .  38 
1886 ,  62 .  94 
1884 ,  63 .  67 
1886 ,  63 .   9 
1885 ,  62 .  65 
1885 ,  62 .  94 
1885 ,  62 .  80 
1886 ,  63 .  38 
1888 ,  62 .  94 
1886 ,  61 .  93 
1885 ,  63 .   9 
1887 ,  62 .  36 
1890 ,  63 .  23 
1890 ,  63 .  52 
1888 ,  63 .  67 
1890 ,  63 .  67 
1890 ,  62 .  94 
1888 ,  63 .   9 
1889 ,  61 .  35 
1889 ,  62 .  65 
1889 ,  62 .  36 
1888 ,  63 .   9 
1887 ,  62 .  94 
1885 ,  62 .  65 
1885 ,  63 .  67 
1882 ,  61 .  35 
1887 ,  62 .  65 
1887 ,  62 .  94 
1885 ,  62 .  51 
1885 ,  63 .  38 
1887 ,  61 .  93 
1887 ,  62 .  51 
1885 ,  62 .  94 
1886 ,  63 .  23 
1888 ,  63 .  52 
1886 ,  62 .  36 
1886 ,  63 .   9 
1885 ,  62 .  80 
1884 ,  62 .  80 
1886 ,  62 .  94 
1886 ,  62 .  94 
1884 ,  63 .   9 
1885 ,  62 .  65 
1884 ,  62 .  65 
1885 ,  62 .  65 
1884 ,  62 .  65 
1884 ,  61 .  64 
1886 ,  61 .  64 
1884 ,  62 .  65 
1884 ,  62 .  94 
1883 ,  62 .  51 
1885 ,  61 .  35 
1885 ,  62 .  65 
1884 ,  62 .  94 
1884 ,  62 .  22 
1885 ,  63 .   9 
1886 ,  62 .  94 
1885 ,  63 .   9 
1883 ,  62 .  51 
1885 ,  62 .  80 
1885 ,  62 .  36 
1886 ,  63 .  23 
1884 ,  62 .  51 
1884 ,  63 .  23 
1882 ,  63 .  67 
1884 ,  63 .   9 
1881 ,  61 .  93 
1883 ,  63 .   9 
1884 ,  63 .  38 
1886 ,  62 .  94 
1885 ,  63 .   9 
1883 ,  62 .  94 
1883 ,  62 .  65 
1884 ,  63 .   9 
1884 ,  63 .   9 
1883 ,  62 .   7 
1881 ,  62 .  80 
1880 ,  62 .  80 
1884 ,  62 .  94 
1883 ,  63 .  52 
1885 ,  62 .  94 
1882 ,  62 .  94 
1881 ,  61 .  78 
1884 ,  61 .  64 
1885 ,  61 .  35 
1884 ,  62 .  65 
1885 ,  62 .  65 
1885 ,  62 .  36 
1886 ,  63 .  67 
1888 ,  62 .  80 
1888 ,  62 .  94 
1887 ,  62 .  94 
1885 ,  62 .  22 
1885 ,  62 .  51 
1886 ,  62 .  22 
1885 ,  62 .  80 
1884 ,  62 .  36 
1886 ,  64 .  10 
1885 ,  62 .  65 
1884 ,  64 .  39 
1884 ,  62 .  36 
1883 ,  63 .  23 
1884 ,  63 .   9 
1885 ,  63 .  52 
1883 ,  63 .   9 
1881 ,  62 .  51 
1882 ,  61 .  93 
1884 ,  62 .  80 
1886 ,  62 .  36 
1884 ,  63 .   9 
1884 ,  61 .  93 
1884 ,  62 .  94 
1882 ,  63 .   9 
1884 ,  63 .   9 
1884 ,  62 .  51 
1885 ,  62 .  65 
1883 ,  63 .   9 
1882 ,  63 .   9 
1883 ,  63 .  38 
1881 ,  62 .  22 
1883 ,  63 .   9 
1883 ,  63 .   9 
1883 ,  62 .  94 
1883 ,  62 .  65 
1881 ,  62 .  51 
1883 ,  63 .  67 
1883 ,  62 .  36 
1884 ,  62 .  65 
1881 ,  62 .  65 
1885 ,  63 .   9 
1886 ,  62 .  94 
1883 ,  61 .  35 
1881 ,  63 .   9 
1884 ,  63 .  67 
1884 ,  63 .  52 
1883 ,  62 .  80 
1880 ,  63 .  52 
1884 ,  63 .  52 
1884 ,  63 .  38 
1884 ,  62 .  80 
1886 ,  62 .  94 
1883 ,  63 .   9 
1883 ,  63 .   9 
1882 ,  62 .  94 
1883 ,  62 .  65 
1884 ,  63 .   9 
1883 ,  62 .  94 
1882 ,  63 .   9 
1883 ,  62 .  65 
1881 ,  63 .   9 
1884 ,  62 .  65 
1883 ,  63 .  67 
1883 ,  61 .  93 
1883 ,  64 .  10 
1883 ,  62 .  94 
1884 ,  63 .   9 
1884 ,  62 .  94 
1884 ,  63 .  23 
1881 ,  62 .  65 
1884 ,  62 .  80 
1882 ,  63 .  23 
1883 ,  63 .  38 
1881 ,  63 .   9 
1882 ,  63 .  52 
1883 ,  62 .  94 
1881 ,  62 .  65 
1883 ,  62 .  80 
1883 ,  62 .  80 
1882 ,  63 .  67 
1881 ,  63 .   9 
1885 ,  62 .  36 
1881 ,  62 .  65 
1881 ,  63 .   9 
1883 ,  64 .  10 
1883 ,  62 .  22 
1882 ,  62 .  51 
1883 ,  62 .  65 
1883 ,  63 .  52 
1883 ,  62 .  65 
1881 ,  63 .   9 
1884 ,  64 .  10 
1883 ,  61 .  93 
1884 ,  63 .  23 
1884 ,  63 .   9 
1883 ,  63 .   9 
1882 ,  63 .   9 
1882 ,  63 .   9 
1882 ,  62 .  80 
1883 ,  63 .  67 
1883 ,  63 .   9 
1884 ,  62 .  36 
1881 ,  62 .  80 
1883 ,  63 .   9 
1883 ,  63 .  67 
1883 ,  63 .  23 
1884 ,  63 .  23 
1882 ,  64 .  10 
1883 ,  62 .  51 
1883 ,  62 .  65 
1881 ,  63 .  23 
1881 ,  62 .  94 
1882 ,  63 .  23 
1882 ,  63 .  67 
1882 ,  63 .  38 
1880 ,  63 .  23 
1882 ,  63 .  67 
1884 ,  63 .  52 
1882 ,  63 .  38 
1882 ,  63 .  67 
1882 ,  61 .  93 
1886 ,  62 .  36 
1881 ,  62 .  80 
1881 ,  62 .  94 
1881 ,  62 .  65 
1881 ,  63 .   9 
1882 ,  62 .  94 
1881 ,  62 .  80 
1880 ,  63 .  67 
1881 ,  63 .  23 
1881 ,  62 .  65 
1882 ,  63 .   9 
1882 ,  64 .  10 
1881 ,  62 .  94 
1883 ,  63 .  23 
1882 ,  63 .  67 
1883 ,  63 .   9 
1881 ,  63 .   9 
1882 ,  62 .  80 
1882 ,  62 .  80 
1882 ,  62 .  94 
1881 ,  63 .   9 
1883 ,  63 .  23 
1880 ,  63 .   9 
1882 ,  63 .   9 
1879 ,  62 .  22 
1882 ,  62 .  80 
1881 ,  64 .  68 
1881 ,  62 .  80 
1881 ,  62 .  36 
1882 ,  63 .   9 
1881 ,  62 .  94 
1881 ,  62 .  94 
1881 ,  62 .  65 
1880 ,  62 .  51 
1881 ,  63 .   9 
1884 ,  63 .  67 
1883 ,  62 .  51 
1884 ,  62 .  36 
1881 ,  62 .  80 
1882 ,  63 .   9 
1883 ,  63 .  23 
1882 ,  62 .  94 
1882 ,  63 .  52 
1881 ,  63 .  52 
1882 ,  62 .  94 
1880 ,  62 .  51 
1881 ,  62 .  65 
1881 ,  63 .  67 
1881 ,  62 .  94 
1883 ,  63 .  67 
1880 ,  62 .  80 
1881 ,  62 .  94 
1883 ,  63 .  52 
1883 ,  63 .  38 
1884 ,  63 .  67 
1883 ,  63 .  23 
1882 ,  62 .  94 
1882 ,  63 .   9 
1881 ,  61 .  93 
1881 ,  63 .   9 
1885 ,  63 .  52 
1882 ,  62 .  94 
1880 ,  63 .   9 
1880 ,  63 .  23 
1881 ,  63 .   9 
1882 ,  64 .  10 
1882 ,  63 .  23 
1882 ,  64 .  39 
1881 ,  63 .   9 
1883 ,  63 .   9 
1882 ,  62 .  65 
1880 ,  62 .  94 
1881 ,  62 .  51 
1883 ,  62 .  94 
1886 ,  64 .  25 
1881 ,  63 .  52 
1883 ,  62 .  51 
1881 ,  62 .  36 
1883 ,  63 .  52 
1883 ,  63 .  23 
1883 ,  62 .  65 
1882 ,  62 .  65 
1883 ,  62 .  80 
1883 ,  63 .   9 
1883 ,  62 .  80 
1883 ,  62 .  94 
1886 ,  63 .  52 
1880 ,  63 .  67 
1883 ,  63 .  23 
1884 ,  63 .  23 
1882 ,  63 .  52 
1882 ,  64 .  25 
1883 ,  62 .  65 
1883 ,  62 .  94 
1884 ,  63 .  38 
1883 ,  64 .  10 
1883 ,  62 .  51 
1884 ,  62 .  65 
1882 ,  62 .  80 
1882 ,  64 .  10 
1883 ,  62 .  94 
1884 ,  62 .  94 
1885 ,  62 .  65 
1883 ,  63 .   9 
1882 ,  62 .  51 
1881 ,  63 .   9 
1882 ,  63 .  23 
1882 ,  62 .  94 
1883 ,  63 .   9 
1882 ,  62 .  80 
1883 ,  63 .  67 
1881 ,  63 .   9 
1885 ,  61 .  93 
1883 ,  63 .  38 
1881 ,  62 .  51 
1883 ,  62 .  65 
1883 ,  63 .   9 
1883 ,  62 .  80 
1882 ,  63 .  38 
1882 ,  63 .   9 
1882 ,  62 .  94 
1883 ,  62 .  22 
1883 ,  62 .  22 
1881 ,  63 .  67 
1882 ,  62 .  36 
1882 ,  62 .  51 
1881 ,  63 .  23 
1881 ,  63 .  38 
1881 ,  62 .  80 
1882 ,  63 .  52 
1883 ,  62 .  80 
1883 ,  63 .   9 
1881 ,  61 .  35 
1881 ,  63 .  52 
1882 ,  61 .  93 
1881 ,  63 .  38 
1882 ,  62 .  65 
1882 ,  62 .  65 
1883 ,  62 .  65 
1881 ,  63 .  23 
1883 ,  62 .  94 
1882 ,  63 .  23 
1883 ,  62 .  94 
1881 ,  62 .  94 
1881 ,  62 .  65 
1883 ,  62 .  65 
1882 ,  63 .   9 
1881 ,  64 .  54 
1883 ,  62 .  51 
1881 ,  62 .  80 
1883 ,  62 .  94 
1881 ,  61 .  20 
1880 ,  62 .  94 
1883 ,  62 .  65 
1883 ,  62 .  94 
1881 ,  62 .  94 
1880 ,  62 .  65 
1881 ,  62 .  36 
1882 ,  63 .  52 
1882 ,  63 .  67 
1883 ,  63 .   9 
1881 ,  62 .  36 
1880 ,  62 .  94 
1881 ,  63 .  23 
1884 ,  63 .   9 
1880 ,  62 .  65 
1883 ,  63 .   9 
1881 ,  63 .  67 
1883 ,  61 .  93 
1884 ,  62 .  22 
1883 ,  62 .  36 
1884 ,  63 .  67 
1884 ,  63 .  52 
1886 ,  63 .  23 
1886 ,  62 .  65 
1886 ,  62 .  65 
1886 ,  63 .  23 
1883 ,  63 .  38 
1884 ,  63 .  23 
1883 ,  64 .  10 
1883 ,  63 .   9 
1884 ,  63 .   9 
1882 ,  62 .  80 
1883 ,  62 .  94 
1886 ,  62 .  94 
1886 ,  62 .  36 
1881 ,  62 .  22 
1881 ,  62 .  36 
1883 ,  63 .  38 
1884 ,  62 .  36 
1882 ,  62 .  94 
1884 ,  63 .  23 
1886 ,  62 .  22 
1884 ,  63 .   9 
1881 ,  62 .  22 
1882 ,  63 .  67 
1884 ,  63 .   9 
1884 ,  62 .  36 
1886 ,  62 .   7 
1884 ,  62 .  51 
1884 ,  63 .  52 
1886 ,  63 .  52 
1886 ,  63 .   9 
1881 ,  62 .  51 
1884 ,  62 .  80 
1885 ,  62 .  80 
1884 ,  62 .  65 
1882 ,  63 .   9 
1886 ,  62 .  94 
1884 ,  61 .  93 
1882 ,  62 .  65 
1885 ,  62 .  22 
1885 ,  62 .  22 
1885 ,  62 .  80 
1885 ,  62 .  65 
1884 ,  63 .   9 
1886 ,  62 .  36 
1884 ,  62 .  36 
1884 ,  61 .  93 
1882 ,  63 .   9 
1886 ,  62 .  94 
1884 ,  63 .   9 
1884 ,  63 .   9 
1884 ,  62 .  94 
1884 ,  63 .  67 
1887 ,  63 .  38 
1885 ,  62 .  51 
1881 ,  63 .   9 
1885 ,  63 .  67 
1885 ,  64 .  68 
1885 ,  61 .  78 
1885 ,  63 .  38 
1885 ,  62 .  22 
1884 ,  61 .  35 
1885 ,  62 .  51 
1885 ,  63 .  67 
1886 ,  61 .  93 
1885 ,  63 .  23 
1886 ,  63 .  67 
1885 ,  63 .  52 
1885 ,  62 .  36 
1888 ,  63 .   9 
1885 ,  62 .  80 
1885 ,  63 .   9 
1886 ,  63 .  52 
1888 ,  63 .  52 
1886 ,  62 .  65 
1886 ,  62 .  94 
1886 ,  63 .   9 
1885 ,  61 .  93 
1884 ,  63 .   9 
1885 ,  61 .  93 
1885 ,  62 .  65 
1884 ,  62 .  36 
1885 ,  62 .  80 
1885 ,  62 .  22 
1884 ,  61 .  93 
1886 ,  64 .  25 
1886 ,  63 .   9 
1884 ,  63 .  52 
1885 ,  62 .  94 
1884 ,  63 .   9 
1886 ,  62 .  65 
1885 ,  62 .  36 
1888 ,  62 .  94 
1888 ,  62 .  36 
1885 ,  62 .  94 
1884 ,  62 .  80 
1885 ,  62 .   7 
1885 ,  63 .  52 
1885 ,  62 .  51 
1885 ,  62 .  36 
1888 ,  62 .  80 
1887 ,  62 .  36 
1885 ,  62 .  36 
1885 ,  62 .  65 
1883 ,  62 .  65 
1886 ,  61 .  64 
1887 ,  63 .  52 
1885 ,  61 .  78 
1885 ,  63 .  38 
1886 ,  61 .  78 
1885 ,  62 .  94 
1886 ,  64 .  68 
1884 ,  62 .  51 
1885 ,  63 .  67 
1884 ,  63 .  38 
1885 ,  62 .  65 
1884 ,  62 .  94 
1887 ,  63 .  23 
1886 ,  63 .  96 
1886 ,  63 .   9 
1885 ,  61 .  78 
1885 ,  62 .  65 
1886 ,  61 .  35 
1885 ,  62 .  36 
1886 ,  62 .  51 
1885 ,  62 .   7 
1885 ,  60 .  48 
1884 ,  63 .  38 
1885 ,  63 .  67 
1884 ,  63 .   9 
1888 ,  63 .   9 
1886 ,  64 .  54 
1886 ,  61 .  35 
1885 ,  62 .  51 
1887 ,  61 .  64 
1887 ,  63 .   9 
1887 ,  61 .  93 
1885 ,  63 .  52 
1885 ,  62 .  80 
1885 ,  61 .   6 
1885 ,  61 .  93 
1885 ,  62 .  65 
1886 ,  62 .   7 
1884 ,  63 .   9 
1886 ,  62 .  94 
1885 ,  62 .  36 
1885 ,  62 .  80 
1884 ,  63 .  23 
1885 ,  63 .   9 
1886 ,  62 .  65 
1887 ,  61 .  93 
1884 ,  62 .  94 
1886 ,  62 .  22 
1885 ,  62 .  51 
1885 ,  62 .  51 
1884 ,  63 .   9 
1886 ,  63 .   9 
1885 ,  62 .  80 
1884 ,  61 .  93 
1884 ,  62 .  80 
1884 ,  63 .  23 
1886 ,  63 .  67 
1886 ,  64 .  10 
1885 ,  62 .  65 
1885 ,  62 .  65 
1886 ,  63 .   9 
1886 ,  62 .  94 
1885 ,  62 .  65 
1885 ,  62 .  94 
1884 ,  63 .   9 
1888 ,  62 .  65 
1883 ,  64 .  25 
1883 ,  62 .  80 
1888 ,  62 .  36 
1886 ,  62 .  65 
1886 ,  62 .  94 
1884 ,  63 .   9 
1885 ,  62 .  22 
1885 ,  62 .  80 
1886 ,  63 .  67 
1886 ,  63 .  38 
1886 ,  62 .  51 
1886 ,  64 .  10 
1884 ,  62 .  94 
1888 ,  63 .  23 
1882 ,  63 .   9 
1884 ,  63 .  38 
1885 ,  63 .   9 
1885 ,  62 .  94 
1888 ,  63 .   9 
1887 ,  61 .  35 
1884 ,  61 .   6 
1884 ,  62 .  80 
1884 ,  63 .  96 
1884 ,  62 .  51 
1885 ,  62 .  94 
1886 ,  63 .  52 
1886 ,  62 .  94 
1884 ,  62 .  51 
1885 ,  63 .   9 
1885 ,  62 .  51 
1886 ,  62 .  36 
1887 ,  62 .   7 
1885 ,  63 .   9 
1887 ,  62 .  65 
1886 ,  62 .  94 
1885 ,  62 .  22 
1887 ,  61 .  93 
1885 ,  62 .  36 
1885 ,  62 .  65 
1885 ,  61 .  78 
1884 ,  63 .  38 
1886 ,  62 .  22 
1885 ,  62 .  51 
1884 ,  63 .  23 
1885 ,  63 .  38 
1886 ,  62 .  36 
1886 ,  63 .   9 
1885 ,  64 .  25 
1886 ,  63 .   9 
1885 ,  62 .  36 
1886 ,  62 .  65 
1886 ,  62 .  80 
1886 ,  63 .  23 
1886 ,  63 .   9 
1884 ,  63 .   9 
1885 ,  62 .  94 
1887 ,  62 .  65 
1886 ,  62 .  94 
1884 ,  63 .   9 
1885 ,  62 .  80 
1885 ,  63 .  67 
1885 ,  63 .   9 
1887 ,  62 .  94 
1885 ,  61 .  93 
1884 ,  63 .  67 
1885 ,  61 .  93 
1884 ,  63 .   9 
1886 ,  62 .  36 
1882 ,  63 .   9 
1884 ,  61 .  93 
1886 ,  63 .  52 
1888 ,  63 .  52 
1886 ,  62 .  94 
1884 ,  62 .  51 
1884 ,  61 .  93 
1884 ,  63 .  38 
1877 ,  63 .   9 
1884 ,  61 .  35 
1887 ,  61 .  35 
1883 ,  62 .  80 
1883 ,  64 .  83 
1886 ,  62 .  94 
1884 ,  59 .  61 
1884 ,  61 .  93 
1883 ,  63 .  67 
1885 ,  62 .  65 
1883 ,  63 .   9 
1883 ,  62 .  65 
1885 ,  63 .   9 
1886 ,  63 .  52 
1886 ,  61 .  93 
1885 ,  61 .  93 
1883 ,  63 .   9 
1884 ,  64 .  39 
1884 ,  63 .   9 
1883 ,  62 .  36 
1883 ,  62 .  80 
1883 ,  62 .  22 
1885 ,  61 .  93 
1882 ,  62 .  36 
1884 ,  63 .  52 
1886 ,  63 .  38 
1886 ,  62 .  80 
1882 ,  63 .   9 
1885 ,  63 .  52 
1884 ,  60 .   4 
1883 ,  62 .  22 
1884 ,  61 .  93 
1884 ,  63 .   9 
1884 ,  61 .  93 
1884 ,  62 .  36 
1883 ,  62 .  51 
1882 ,  63 .  67 
1882 ,  61 .  93 
1882 ,  62 .  36 
1884 ,  63 .  67 
1883 ,  62 .  36 
1886 ,  62 .  36 
1884 ,  61 .  93 
1883 ,  61 .  35 
1881 ,  63 .  38 
1884 ,  61 .  35 
1885 ,  62 .  22 
1884 ,  62 .  80 
1881 ,  61 .  93 
1886 ,  62 .   7 
1883 ,  62 .  94 
1884 ,  62 .  36 
1882 ,  61 .  93 
1884 ,  62 .  51 
1881 ,  62 .  65 
1885 ,  61 .  35 
1881 ,  63 .  52 
1883 ,  61 .  78 
1882 ,  62 .  51 
1883 ,  63 .  67 
1881 ,  62 .  65 
1882 ,  61 .  20 
1884 ,  61 .  93 
1883 ,  61 .  93 
1883 ,  62 .  80 
1884 ,  61 .  93 
1883 ,  61 .  93 
1884 ,  62 .  51 
1884 ,  63 .  23 
1884 ,  61 .  35 
1884 ,  62 .  80 
1883 ,  63 .   9 
1881 ,  62 .  94 
1883 ,  62 .  22 
1882 ,  63 .   9 
1884 ,  62 .  65 
1883 ,  64 .  54 
1882 ,  62 .  36 
1886 ,  62 .  94 
1882 ,  63 .  52 
1882 ,  63 .  52 
1884 ,  62 .  36 
1881 ,  61 .  93 
1881 ,  63 .  67 
1881 ,  62 .  65 
1883 ,  62 .  22 
1882 ,  62 .  80 
1883 ,  62 .  65 
1882 ,  63 .  23 
1882 ,  61 .  20 
1882 ,  61 .  93 
1883 ,  63 .  23 
1882 ,  63 .  67 
1883 ,  62 .  94 
1883 ,  62 .  36 
1882 ,  61 .  78 
1879 ,  62 .  80 
1879 ,  62 .  22 
1881 ,  61 .  93 
1884 ,  62 .  80 
1882 ,  63 .  67 
1882 ,  62 .  94 
1883 ,  62 .  51 
1882 ,  61 .  93 
1881 ,  62 .  80 
1881 ,  61 .  20 
1883 ,  62 .  22 
1882 ,  62 .  36 
1882 ,  61 .  78 
1881 ,  61 .  93 
1882 ,  62 .  65 
1882 ,  62 .  94 
1882 ,  63 .   9 
1883 ,  61 .  93 
1882 ,  62 .  22 
1881 ,  62 .  51 
1881 ,  63 .  38 
1882 ,  62 .   7 
1883 ,  62 .  51 
1881 ,  62 .  36 
1880 ,  63 .  96 
1884 ,  62 .  36 
1881 ,  62 .  36 
1881 ,  61 .  93 
1880 ,  62 .  65 
1884 ,  62 .  36 
1882 ,  63 .  38 
1882 ,  63 .  52 
1882 ,  62 .  80 
1883 ,  62 .  51 
1882 ,  62 .  94 
1881 ,  62 .  22 
1880 ,  63 .  67 
1881 ,  62 .  22 
1882 ,  63 .  67 
1884 ,  63 .  52 
1883 ,  61 .  93 
1882 ,  62 .  51 
1883 ,  62 .  51 
1882 ,  62 .  65 
1882 ,  63 .   9 
1886 ,  63 .  38 
1886 ,  62 .  94 
1884 ,  62 .  36 
1884 ,  62 .  94 
1884 ,  62 .  22 
1885 ,  63 .  52 
1885 ,  62 .   7 
1881 ,  62 .  80 
1885 ,  62 .  94 
1888 ,  62 .  94 
1886 ,  62 .  94 
1883 ,  63 .  38 
1885 ,  62 .  36 
1887 ,  61 .  93 
1884 ,  62 .  65 
1885 ,  63 .  23 
1885 ,  62 .  65 
1884 ,  62 .  65 
1884 ,  62 .  65 
1883 ,  63 .   9 
1885 ,  62 .  36 
1883 ,  62 .  36 
1886 ,  61 .  93 
1884 ,  62 .  94 
1886 ,  62 .  94 
1886 ,  63 .   9 
1885 ,  62 .   7 
1883 ,  62 .  80 
1885 ,  62 .  36 
1886 ,  63 .   9 
1885 ,  62 .  22 
1884 ,  62 .  80 
1885 ,  62 .  36 
1887 ,  62 .  51 
1884 ,  62 .  65 
1884 ,  63 .  38 
1884 ,  62 .  65 
1885 ,  62 .  94 
1884 ,  63 .   9 
1885 ,  62 .  65 
1883 ,  63 .   9 
1884 ,  62 .  51 
1885 ,  63 .   9 
1884 ,  61 .  35 
1885 ,  62 .  80 
1883 ,  62 .  65 
1885 ,  62 .  94 
1884 ,  62 .  94 
1887 ,  62 .  80 
1886 ,  62 .  51 
1890 ,  63 .  23 
1884 ,  64 .  10 
1887 ,  62 .  36 
1884 ,  61 .  35 
1886 ,  62 .  80 
1884 ,  63 .   9 
1885 ,  62 .  80 
1885 ,  62 .   7 
1884 ,  62 .  51 
1885 ,  62 .  36 
1886 ,  63 .  52 
1884 ,  63 .  23 
1884 ,  63 .   9 
1884 ,  64 .  10 
1884 ,  62 .  36 
1883 ,  62 .  51 
1883 ,  62 .  65 
1885 ,  62 .  94 
1884 ,  62 .  80 
1885 ,  62 .  65 
1887 ,  62 .  80 
1886 ,  63 .  67 
1883 ,  63 .  38 
1886 ,  63 .  38 
1886 ,  63 .  38 
1886 ,  63 .  52 
1886 ,  63 .   9 
1884 ,  62 .  94 
1886 ,  62 .  36 
1884 ,  62 .  36 
1884 ,  64 .  10 
1885 ,  62 .  51 
1884 ,  61 .  35 
1884 ,  61 .   6 
1885 ,  62 .  65 
1885 ,  61 .  93 
1888 ,  63 .  52 
1886 ,  62 .  94 
1885 ,  62 .  36 
1885 ,  62 .  51 
1884 ,  61 .  64 
1884 ,  62 .  22 
1885 ,  62 .  65 
1884 ,  63 .   9 
1886 ,  63 .  23 
1884 ,  62 .  94 
1886 ,  63 .   9 
1884 ,  62 .  80 
1884 ,  61 .  93 
1884 ,  63 .  23 
1884 ,  63 .  23 
1884 ,  63 .  67 
1886 ,  63 .  38 
1883 ,  61 .  20 
1886 ,  62 .  80 
1885 ,  62 .  65 
1884 ,  63 .  52 
1885 ,  63 .   9 
1886 ,  62 .   7 
1883 ,  62 .  80 
1885 ,  62 .  51 
1884 ,  62 .  51 
1885 ,  61 .  78 
1885 ,  63 .  67 
1885 ,  62 .  65 
1884 ,  62 .  65 
1883 ,  62 .  65 
1884 ,  62 .  80 
1886 ,  63 .  67 
1882 ,  63 .  67 
1886 ,  62 .  80 
1884 ,  63 .   9 
1883 ,  62 .  94 
1885 ,  63 .   9 
1884 ,  63 .   9 
1879 ,  62 .  51 
1887 ,  62 .  51 
1886 ,  62 .  65 
1883 ,  62 .  22 
1885 ,  63 .   9 
1883 ,  63 .  23 
1884 ,  63 .  96 
1886 ,  62 .  65 
1884 ,  62 .  94 
1885 ,  62 .  94 
1882 ,  62 .  80 
1884 ,  62 .  94 
1886 ,  63 .  38 
1883 ,  63 .   9 
1886 ,  63 .   9 
1885 ,  62 .  36 
1886 ,  63 .  67 
1883 ,  63 .   9 
1884 ,  61 .  78 
1882 ,  60 .  62 
1884 ,  61 .  93 
1885 ,  62 .  80 
1882 ,  62 .  65 
1884 ,  62 .  94 
1886 ,  63 .  23 
1884 ,  63 .  38 
1883 ,  62 .  94 
1885 ,  63 .   9 
1883 ,  63 .   9 
1886 ,  63 .  23 
1884 ,  63 .  67 
1884 ,  62 .   7 
1883 ,  63 .  23 
1883 ,  63 .  38 
1884 ,  63 .   9 
1884 ,  62 .  94 
1880 ,  63 .  38 
1881 ,  63 .   9 
1884 ,  63 .  67 
1884 ,  63 .   9 
1885 ,  63 .   9 
1884 ,  62 .  80 
1884 ,  63 .  23 
1886 ,  63 .  23 
1886 ,  64 .  25 
1885 ,  63 .  38 
1884 ,  62 .  94 
1884 ,  63 .   9 
1884 ,  61 .  93 
1883 ,  62 .  65 
1883 ,  63 .  67 
1885 ,  62 .  80 
1885 ,  62 .  94 
1886 ,  62 .  94 
1883 ,  63 .   9 
1885 ,  62 .  65 
1885 ,  62 .  94 
1884 ,  62 .  51 
1885 ,  62 .   7 
1885 ,  63 .   9 
1886 ,  63 .   9 
1885 ,  62 .  51 
1884 ,  63 .   9 
1886 ,  63 .   9 
1887 ,  61 .  93 
1885 ,  61 .  93 
1887 ,  61 .  20 
1885 ,  63 .   9 
1886 ,  63 .  52 
1888 ,  62 .  94 
1886 ,  62 .  80 
1886 ,  62 .  80 
1887 ,  63 .   9 
1887 ,  63 .  52 
1886 ,  63 .  52 
1886 ,  62 .  94 
1885 ,  62 .  80 
1885 ,  62 .   7 
1885 ,  62 .  80 
1884 ,  62 .  94 
1886 ,  63 .  23 
1886 ,  63 .  23 
1886 ,  62 .  94 
1888 ,  61 .  20 
1886 ,  63 .   9 
1887 ,  62 .  36 
1885 ,  63 .  38 
1887 ,  63 .   9 
1888 ,  62 .  94 
1885 ,  62 .  80 
1885 ,  63 .   9 
1888 ,  63 .  23 
1886 ,  63 .  67 
1888 ,  63 .  67 
1886 ,  63 .  38 
1888 ,  63 .  67 
1888 ,  63 .   9 
1884 ,  61 .  93 
1885 ,  63 .  38 
1885 ,  62 .  80 
1887 ,  62 .  51 
1885 ,  62 .  80 
1886 ,  63 .  67 
1888 ,  63 .  23 
1890 ,  63 .  23 
1886 ,  63 .  67 
1888 ,  63 .  52 
1888 ,  62 .  94 
1888 ,  62 .  65 
1886 ,  62 .  65 
1887 ,  62 .  94 
1886 ,  62 .  65 
1885 ,  62 .  80 
1886 ,  61 .   6 
1886 ,  63 .   9 
1888 ,  63 .  52 
1888 ,  62 .  94 
1886 ,  62 .  94 
1885 ,  62 .  94 
1885 ,  62 .   7 
1886 ,  62 .  94 
1887 ,  62 .  94 
1886 ,  63 .  67 
1886 ,  63 .  67 
1887 ,  63 .   9 
1884 ,  62 .  65 
1883 ,  63 .  38 
1885 ,  61 .  93 
1886 ,  62 .  80 
1884 ,  62 .  94 
1886 ,  63 .  67 
1888 ,  63 .  67 
1886 ,  63 .  38 
1886 ,  63 .  67 
1886 ,  63 .  67 
1886 ,  62 .  94 
1886 ,  63 .  52 
1884 ,  63 .   9 
1886 ,  62 .  94 
1884 ,  62 .  94 
1886 ,  63 .  23 
1888 ,  63 .  67 
1888 ,  63 .   9 
1885 ,  62 .  65 
1887 ,  62 .  36 
1886 ,  62 .  51 
1883 ,  64 .  25 
1885 ,  62 .  65 
1885 ,  61 .  78 
1885 ,  62 .  80 
1885 ,  63 .  38 
1886 ,  62 .  65 
1885 ,  62 .  80 
1887 ,  62 .  94 
1884 ,  63 .  52 
1886 ,  63 .  52 
1886 ,  63 .  52 
1884 ,  63 .  67 
1884 ,  63 .  67 
1888 ,  64 .  10 
1887 ,  62 .  65 
1883 ,  63 .   9 
1883 ,  64 .  25 
1886 ,  63 .  23 
1886 ,  62 .  94 
1884 ,  63 .   9 
1884 ,  63 .   9 
1888 ,  63 .  96 
1886 ,  64 .  68 
1888 ,  63 .  67 
1886 ,  63 .  67 
1883 ,  63 .  38 
1886 ,  63 .  52 
1886 ,  63 .  38 
1886 ,  64 .  39 
1887 ,  62 .  65 
1886 ,  62 .  65 
1882 ,  62 .  22 
1883 ,  63 .   9 
1883 ,  62 .  94 
1885 ,  62 .  22 
1885 ,  64 .  10 
1886 ,  63 .   9 
1885 ,  61 .  78 
1884 ,  63 .   9 
1886 ,  62 .  94 
1884 ,  62 .  94 
1884 ,  62 .  94 
1885 ,  62 .  80 
1885 ,  62 .  94 
1886 ,  61 .  93 
1886 ,  62 .  36 
1883 ,  62 .  65 
1883 ,  63 .   9 
1884 ,  62 .  65 
1885 ,  63 .  67 
1885 ,  62 .  80 
1888 ,  63 .  67 
1886 ,  62 .  65 
1888 ,  63 .   9 
1884 ,  62 .  51 
1884 ,  62 .  80 
1884 ,  62 .  80 
1885 ,  63 .  52 
1885 ,  62 .  94 
1886 ,  63 .  67 
1886 ,  63 .  67 
1888 ,  63 .  67 
1886 ,  62 .  65 
1884 ,  63 .  67 
1884 ,  62 .  94 
1886 ,  63 .   9 
1882 ,  62 .  65 
1881 ,  63 .  38 
1883 ,  63 .   9 
1886 ,  63 .  52 
1885 ,  63 .  38 
1886 ,  63 .  52 
1886 ,  63 .  52 
1886 ,  62 .  94 
1886 ,  62 .  94 
1884 ,  62 .  51 
1884 ,  62 .  51 
1885 ,  63 .   9 
1885 ,  63 .  52 
1885 ,  63 .  67 
1884 ,  61 .  35 
1885 ,  62 .  94 
1886 ,  63 .  23 
1886 ,  63 .  38 
1884 ,  62 .  94 
1886 ,  63 .   9 
1883 ,  62 .  80 
1884 ,  62 .  65 
1885 ,  62 .  80 
1886 ,  63 .  67 
1884 ,  63 .  52 
1884 ,  63 .   9 
1884 ,  62 .  80 
1884 ,  62 .  94 
1885 ,  63 .  38 
1885 ,  62 .  51 
1885 ,  63 .  67 
1881 ,  62 .  94 
1886 ,  62 .  80 
1882 ,  63 .   9 
1884 ,  63 .  23 
1885 ,  62 .  80 
1885 ,  62 .  94 
1884 ,  63 .  67 
1883 ,  63 .  52 
1886 ,  62 .  94 
1886 ,  62 .  94 
1885 ,  62 .  36 
1884 ,  63 .   9 
1888 ,  63 .  67 
1886 ,  62 .  94 
1883 ,  62 .  94 
1883 ,  62 .  94 
1884 ,  62 .  51 
1883 ,  63 .  67 
1882 ,  62 .  51 
1884 ,  61 .  20 
1885 ,  61 .  93 
1884 ,  63 .  67 
1884 ,  63 .  23 
1885 ,  64 .  39 
1884 ,  62 .  51 
1885 ,  63 .  38 
1883 ,  62 .  51 
1882 ,  62 .  80 
1885 ,  63 .   9 
1885 ,  62 .  94 
1884 ,  62 .  94 
1885 ,  63 .   9 
1882 ,  63 .  38 
1888 ,  63 .  23 
1888 ,  63 .  67 
1884 ,  63 .   9 
1885 ,  62 .  65 
1884 ,  62 .  94 
1884 ,  62 .  36 
1883 ,  62 .  94 
1886 ,  63 .  67 
1886 ,  63 .  52 
1882 ,  63 .  23 
1886 ,  63 .  52 
1884 ,  63 .  67 
1886 ,  63 .  52 
1886 ,  63 .  67 
1886 ,  64 .  39 
1884 ,  63 .  67 
1884 ,  62 .  94 
1886 ,  63 .  67 
1884 ,  63 .  52 
1886 ,  62 .  94 
1882 ,  59 .  46 
1884 ,  63 .   9 
1884 ,  62 .  80 
1886 ,  63 .  23 
1886 ,  63 .   9 
1884 ,  63 .   9 
1884 ,  63 .  52 
1885 ,  62 .  94 
1886 ,  63 .  52 
1886 ,  63 .  67 
1886 ,  63 .   9 
1883 ,  62 .  65 
1882 ,  62 .  36 
1885 ,  61 .  93 
1887 ,  62 .  36 
1886 ,  64 .  39 
1885 ,  62 .  22 
1884 ,  63 .   9 
1882 ,  63 .   9 
1885 ,  65 .  70 
1884 ,  62 .  36 
1884 ,  60 .  77 
1884 ,  63 .   9 
1886 ,  63 .  96 
1886 ,  62 .  51 
1883 ,  63 .   9 
1882 ,  63 .  38 
1885 ,  61 .  35 
1885 ,  62 .  22 
1883 ,  63 .   9 
1886 ,  63 .  67 
1886 ,  63 .  23 
1886 ,  63 .  38 
1886 ,  63 .   9 
1883 ,  62 .  94 
1883 ,  62 .  22 
1884 ,  64 .  54 
1884 ,  62 .  22 
1884 ,  63 .  67 
1885 ,  62 .  65 
1883 ,  63 .   9 
1886 ,  63 .  67 
1886 ,  63 .  67 
1886 ,  63 .  52 
1886 ,  63 .  38 
1888 ,  63 .  67 
1883 ,  63 .  67 
1886 ,  62 .  94 
1886 ,  62 .  36 
1884 ,  62 .  94 
1884 ,  64 .  39 
1884 ,  62 .  65 
1885 ,  63 .  38 
1882 ,  63 .   9 
1883 ,  63 .   9 
1884 ,  62 .  94 
1884 ,  62 .  65 
1884 ,  63 .  67 
1884 ,  62 .  80 
1884 ,  61 .  93 
1885 ,  62 .  36 
1886 ,  63 .  67 
1883 ,  63 .   9 
1884 ,  62 .  80 
1882 ,  63 .  67 
1885 ,  62 .  51 
1884 ,  62 .  94 
1885 ,  61 .  64 
1886 ,  62 .  94 
1886 ,  63 .  67 
1884 ,  63 .   9 
1884 ,  62 .  65 
1885 ,  62 .  51 
1884 ,  62 .  94 
1883 ,  63 .   9 
1885 ,  62 .  94 
1884 ,  62 .  80 
1884 ,  62 .  80 
1884 ,  62 .  80 
1886 ,  63 .  67 
1886 ,  63 .  52 
1885 ,  63 .  67 
1884 ,  62 .  94 
1884 ,  61 .  78 
1884 ,  62 .  51 
1884 ,  63 .   9 
1884 ,  63 .  38 
1885 ,  61 .  35 
1887 ,  62 .  80 
1884 ,  62 .  80 
1884 ,  63 .  67 
1882 ,  63 .  67 
1883 ,  63 .  67 
1884 ,  63 .  96 
1886 ,  63 .  52 
1886 ,  62 .  80 
1884 ,  62 .  51 
1885 ,  62 .  94 
1884 ,  63 .   9 
1886 ,  62 .  94 
1884 ,  62 .  94 
1884 ,  63 .  67 
1885 ,  63 .   9 
1884 ,  60 .  77 
1885 ,  62 .  65 
1885 ,  63 .  52 
1884 ,  62 .  94 
1884 ,  62 .  80 
1886 ,  62 .  94 
1884 ,  63 .  38 
1884 ,  62 .  94 
1885 ,  62 .  22 
1884 ,  63 .   9 
1884 ,  63 .  67 
1882 ,  63 .  67 
1884 ,  63 .  67 
1886 ,  63 .   9 
1884 ,  63 .   9 
1885 ,  63 .   9 
1885 ,  63 .  67 
1884 ,  63 .  52 
1888 ,  62 .  94 
1881 ,  64 .  39 
1884 ,  62 .  51 
1886 ,  63 .   9 
1884 ,  62 .   7 
1884 ,  62 .  80 
1884 ,  63 .   9 
1884 ,  62 .  51 
1884 ,  63 .  52 
1884 ,  62 .  94 
1883 ,  62 .  65 
1885 ,  62 .  94 
1884 ,  62 .  36 
1883 ,  63 .   9 
1886 ,  62 .  94 
1880 ,  62 .  65 
1883 ,  62 .  94 
1885 ,  63 .   9 
1884 ,  62 .  22 
1886 ,  63 .  67 
1884 ,  63 .  67 
1883 ,  63 .  67 
1886 ,  63 .  23 
1886 ,  62 .  65 
1884 ,  63 .   9 
1882 ,  63 .  38 
1885 ,  63 .   9 
1884 ,  63 .   9 
1884 ,  62 .  94 
1885 ,  63 .   9 
1884 ,  62 .  36 
1884 ,  63 .   9 
1883 ,  62 .  94 
1883 ,  63 .   9 
1884 ,  63 .  38 
1885 ,  64 .  39 
1884 ,  63 .  38 
1883 ,  63 .   9 
1883 ,  62 .  94 
1884 ,  64 .  54 
1882 ,  63 .  67 
1884 ,  63 .   9 
1883 ,  62 .  94 
1884 ,  63 .  52 
1882 ,  64 .  39 
1885 ,  63 .  38 
1884 ,  62 .  94 
1884 ,  63 .  23 
1886 ,  63 .  23 
1883 ,  63 .  38 
1886 ,  63 .   9 
1884 ,  63 .  52 
1881 ,  63 .  38 
1882 ,  61 .  35 
1885 ,  63 .   9 
1884 ,  62 .  80 
1886 ,  63 .   9 
1881 ,  62 .  80 
1884 ,  61 .  35 
1883 ,  62 .  80 
1884 ,  62 .  94 
1883 ,  63 .  38 
1883 ,  63 .  67 
1884 ,  65 .  99 
1884 ,  62 .  65 
1884 ,  63 .   9 
1884 ,  62 .  36 
1883 ,  63 .   9 
1884 ,  63 .   9 
1882 ,  63 .  67 
1884 ,  61 .  20 
1885 ,  62 .  94 
1881 ,  62 .   7 
1882 ,  63 .  38 
1884 ,  62 .  65 
1884 ,  62 .  94 
1886 ,  63 .  38 
1884 ,  63 .  52 
1883 ,  63 .  38 
1886 ,  64 .  25 
1884 ,  63 .  52 
1881 ,  63 .  52 
1885 ,  62 .  65 
1885 ,  62 .  80 
1884 ,  63 .  52 
1882 ,  63 .  67 
1884 ,  63 .  52 
1884 ,  63 .  23 
1886 ,  63 .   9 
1882 ,  63 .   9 
1884 ,  63 .  67 
1884 ,  62 .  36 
1886 ,  63 .  52 
1886 ,  64 .  25 
1884 ,  62 .  94 
1886 ,  63 .  67 
1886 ,  63 .  67 
1886 ,  64 .  25 
1885 ,  62 .  36 
1886 ,  63 .  23 
1886 ,  63 .  52 
1883 ,  62 .  65 
1886 ,  63 .   9 
1884 ,  62 .  65 
1881 ,  62 .  65 
1883 ,  63 .   9 
1884 ,  62 .  65 
1882 ,  62 .  65 
1883 ,  63 .   9 
1883 ,  63 .  52 
1886 ,  62 .  51 
1883 ,  62 .  94 
1882 ,  61 .  93 
1882 ,  63 .   9 
1884 ,  63 .  38 
1883 ,  61 .  49 
1883 ,  63 .  67 
1883 ,  63 .  52 
1886 ,  63 .  52 
1884 ,  63 .  52 
1886 ,  64 .  54 
1884 ,  63 .  23 
1885 ,  63 .  38 
1886 ,  63 .  23 
1885 ,  63 .  52 
1886 ,  63 .  23 
1888 ,  63 .  23 
1884 ,  62 .  94 
1888 ,  63 .   9 
1885 ,  63 .   9 
1888 ,  62 .   7 
1888 ,  63 .  52 
1888 ,  63 .  52 
1890 ,  63 .  38 
1890 ,  63 .   9 
1887 ,  63 .  67 
1887 ,  62 .  94 
1885 ,  62 .   7 
1886 ,  63 .   9 
1888 ,  63 .  52 
1888 ,  63 .  52 
1888 ,  63 .  38 
1888 ,  63 .  52 
1886 ,  63 .  67 
1886 ,  63 .  52 
1886 ,  63 .  23 
1888 ,  64 .  10 
1886 ,  62 .  94 
1886 ,  63 .  52 
1886 ,  63 .  23 
1888 ,  63 .  67 
1888 ,  63 .  23 
1886 ,  63 .  38 
1888 ,  63 .  23 
1886 ,  62 .  94 
1883 ,  63 .  67 
1886 ,  61 .  93 
1886 ,  62 .  94 
1885 ,  62 .  80 
1886 ,  62 .  94 
1886 ,  63 .   9 
1884 ,  63 .   9 
1885 ,  62 .  94 
1886 ,  63 .  67 
1886 ,  63 .  52 
1888 ,  63 .  38 
1886 ,  63 .  52 
1886 ,  62 .  22 
1888 ,  63 .  52 
1886 ,  63 .  67 
1886 ,  63 .  23 
1883 ,  62 .   7 
1886 ,  63 .  38 
1886 ,  65 .  26 
1888 ,  63 .  23 
1884 ,  63 .  23 
1884 ,  63 .  52 
1884 ,  63 .  67 
1886 ,  63 .  67 
1884 ,  63 .  67 
1886 ,  63 .  52 
1884 ,  63 .  67 
1884 ,  63 .  52 
1884 ,  63 .  52 
1883 ,  63 .  67 
1886 ,  63 .  38 
1886 ,  62 .  94 
1886 ,  63 .   9 
1882 ,  63 .   9 
1882 ,  63 .  23 
1886 ,  63 .  67 
1886 ,  63 .  52 
1884 ,  63 .  67 
1883 ,  63 .  23 
1884 ,  63 .   9 
1882 ,  62 .  94 
1885 ,  62 .  65 
1884 ,  63 .  23 
1882 ,  62 .  65 
1884 ,  62 .  94 
1883 ,  63 .  67 
1883 ,  63 .   9 
1886 ,  63 .   9 
1884 ,  62 .  80 
1884 ,  63 .  67 
1882 ,  62 .  94 
1882 ,  61 .  78 
1883 ,  63 .  23 
1886 ,  62 .  51 
1886 ,  62 .  65 
1884 ,  63 .  67 
1883 ,  63 .  52 
1882 ,  63 .   9 
1883 ,  62 .  36 
1883 ,  62 .  80 
1884 ,  63 .   9 
1884 ,  63 .  52 
1884 ,  63 .   9 
1882 ,  62 .  80 
1882 ,  63 .   9 
1884 ,  63 .  52 
1883 ,  62 .  94 
1885 ,  63 .   9 
1884 ,  63 .  52 
1884 ,  62 .  94 
1886 ,  63 .  23 
1884 ,  64 .  25 
1883 ,  62 .  65 
1885 ,  61 .  93 
1884 ,  62 .  36 
1886 ,  62 .  94 
1884 ,  62 .  94 
1883 ,  60 .  77 
1883 ,  62 .  94 
1882 ,  63 .  23 
1885 ,  62 .  80 
1886 ,  63 .  23 
1882 ,  62 .  94 
1883 ,  63 .   9 
1880 ,  63 .   9 
1883 ,  63 .  67 
1886 ,  63 .  23 
1886 ,  64 .  10 
1881 ,  62 .  36 
1882 ,  62 .  22 
1883 ,  64 .  10 
1884 ,  63 .   9 
1886 ,  61 .  78 
1886 ,  61 .  93 
1883 ,  62 .  36 
1882 ,  62 .  65 
1883 ,  63 .   9 
1886 ,  63 .  23 
1886 ,  64 .  10 
1885 ,  63 .  23 
1884 ,  62 .  94 
1884 ,  63 .  52 
1886 ,  64 .  39 
1887 ,  63 .  38 
1887 ,  63 .  52 
1886 ,  62 .   7 
1885 ,  62 .  80 
1888 ,  63 .  67 
1888 ,  62 .  51 
1883 ,  63 .  23 
1886 ,  63 .  52 
1886 ,  63 .  52 
1888 ,  63 .  38 
1888 ,  63 .  38 
1886 ,  63 .  23 
1886 ,  63 .  52 
1886 ,  63 .  23 
1886 ,  64 .  25 
1885 ,  62 .  65 
1886 ,  63 .  52 
1885 ,  63 .  23 
1885 ,  63 .  67 
1885 ,  63 .   9 
1888 ,  63 .   9 
1885 ,  63 .   9 
1888 ,  63 .  67 
1888 ,  63 .   9 
1885 ,  61 .  93 
1887 ,  62 .  80 
1887 ,  64 .  68 
1885 ,  65 .  41 
1885 ,  62 .  80 
1885 ,  62 .  80 
1884 ,  63 .  38 
1884 ,  62 .   7 
1886 ,  62 .  80 
1888 ,  63 .  23 
1890 ,  63 .  52 
1888 ,  64 .  10 
1886 ,  62 .  65 
1887 ,  62 .  65 
1885 ,  63 .  38 
1885 ,  62 .  65 
1887 ,  62 .  65 
1888 ,  62 .  65 
1887 ,  63 .   9 
1886 ,  63 .  81 
1885 ,  62 .  80 
1886 ,  61 .  64 
1888 ,  63 .  96 
1886 ,  62 .  65 
1886 ,  62 .  36 
1885 ,  63 .   9 
1884 ,  62 .  94 
1886 ,  63 .   9 
1884 ,  62 .  65 
1885 ,  63 .   9 
1886 ,  62 .  65 
1885 ,  62 .  94 
1886 ,  63 .  23 
1886 ,  64 .  25 
1886 ,  63 .  52 
1886 ,  62 .  94 
1886 ,  63 .  67 
1886 ,  63 .  67 
1888 ,  63 .  67 
1888 ,  63 .  52 
1888 ,  63 .  67 
1888 ,  63 .  23 
1888 ,  63 .  38 
1886 ,  63 .  67 
1888 ,  64 .  10 
1886 ,  62 .  65 
1887 ,  62 .  80 
1886 ,  64 .  10 
1886 ,  62 .  65 
1885 ,  62 .  65 
1887 ,  63 .  23 
1886 ,  62 .  51 
1885 ,  62 .  65 
1887 ,  62 .  65 
1886 ,  62 .  94 
1888 ,  62 .   7 
1887 ,  62 .  94 
1888 ,  63 .   9 
1884 ,  62 .  80 
1885 ,  62 .  22 
1887 ,  63 .  38 
1887 ,  62 .  94 
1888 ,  63 .  52 
1888 ,  62 .  80 
1888 ,  63 .   9 
1889 ,  62 .  94 
1886 ,  63 .  67 
1887 ,  63 .   9 
1890 ,  63 .  52 
1889 ,  63 .  52 
1889 ,  63 .   9 
1888 ,  62 .  94 
1888 ,  62 .  36 
1888 ,  63 .  67 
1890 ,  64 .  68 
1887 ,  63 .  52 
1889 ,  64 .  39 
1888 ,  63 .  23 
1888 ,  62 .  65 
1887 ,  63 .  38 
1888 ,  62 .  51 
1889 ,  63 .  23 
1887 ,  62 .  51 
1888 ,  62 .  80 
1887 ,  63 .   9 
1891 ,  63 .  67 
1889 ,  63 .  67 
1886 ,  62 .  94 
1885 ,  63 .   9 
1886 ,  63 .  23 
1887 ,  63 .  52 
1887 ,  62 .  36 
1890 ,  63 .  52 
1888 ,  63 .  23 
1888 ,  63 .  23 
1888 ,  63 .   9 
1888 ,  62 .  80 
1886 ,  62 .  65 
1887 ,  62 .  80 
1887 ,  62 .  80 
1888 ,  64 .  10 
1887 ,  62 .  65 
1886 ,  62 .  94 
1888 ,  63 .  67 
1888 ,  64 .  25 
1886 ,  63 .   9 
1886 ,  63 .  52 
1888 ,  63 .   9 
1886 ,  62 .  80 
1884 ,  63 .   9 
1887 ,  62 .  94 
1888 ,  62 .  94 
1888 ,  62 .  36 
1887 ,  62 .  36 
1890 ,  63 .  38 
1890 ,  63 .  52 
1888 ,  63 .  52 
1888 ,  63 .  52 
1888 ,  63 .  67 
1888 ,  63 .  23 
1888 ,  63 .  23 
1891 ,  63 .   9 
1886 ,  63 .   9 
1887 ,  62 .  94 
1890 ,  63 .  67 
1890 ,  63 .  52 
1892 ,  63 .  67 
1888 ,  63 .