
2605 ,  50 .  90 
2617 ,  50 .  90 
2619 ,  51 .  34 
2606 ,  52 .  64 
2585 ,  50 .  76 
2615 ,  51 .  48 
2634 ,  51 .  48 
2628 ,  53 .  37 
2605 ,  52 .  35 
2620 ,  53 .  22 
2621 ,  52 .  64 
2600 ,  51 .  34 
2584 ,  54 .  24 
2617 ,  52 .  64 
2634 ,  52 .   6 
2625 ,  52 .  21 
2601 ,  51 .  48 
2616 ,  52 .   6 
2620 ,  51 .  92 
2600 ,  51 .  48 
2584 ,  53 .  22 
2618 ,  51 .  92 
2634 ,  50 .  47 
2623 ,  52 .  64 
2602 ,  52 .  64 
2617 ,  53 .   8 
2619 ,  50 .  90 
2599 ,  52 .  35 
2587 ,  51 .  48 
2617 ,  51 .  34 
2633 ,  51 .  48 
2624 ,  51 .  48 
2603 ,  53 .  66 
2617 ,  50 .  90 
2618 ,  51 .  63 
2602 ,  51 .  34 
2588 ,  50 .  90 
2619 ,  52 .   6 
2634 ,  51 .  48 
2622 ,  51 .  48 
2602 ,  50 .  90 
2619 ,  50 .  32 
2621 ,  52 .  64 
2602 ,  52 .  79 
2588 ,  52 .   6 
2619 ,  53 .   8 
2631 ,  50 .  76 
2619 ,  50 .  61 
2602 ,  50 .  90 
2618 ,  52 .  35 
2615 ,  52 .   6 
2598 ,  51 .  48 
2590 ,  51 .  77 
2615 ,  51 .  19 
2633 ,  52 .   6 
2621 ,  51 .  48 
2601 ,  53 .  22 
2620 ,  51 .  48 
2618 ,  52 .   6 
2603 ,  50 .  61 
2590 ,  50 .  90 
2620 ,  52 .  79 
2631 ,  51 .  48 
2620 ,  52 .   6 
2602 ,  51 .  92 
2617 ,  51 .  63 
2615 ,  51 .  34 
2598 ,  52 .  64 
2590 ,  51 .  92 
2621 ,  47 .  42 
2634 ,  52 .  64 
2619 ,  49 .  74 
2602 ,  51 .  48 
2618 ,  51 .  92 
2613 ,  51 .  92 
2597 ,  52 .  64 
2592 ,  53 .  22 
2621 ,  52 .  79 
2631 ,  51 .  92 
2618 ,  52 .   6 
2603 ,  52 .  93 
2617 ,  50 .  32 
2615 ,  50 .  90 
2595 ,  53 .  22 
2589 ,  51 .  63 
2618 ,  52 .   6 
2630 ,  52 .   6 
2616 ,  50 .  90 
2602 ,  51 .  48 
2619 ,  51 .  92 
2613 ,  52 .  50 
2591 ,  50 .  90 
2591 ,  53 .   8 
2623 ,  51 .  48 
2631 ,  52 .  50 
2618 ,  52 .  64 
2603 ,  50 .  32 
2617 ,  51 .  92 
2612 ,  52 .   6 
2594 ,  53 .  22 
2593 ,  50 .  90 
2622 ,  52 .   6 
2630 ,  52 .   6 
2615 ,  51 .  63 
2601 ,  52 .  64 
2619 ,  54 .  24 
2611 ,  51 .  92 
2592 ,  53 .  22 
2594 ,  52 .  50 
2623 ,  51 .  63 
2631 ,  52 .   6 
2616 ,  53 .  22 
2604 ,  50 .  90 
2619 ,  52 .  64 
2611 ,  52 .  50 
2588 ,  51 .  48 
2592 ,  52 .   6 
2623 ,  53 .  22 
2629 ,  51 .  48 
2612 ,  51 .  92 
2603 ,  51 .  92 
2615 ,  51 .  92 
2608 ,  51 .  77 
2588 ,  51 .  34 
2595 ,  52 .  79 
2620 ,  51 .  77 
2626 ,  52 .  64 
2612 ,  52 .  93 
2603 ,  52 .   6 
2618 ,  49 .  16 
2608 ,  51 .  63 
2588 ,  53 .   8 
2595 ,  50 .  32 
2624 ,  53 .  37 
2628 ,  51 .  48 
2607 ,  50 .  32 
2603 ,  53 .   8 
2619 ,  53 .   8 
2607 ,  52 .   6 
2587 ,  52 .  21 
2595 ,  51 .  63 
2623 ,  51 .  48 
2628 ,  51 .  92 
2610 ,  52 .  50 
2603 ,  51 .  92 
2617 ,  52 .   6 
2608 ,  52 .  50 
2586 ,  52 .  93 
2596 ,  52 .   6 
2625 ,  52 .   6 
2627 ,  52 .   6 
2609 ,  50 .  90 
2605 ,  50 .  90 
2619 ,  52 .  79 
2608 ,  51 .  92 
2584 ,  49 .  74 
2600 ,  53 .  81 
2625 ,  52 .   6 
2626 ,  52 .   6 
2610 ,  53 .  37 
2606 ,  52 .   6 
2617 ,  51 .  48 
2606 ,  52 .  79 
2585 ,  50 .  32 
2601 ,  52 .   6 
2625 ,  51 .  63 
2626 ,  51 .  92 
2609 ,  51 .  92 
2608 ,  54 .  39 
2618 ,  52 .   6 
2605 ,  52 .   6 
2586 ,  53 .  22 
2602 ,  53 .   8 
2625 ,  51 .  92 
2626 ,  52 .  21 
2608 ,  53 .  22 
2606 ,  50 .  90 
2617 ,  51 .  48 
2606 ,  52 .  64 
2585 ,  53 .  22 
2604 ,  50 .  76 
2628 ,  52 .   6 
2625 ,  51 .  92 
2605 ,  53 .  22 
2607 ,  51 .  48 
2618 ,  52 .  50 
2605 ,  52 .  93 
2583 ,  51 .  19 
2605 ,  54 .  24 
2624 ,  51 .  92 
2625 ,  52 .  79 
2605 ,  53 .   8 
2607 ,  51 .  92 
2616 ,  50 .  76 
2605 ,  52 .  64 
2586 ,  53 .  22 
2603 ,  52 .   6 
2625 ,  50 .  90 
2623 ,  52 .  64 
2602 ,  52 .  50 
2607 ,  51 .  48 
2616 ,  51 .  92 
2602 ,  52 .  79 
2582 ,  52 .  79 
2604 ,  53 .  22 
2627 ,  52 .   6 
2624 ,  52 .   6 
2606 ,  53 .  95 
2609 ,  50 .  90 
2618 ,  51 .  48 
2601 ,  52 .   6 
2582 ,  53 .  95 
2605 ,  51 .  92 
2626 ,  54 .  10 
2624 ,  52 .  64 
2601 ,  51 .  48 
2608 ,  50 .  90 
2617 ,  51 .  48 
2602 ,  52 .  64 
2579 ,  52 .   6 
2607 ,  53 .  52 
2626 ,  53 .   8 
2623 ,  52 .   6 
2601 ,  53 .  37 
2610 ,  52 .   6 
2615 ,  51 .  48 
2601 ,  52 .   6 
2583 ,  54 .  24 
2606 ,  51 .  34 
2627 ,  51 .  92 
2622 ,  54 .  24 
2597 ,  51 .  77 
2611 ,  53 .  22 
2615 ,  52 .  64 
2597 ,  52 .  93 
2580 ,  53 .  81 
2609 ,  54 .  24 
2627 ,  50 .  76 
2622 ,  52 .   6 
2602 ,  53 .  22 
2612 ,  53 .  22 
2615 ,  51 .  77 
2600 ,  53 .   8 
2581 ,  53 .  52 
2609 ,  52 .  50 
2626 ,  52 .  64 
2621 ,  52 .   6 
2598 ,  51 .  48 
2611 ,  52 .   6 
2613 ,  52 .   6 
2598 ,  52 .  50 
2579 ,  52 .  50 
2609 ,  53 .  22 
2627 ,  52 .   6 
2619 ,  51 .  92 
2599 ,  53 .  22 
2610 ,  52 .   6 
2616 ,  50 .  32 
2599 ,  52 .  64 
2581 ,  53 .  81 
2611 ,  52 .   6 
2626 ,  52 .   6 
2617 ,  52 .  64 
2596 ,  52 .   6 
2612 ,  53 .  95 
2613 ,  51 .  92 
2594 ,  52 .   6 
2582 ,  53 .  81 
2614 ,  54 .  39 
2627 ,  51 .  63 
2619 ,  51 .  48 
2598 ,  53 .  22 
2608 ,  50 .  90 
2612 ,  50 .  76 
2592 ,  51 .  92 
2581 ,  53 .  81 
2611 ,  52 .   6 
2627 ,  51 .  48 
2617 ,  52 .   6 
2595 ,  51 .  19 
2611 ,  51 .  77 
2613 ,  53 .   8 
2595 ,  52 .  64 
2581 ,  50 .  90 
2613 ,  53 .  22 
2627 ,  52 .   6 
2615 ,  52 .   6 
2597 ,  53 .  81 
2612 ,  55 .  40 
2612 ,  51 .  63 
2594 ,  52 .  64 
2583 ,  53 .  22 
2612 ,  53 .   8 
2627 ,  52 .  64 
2616 ,  52 .   6 
2594 ,  51 .  34 
2616 ,  54 .  39 
2612 ,  51 .  77 
2594 ,  53 .  22 
2580 ,  52 .  93 
2614 ,  53 .  95 
2625 ,  52 .   6 
2612 ,  52 .  64 
2594 ,  48 .  44 
2613 ,  50 .  90 
2609 ,  52 .   6 
2594 ,  51 .  63 
2583 ,  53 .  22 
2612 ,  52 .  64 
2625 ,  53 .  22 
2615 ,  52 .   6 
2595 ,  53 .  22 
2612 ,  51 .  48 
2611 ,  52 .   6 
2593 ,  52 .  50 
2584 ,  51 .  48 
2613 ,  52 .  93 
2626 ,  50 .  90 
2614 ,  52 .   6 
2596 ,  53 .  66 
2613 ,  51 .  92 
2611 ,  52 .  50 
2593 ,  53 .   8 
2587 ,  54 .  24 
2615 ,  52 .   6 
2626 ,  53 .  37 
2612 ,  52 .   6 
2597 ,  50 .  90 
2616 ,  53 .  95 
2610 ,  51 .  92 
2589 ,  53 .  22 
2586 ,  53 .  22 
2617 ,  53 .  22 
2625 ,  52 .  50 
2612 ,  52 .  79 
2597 ,  53 .   8 
2613 ,  51 .  77 
2611 ,  53 .  22 
2591 ,  52 .   6 
2588 ,  53 .  22 
2616 ,  52 .  79 
2625 ,  52 .   6 
2611 ,  52 .  79 
2596 ,  52 .  79 
2613 ,  51 .  92 
2607 ,  52 .  79 
2585 ,  52 .  64 
2586 ,  52 .  64 
2616 ,  53 .  22 
2624 ,  52 .   6 
2608 ,  52 .  50 
2597 ,  53 .   8 
2611 ,  52 .  64 
2607 ,  52 .  64 
2585 ,  52 .  64 
2586 ,  52 .  64 
2617 ,  52 .  79 
2624 ,  53 .  22 
2608 ,  53 .   8 
2596 ,  51 .  92 
2612 ,  53 .  37 
2607 ,  53 .  22 
2585 ,  52 .   6 
2589 ,  53 .  52 
2618 ,  54 .  24 
2623 ,  50 .  76 
2605 ,  51 .  77 
2594 ,  53 .  37 
2612 ,  54 .  39 
2602 ,  51 .  92 
2585 ,  53 .  22 
2589 ,  53 .  81 
2617 ,  52 .  35 
2622 ,  51 .  92 
2604 ,  53 .   8 
2596 ,  51 .  77 
2610 ,  52 .  50 
2606 ,  55 .  11 
2583 ,  52 .   6 
2588 ,  53 .   8 
2618 ,  54 .  39 
2622 ,  52 .   6 
2604 ,  51 .  48 
2596 ,  53 .  81 
2610 ,  51 .  92 
2602 ,  53 .  66 
2581 ,  51 .  63 
2588 ,  54 .  10 
2618 ,  53 .  22 
2621 ,  52 .  93 
2603 ,  52 .   6 
2598 ,  51 .  92 
2611 ,  54 .  39 
2604 ,  53 .  81 
2581 ,  52 .   6 
2590 ,  53 .  66 
2619 ,  54 .  24 
2620 ,  51 .  63 
2603 ,  52 .  50 
2596 ,  52 .   6 
2610 ,  51 .  92 
2603 ,  52 .  64 
2581 ,  53 .  66 
2591 ,  53 .  22 
2617 ,  52 .  64 
2621 ,  51 .  92 
2603 ,  51 .  19 
2598 ,  52 .  64 
2612 ,  51 .  77 
2600 ,  51 .  48 
2580 ,  52 .   6 
2593 ,  52 .   6 
2619 ,  53 .  81 
2621 ,  52 .   6 
2602 ,  52 .   6 
2597 ,  53 .  66 
2611 ,  51 .  92 
2602 ,  51 .  92 
2577 ,  51 .  92 
2593 ,  53 .  22 
2619 ,  52 .  50 
2621 ,  53 .  81 
2601 ,  50 .  90 
2599 ,  51 .  48 
2611 ,  54 .  24 
2599 ,  52 .  50 
2577 ,  51 .  34 
2594 ,  54 .  82 
2620 ,  54 .  10 
2620 ,  53 .  95 
2600 ,  52 .   6 
2599 ,  52 .   6 
2609 ,  51 .  92 
2600 ,  52 .  50 
2577 ,  52 .   6 
2592 ,  54 .  24 
2619 ,  53 .  52 
2617 ,  51 .  63 
2600 ,  52 .  64 
2596 ,  54 .  10 
2609 ,  52 .   6 
2598 ,  52 .  79 
2576 ,  52 .   6 
2595 ,  52 .  50 
2618 ,  52 .   6 
2616 ,  52 .  93 
2596 ,  52 .  50 
2600 ,  53 .  95 
2609 ,  52 .   6 
2597 ,  52 .   6 
2576 ,  53 .   8 
2595 ,  52 .  21 
2621 ,  53 .   8 
2620 ,  52 .  64 
2597 ,  53 .  37 
2599 ,  51 .  34 
2610 ,  54 .  24 
2596 ,  52 .  93 
2575 ,  50 .  76 
2594 ,  53 .  52 
2618 ,  52 .  50 
2616 ,  52 .  79 
2594 ,  51 .  48 
2601 ,  53 .  81 
2610 ,  53 .  66 
2593 ,  51 .  92 
2568 ,  52 .  35 
2598 ,  54 .  39 
2619 ,  52 .  79 
2614 ,  52 .   6 
2595 ,  52 .  50 
2599 ,  52 .  64 
2607 ,  52 .   6 
2592 ,  53 .  66 
2572 ,  52 .  79 
2594 ,  52 .   6 
2619 ,  54 .  82 
2613 ,  52 .   6 
2590 ,  52 .   6 
2600 ,  54 .  39 
2603 ,  51 .  63 
2593 ,  52 .   6 
2572 ,  52 .  35 
2597 ,  53 .  81 
2617 ,  52 .   6 
2616 ,  54 .  39 
2592 ,  52 .   6 
2601 ,  51 .  48 
2608 ,  51 .  92 
2593 ,  53 .   8 
2571 ,  51 .  92 
2599 ,  53 .  52 
2620 ,  54 .  24 
2613 ,  52 .  35 
2591 ,  52 .   6 
2603 ,  55 .  11 
2606 ,  52 .  93 
2590 ,  52 .   6 
2569 ,  53 .  81 
2598 ,  52 .   6 
2617 ,  51 .  77 
2615 ,  52 .  93 
2589 ,  52 .   6 
2602 ,  53 .   8 
2609 ,  53 .   8 
2590 ,  53 .  22 
2570 ,  53 .   8 
2600 ,  53 .   8 
2619 ,  51 .  48 
2613 ,  52 .   6 
2590 ,  53 .  22 
2602 ,  54 .  39 
2605 ,  52 .  64 
2592 ,  52 .   6 
2570 ,  52 .  64 
2599 ,  54 .  10 
2619 ,  53 .   8 
2609 ,  51 .  92 
2591 ,  52 .  79 
2601 ,  50 .  32 
2604 ,  52 .  64 
2589 ,  51 .  92 
2569 ,  52 .  21 
2603 ,  55 .  11 
2620 ,  54 .  10 
2605 ,  51 .  77 
2590 ,  52 .  79 
2604 ,  53 .  81 
2604 ,  51 .  48 
2588 ,  52 .  50 
2569 ,  52 .  50 
2600 ,  52 .   6 
2616 ,  52 .  64 
2608 ,  52 .   6 
2584 ,  53 .   8 
2600 ,  53 .   8 
2601 ,  51 .  92 
2586 ,  51 .  48 
2570 ,  52 .   6 
2600 ,  53 .  22 
2618 ,  54 .  39 
2607 ,  52 .  64 
2585 ,  52 .  79 
2603 ,  53 .  81 
2602 ,  52 .   6 
2586 ,  52 .  50 
2565 ,  52 .   6 
2603 ,  54 .  24 
2617 ,  51 .  92 
2606 ,  53 .  22 
2586 ,  53 .   8 
2602 ,  53 .  22 
2603 ,  54 .  39 
2585 ,  53 .  81 
2572 ,  53 .  22 
2603 ,  54 .  24 
2618 ,  53 .  95 
2607 ,  52 .   6 
2585 ,  51 .  92 
2602 ,  51 .  92 
2603 ,  54 .  39 
2586 ,  53 .   8 
2572 ,  53 .  81 
2601 ,  52 .   6 
2615 ,  52 .   6 
2606 ,  53 .  66 
2585 ,  52 .  35 
2599 ,  53 .   8 
2599 ,  53 .  81 
2584 ,  52 .  79 
2569 ,  53 .  22 
2602 ,  52 .  50 
2614 ,  52 .  64 
2602 ,  52 .   6 
2586 ,  53 .  22 
2600 ,  51 .  48 
2599 ,  51 .  63 
2580 ,  53 .  22 
2571 ,  52 .  64 
2606 ,  54 .  39 
2616 ,  53 .   8 
2606 ,  53 .  22 
2583 ,  52 .   6 
2602 ,  52 .  79 
2601 ,  53 .  95 
2581 ,  53 .  22 
2574 ,  53 .  81 
2604 ,  54 .  39 
2617 ,  54 .  24 
2603 ,  52 .  50 
2585 ,  52 .   6 
2601 ,  53 .  22 
2601 ,  53 .  66 
2579 ,  52 .   6 
2572 ,  53 .  22 
2606 ,  55 .  26 
2615 ,  52 .  50 
2603 ,  53 .   8 
2584 ,  54 .  10 
2601 ,  52 .   6 
2600 ,  52 .  50 
2580 ,  53 .  95 
2574 ,  53 .  22 
2603 ,  51 .  92 
2618 ,  55 .  11 
2605 ,  53 .   8 
2585 ,  54 .  10 
2604 ,  54 .  39 
2598 ,  52 .  79 
2580 ,  52 .  93 
2575 ,  52 .   6 
2606 ,  53 .  22 
2613 ,  51 .  77 
2601 ,  53 .  81 
2586 ,  52 .  50 
2601 ,  52 .  79 
2598 ,  53 .  81 
2580 ,  54 .  24 
2575 ,  54 .  24 
2607 ,  54 .  39 
2617 ,  54 .  39 
2600 ,  52 .  79 
2586 ,  52 .  50 
2604 ,  54 .  82 
2598 ,  52 .  79 
2577 ,  52 .   6 
2576 ,  51 .  48 
2607 ,  54 .  39 
2613 ,  51 .  63 
2599 ,  52 .   6 
2587 ,  50 .  47 
2600 ,  51 .  77 
2595 ,  53 .  22 
2577 ,  51 .  19 
2577 ,  53 .  52 
2606 ,  52 .  79 
2615 ,  54 .  39 
2601 ,  53 .  22 
2586 ,  51 .  63 
2603 ,  54 .  10 
2595 ,  52 .  64 
2576 ,  50 .  76 
2577 ,  50 .  32 
2607 ,  54 .  39 
2611 ,  52 .  50 
2596 ,  50 .  76 
2585 ,  52 .  64 
2600 ,  50 .   3 
2596 ,  54 .  39 
2572 ,  53 .  22 
2576 ,  50 .  32 
2605 ,  54 .  24 
2613 ,  53 .  81 
2594 ,  50 .  18 
2585 ,  53 .   8 
2603 ,  53 .  95 
2593 ,  48 .  87 
2575 ,  50 .  90 
2578 ,  50 .  76 
2607 ,  52 .  50 
2610 ,  51 .  48 
2597 ,  53 .  81 
2586 ,  50 .  90 
2601 ,  49 .  31 
2592 ,  49 .  60 
2574 ,  48 .  73 
2577 ,  49 .  60 
2607 ,  48 .  58 
2614 ,  54 .  39 
2594 ,  50 .  18 
2585 ,  49 .  16 
2603 ,  53 .  81 
2592 ,  48 .  58 
2572 ,  49 .  60 
2580 ,  54 .  24 
2608 ,  55 .  40 
2610 ,  51 .  63 
2594 ,  49 .   2 
2587 ,  49 .  60 
2599 ,  49 .  16 
2594 ,  54 .  39 
2569 ,  52 .  64 
2579 ,  53 .   8 
2607 ,  54 .  39 
2611 ,  49 .  16 
2591 ,  48 .  29 
2587 ,  51 .  48 
2602 ,  55 .  40 
2589 ,  47 .  13 
2569 ,  46 .  84 
2580 ,  47 .  57 
2608 ,  51 .  92 
2608 ,  46 .  84 
2589 ,  46 .  12 
2587 ,  50 .  47 
2598 ,  45 .  83 
2589 ,  50 .  32 
2570 ,  46 .  99 
2581 ,  47 .  42 
2606 ,  46 .  84 
2610 ,  54 .  24 
2590 ,  49 .   2 
2585 ,  45 .  54 
2602 ,  55 .  40 
2589 ,  48 .  29 
2568 ,  46 .  84 
2582 ,  46 .  99 
2609 ,  54 .  82 
2608 ,  45 .  83 
2588 ,  45 .  68 
2587 ,  53 .  66 
2600 ,  45 .  10 
2588 ,  54 .  39 
2567 ,  46 .  26 
2581 ,  45 .  10 
2607 ,  50 .  90 
2607 ,  45 .  10 
2590 ,  48 .  15 
2588 ,  48 .  15 
2602 ,  54 .  97 
2587 ,  46 .  26 
2567 ,  46 .  12 
2583 ,  46 .  26 
2611 ,  54 .  39 
2607 ,  46 .  26 
2588 ,  42 .  64 
2589 ,  46 .  26 
2599 ,  45 .  10 
2587 ,  46 .  26 
2566 ,  46 .  84 
2583 ,  48 .   0 
2608 ,  47 .  28 
2609 ,  54 .  97 
2588 ,  47 .  42 
2588 ,  45 .  54 
2601 ,  53 .  95 
2586 ,  43 .  51 
2565 ,  47 .  28 
2584 ,  46 .  70 
2608 ,  54 .  39 
2605 ,  46 .  84 
2587 ,  44 .  38 
2589 ,  53 .  66 
2597 ,  42 .  20 
2588 ,  54 .  39 
2566 ,  45 .  68 
2584 ,  45 .  10 
2609 ,  54 .  97 
2608 ,  54 .  24 
2587 ,  46 .  12 
2588 ,  45 .  10 
2598 ,  51 .  48 
2585 ,  45 .  10 
2566 ,  46 .  26 
2586 ,  47 .  28 
2608 ,  53 .  95 
2605 ,  45 .  10 
2587 ,  54 .  39 
2588 ,  45 .  10 
2596 ,  45 .  10 
2586 ,  45 .  54 
2563 ,  44 .  81 
2585 ,  44 .  96 
2607 ,  45 .  10 
2606 ,  55 .  55 
2583 ,  45 .  10 
2587 ,  53 .  22 
2600 ,  54 .  24 
2581 ,  45 .  10 
2564 ,  44 .  96 
2586 ,  45 .  39 
2608 ,  50 .  90 
2601 ,  46 .  12 
2582 ,  45 .  54 
2587 ,  53 .  66 
2596 ,  46 .  12 
2584 ,  54 .  39 
2563 ,  43 .  94 
2585 ,  43 .  94 
2608 ,  54 .  97 
2606 ,  54 .  24 
2585 ,  54 .  39 
2588 ,  43 .  80 
2596 ,  54 .  39 
2582 ,  44 .  38 
2562 ,  42 .  78 
2586 ,  45 .  10 
2608 ,  44 .  96 
2603 ,  44 .  52 
2581 ,  53 .  95 
2589 ,  46 .  26 
2596 ,  45 .  10 
2581 ,  43 .  36 
2559 ,  45 .  10 
2587 ,  46 .  12 
2606 ,  46 .  26 
2606 ,  54 .  39 
2583 ,  46 .  99 
2589 ,  43 .  80 
2599 ,  54 .  82 
2582 ,  45 .  68 
2562 ,  45 .  10 
2588 ,  45 .  83 
2609 ,  54 .  10 
2601 ,  46 .  26 
2580 ,  44 .  96 
2588 ,  45 .  54 
2595 ,  44 .  96 
2581 ,  54 .  39 
2559 ,  44 .  52 
2589 ,  46 .  99 
2604 ,  51 .  48 
2599 ,  45 .  68 
2580 ,  45 .  25 
2589 ,  44 .  52 
2596 ,  54 .  24 
2579 ,  45 .  10 
2560 ,  44 .  52 
2589 ,  44 .  38 
2608 ,  45 .  10 
2600 ,  44 .  52 
2579 ,  46 .  26 
2589 ,  46 .  70 
2595 ,  48 .  44 
2581 ,  45 .  97 
2561 ,  46 .  12 
2590 ,  46 .  12 
2606 ,  47 .  86 
2601 ,  54 .  39 
2577 ,  44 .  96 
2590 ,  48 .  87 
2595 ,  46 .  26 
2578 ,  47 .  42 
2562 ,  46 .  12 
2591 ,  46 .  84 
2611 ,  54 .  82 
2600 ,  45 .  68 
2576 ,  45 .  68 
2591 ,  47 .  42 
2596 ,  48 .  15 
2578 ,  46 .  26 
2560 ,  46 .  84 
2592 ,  48 .  58 
2609 ,  53 .   8 
2601 ,  54 .  39 
2577 ,  53 .   8 
2590 ,  48 .   0 
2596 ,  54 .  82 
2580 ,  54 .  39 
2560 ,  47 .  42 
2592 ,  46 .  70 
2608 ,  54 .  39 
2597 ,  45 .  10 
2577 ,  47 .  86 
2592 ,  48 .  73 
2593 ,  48 .  29 
2576 ,  48 .  87 
2562 ,  46 .  84 
2594 ,  49 .  16 
2608 ,  49 .  16 
2600 ,  54 .  53 
2577 ,  47 .  42 
2591 ,  46 .  84 
2596 ,  54 .  39 
2576 ,  46 .  84 
2561 ,  48 .  15 
2591 ,  47 .  28 
2610 ,  54 .  24 
2597 ,  49 .   2 
2576 ,  48 .  73 
2592 ,  47 .  86 
2593 ,  49 .   2 
2577 ,  54 .  24 
2563 ,  49 .  74 
2592 ,  49 .  74 
2608 ,  49 .  16 
2597 ,  48 .  29 
2576 ,  47 .  42 
2594 ,  49 .  60 
2590 ,  53 .   8 
2579 ,  53 .  81 
2563 ,  45 .  54 
2593 ,  48 .  29 
2608 ,  54 .  39 
2596 ,  47 .  86 
2575 ,  46 .  70 
2590 ,  48 .  44 
2590 ,  49 .  45 
2574 ,  49 .   2 
2561 ,  49 .  74 
2594 ,  49 .  16 
2606 ,  51 .  92 
2597 ,  53 .  95 
2574 ,  48 .  87 
2592 ,  53 .  66 
2594 ,  54 .  82 
2573 ,  50 .  32 
2563 ,  49 .  74 
2594 ,  50 .  90 
2606 ,  50 .  32 
2593 ,  50 .  32 
2574 ,  50 .  76 
2592 ,  49 .  60 
2590 ,  50 .  32 
2570 ,  54 .  39 
2563 ,  50 .  61 
2593 ,  50 .  76 
2607 ,  53 .  22 
2596 ,  53 .  37 
2573 ,  49 .  74 
2592 ,  49 .  31 
2593 ,  53 .  66 
2571 ,  49 .  74 
2563 ,  51 .  92 
2594 ,  50 .  47 
2603 ,  53 .  22 
2593 ,  46 .  26 
2574 ,  49 .  60 
2589 ,  51 .  48 
2590 ,  48 .   0 
2572 ,  50 .  90 
2564 ,  53 .  66 
2593 ,  51 .  48 
2605 ,  50 .  18 
2594 ,  54 .  39 
2574 ,  50 .  76 
2591 ,  49 .  45 
2590 ,  54 .  82 
2571 ,  51 .  34 
2562 ,  50 .  32 
2594 ,  50 .  90 
2607 ,  53 .  95 
2591 ,  50 .  76 
2572 ,  50 .  32 
2594 ,  54 .  82 
2588 ,  51 .  77 
2571 ,  53 .  52 
2563 ,  50 .  32 
2595 ,  50 .  32 
2603 ,  51 .  48 
2592 ,  53 .  22 
2573 ,  49 .  60 
2589 ,  50 .  90 
2589 ,  54 .  24 
2567 ,  50 .  90 
2564 ,  50 .  90 
2593 ,  50 .  90 
2604 ,  54 .  24 
2590 ,  50 .  76 
2575 ,  50 .  90 
2591 ,  50 .  32 
2587 ,  51 .  92 
2567 ,  50 .  76 
2562 ,  50 .  90 
2593 ,  50 .  90 
2606 ,  52 .   6 
2589 ,  52 .  93 
2574 ,  51 .  19 
2590 ,  50 .  90 
2588 ,  53 .  81 
2568 ,  52 .  79 
2565 ,  50 .  90 
2595 ,  50 .  90 
2606 ,  53 .  81 
2588 ,  50 .  90 
2573 ,  51 .  34 
2591 ,  51 .  48 
2586 ,  51 .  34 
2567 ,  53 .   8 
2568 ,  53 .  22 
2596 ,  52 .   6 
2605 ,  54 .  24 
2589 ,  52 .  50 
2579 ,  52 .  50 
2591 ,  52 .   6 
2588 ,  53 .  81 
2567 ,  49 .   2 
2567 ,  51 .  48 
2596 ,  50 .  90 
2602 ,  50 .  90 
2588 ,  52 .  50 
2575 ,  52 .   6 
2590 ,  53 .  22 
2585 ,  52 .   6 
2565 ,  51 .  92 
2568 ,  52 .   6 
2596 ,  51 .  34 
2601 ,  50 .  76 
2588 ,  51 .  92 
2578 ,  53 .   8 
2589 ,  51 .  92 
2586 ,  53 .  95 
2564 ,  51 .  48 
2569 ,  51 .  34 
2596 ,  51 .  63 
2605 ,  53 .  66 
2586 ,  51 .  48 
2576 ,  52 .  79 
2590 ,  52 .  64 
2583 ,  52 .   6 
2566 ,  52 .  79 
2569 ,  51 .  92 
2598 ,  51 .  92 
2603 ,  54 .  10 
2588 ,  53 .  22 
2577 ,  53 .  22 
2589 ,  51 .  48 
2582 ,  52 .   6 
2566 ,  51 .  92 
2570 ,  52 .  50 
2599 ,  51 .  19 
2606 ,  54 .  82 
2586 ,  51 .  48 
2577 ,  52 .  50 
2591 ,  52 .  93 
2583 ,  52 .  50 
2564 ,  53 .   8 
2569 ,  52 .  50 
2597 ,  52 .  64 
2602 ,  53 .  37 
2586 ,  53 .   8 
2577 ,  49 .  74 
2592 ,  52 .  50 
2583 ,  53 .  22 
2564 ,  51 .  92 
2571 ,  53 .  22 
2596 ,  52 .  64 
2604 ,  52 .  64 
2585 ,  51 .  34 
2578 ,  53 .  22 
2592 ,  52 .   6 
2583 ,  51 .  77 
2565 ,  52 .  50 
2573 ,  54 .  10 
2599 ,  52 .   6 
2610 ,  54 .  24 
2585 ,  53 .  22 
2578 ,  51 .  34 
2592 ,  53 .  22 
2585 ,  52 .  64 
2563 ,  52 .  79 
2571 ,  52 .   6 
2600 ,  53 .   8 
2601 ,  53 .  37 
2582 ,  52 .  93 
2577 ,  51 .  92 
2589 ,  52 .   6 
2582 ,  52 .  79 
2561 ,  52 .   6 
2574 ,  50 .  90 
2598 ,  54 .  68 
2599 ,  52 .   6 
2582 ,  52 .  50 
2577 ,  52 .  93 
2590 ,  52 .   6 
2582 ,  53 .  22 
2560 ,  52 .  79 
2571 ,  52 .   6 
2600 ,  52 .  64 
2601 ,  52 .  64 
2581 ,  52 .  50 
2578 ,  53 .  22 
2590 ,  53 .  22 
2580 ,  52 .  50 
2561 ,  52 .  79 
2571 ,  53 .  22 
2598 ,  53 .  81 
2600 ,  54 .  24 
2583 ,  53 .  22 
2582 ,  53 .  37 
2588 ,  52 .   6 
2578 ,  52 .  50 
2561 ,  53 .  22 
2573 ,  53 .   8 
2600 ,  52 .  64 
2598 ,  53 .  81 
2580 ,  52 .  93 
2579 ,  52 .   6 
2590 ,  52 .   6 
2579 ,  52 .   6 
2560 ,  52 .  64 
2574 ,  53 .  81 
2599 ,  51 .  77 
2599 ,  52 .  64 
2580 ,  52 .  79 
2579 ,  52 .  50 
2590 ,  53 .  22 
2580 ,  53 .  22 
2558 ,  53 .   8 
2575 ,  53 .  22 
2598 ,  53 .  22 
2599 ,  53 .  66 
2580 ,  53 .   8 
2582 ,  49 .   2 
2589 ,  53 .  22 
2578 ,  53 .   8 
2562 ,  49 .  74 
2577 ,  50 .  61 
2600 ,  53 .   8 
2598 ,  55 .  26 
2580 ,  53 .  66 
2580 ,  53 .  81 
2590 ,  54 .  24 
2577 ,  53 .  22 
2557 ,  52 .  79 
2575 ,  53 .  66 
2600 ,  53 .  81 
2597 ,  52 .  93 
2578 ,  52 .  93 
2581 ,  50 .  32 
2589 ,  52 .  64 
2577 ,  52 .  93 
2557 ,  53 .  37 
2576 ,  53 .  22 
2601 ,  53 .  66 
2597 ,  52 .  79 
2580 ,  49 .  74 
2582 ,  54 .  39 
2589 ,  52 .  64 
2575 ,  53 .  22 
2555 ,  53 .  66 
2578 ,  52 .  79 
2599 ,  53 .  22 
2600 ,  47 .  42 
2577 ,  53 .  66 
2581 ,  48 .  58 
2590 ,  53 .  22 
2576 ,  53 .  37 
2556 ,  48 .  58 
2580 ,  48 .  73 
2600 ,  53 .  81 
2597 ,  43 .   7 
2576 ,  52 .  64 
2580 ,  50 .  18 
2589 ,  53 .   8 
2574 ,  47 .  86 
2555 ,  53 .   8 
2578 ,  54 .  24 
2600 ,  53 .  81 
2595 ,  53 .  81 
2578 ,  53 .  66 
2582 ,  51 .  63 
2588 ,  52 .  93 
2575 ,  53 .   8 
2556 ,  53 .  22 
2580 ,  54 .  24 
2601 ,  53 .  22 
2598 ,  53 .  66 
2580 ,  47 .  28 
2585 ,  52 .   6 
2590 ,  54 .  24 
2579 ,  53 .  66 
2558 ,  53 .  22 
2584 ,  53 .  81 
2604 ,  53 .  95 
2600 ,  49 .  60 
2579 ,  52 .  64 
2588 ,  48 .  44 
2592 ,  53 .  81 
2576 ,  54 .  53 
2562 ,  47 .  28 
2586 ,  45 .  68 
2605 ,  53 .   8 
2600 ,  53 .  22 
2581 ,  53 .  52 
2588 ,  53 .  81 
2592 ,  53 .  22 
2584 ,  46 .  12 
2562 ,  53 .  22 
2590 ,  53 .  66 
2610 ,  53 .  81 
2607 ,  44 .  81 
2587 ,  53 .   8 
2596 ,  53 .  22 
2605 ,  53 .  66 
2589 ,  52 .  64 
2574 ,  52 .  50 
2601 ,  53 .  66 
2621 ,  52 .  64 
2616 ,  53 .  22 
2600 ,  49 .  74 
2608 ,  53 .  22 
2616 ,  54 .  39 
2601 ,  48 .  58 
2584 ,  54 .  39 
2609 ,  54 .  24 
2630 ,  53 .  52 
2621 ,  51 .  77 
2602 ,  53 .  22 
2610 ,  52 .  64 
2613 ,  53 .  22 
2596 ,  52 .   6 
2578 ,  49 .   2 
2603 ,  54 .  24 
2617 ,  52 .  64 
2609 ,  45 .  10 
2589 ,  45 .  83 
2595 ,  53 .  66 
2594 ,  53 .  22 
2581 ,  46 .  12 
2557 ,  54 .  24 
2585 ,  53 .  52 
2602 ,  53 .  95 
2593 ,  53 .  22 
2571 ,  53 .  22 
2582 ,  54 .  24 
2584 ,  53 .  81 
2569 ,  53 .  81 
2552 ,  53 .  22 
2580 ,  53 .  22 
2597 ,  53 .  22 
2590 ,  54 .  39 
2569 ,  53 .  22 
2580 ,  53 .  81 
2584 ,  53 .  81 
2570 ,  47 .  42 
2549 ,  53 .  52 
2580 ,  53 .  22 
2597 ,  53 .  66 
2589 ,  45 .  68 
2567 ,  53 .   8 
2580 ,  53 .  81 
2582 ,  53 .  37 
2565 ,  53 .   8 
2552 ,  49 .  74 
2582 ,  48 .  15 
2596 ,  54 .  39 
2589 ,  45 .  68 
2569 ,  46 .  70 
2579 ,  53 .  22 
2581 ,  53 .  81 
2566 ,  43 .  22 
2549 ,  53 .  22 
2580 ,  53 .  22 
2598 ,  54 .  24 
2585 ,  53 .  22 
2564 ,  53 .  22 
2580 ,  46 .  26 
2580 ,  53 .  22 
2564 ,  54 .  24 
2549 ,  54 .  24 
2580 ,  53 .  22 
2594 ,  53 .  81 
2585 ,  53 .  66 
2565 ,  48 .  87 
2580 ,  54 .  39 
2579 ,  54 .  39 
2562 ,  47 .  28 
2548 ,  53 .  52 
2582 ,  53 .  22 
2594 ,  53 .  81 
2583 ,  48 .  87 
2563 ,  53 .  81 
2578 ,  53 .  95 
2579 ,  46 .  26 
2561 ,  54 .  10 
2552 ,  45 .  10 
2580 ,  52 .  64 
2593 ,  53 .  22 
2580 ,  47 .  28 
2563 ,  45 .  97 
2578 ,  54 .  24 
2577 ,  53 .  95 
2560 ,  46 .  26 
2548 ,  53 .  81 
2579 ,  53 .  52 
2593 ,  54 .  10 
2582 ,  45 .  54 
2562 ,  54 .  39 
2576 ,  53 .  22 
2575 ,  53 .  22 
2557 ,  53 .  37 
2548 ,  53 .  22 
2579 ,  55 .  26 
2591 ,  54 .  24 
2578 ,  53 .  66 
2562 ,  45 .  54 
2573 ,  53 .  22 
2572 ,  54 .  24 
2555 ,  42 .  20 
2546 ,  53 .  95 
2578 ,  53 .  66 
2590 ,  53 .  81 
2578 ,  45 .  54 
2557 ,  54 .  39 
2575 ,  53 .  22 
2571 ,  53 .  66 
2552 ,  53 .  22 
2547 ,  49 .  74 
2576 ,  53 .  95 
2587 ,  54 .  10 
2576 ,  45 .  10 
2558 ,  46 .  84 
2572 ,  53 .  22 
2570 ,  53 .  81 
2554 ,  46 .  84 
2544 ,  53 .  81 
2576 ,  53 .  66 
2586 ,  55 .  26 
2572 ,  54 .  39 
2555 ,  53 .  66 
2573 ,  48 .  44 
2568 ,  54 .  24 
2549 ,  53 .  66 
2544 ,  54 .  10 
2574 ,  54 .  39 
2586 ,  54 .  39 
2570 ,  53 .  22 
2556 ,  50 .  76 
2571 ,  54 .  24 
2566 ,  53 .  22 
2547 ,  54 .  10 
2542 ,  54 .  24 
2573 ,  53 .  81 
2583 ,  52 .  50 
2570 ,  50 .  76 
2553 ,  53 .  81 
2571 ,  52 .   6 
2563 ,  54 .  97 
2546 ,  54 .  82 
2544 ,  48 .  58 
2572 ,  53 .   8 
2579 ,  53 .  66 
2568 ,  49 .  16 
2554 ,  50 .  90 
2565 ,  52 .   6 
2562 ,  54 .  97 
2546 ,  51 .  48 
2541 ,  53 .  22 
2571 ,  54 .  24 
2579 ,  55 .  11 
2564 ,  53 .  95 
2549 ,  53 .  81 
2563 ,  54 .  10 
2560 ,  54 .  97 
2543 ,  53 .  95 
2540 ,  55 .  11 
2569 ,  53 .  22 
2579 ,  54 .  10 
2560 ,  53 .  22 
2552 ,  49 .  74 
2564 ,  54 .  39 
2556 ,  54 .  24 
2540 ,  48 .   0 
2542 ,  54 .  39 
2569 ,  53 .  81 
2575 ,  54 .  97 
2557 ,  50 .  32 
2547 ,  54 .  24 
2560 ,  52 .  64 
2555 ,  54 .  24 
2537 ,  54 .  24 
2540 ,  48 .  58 
2569 ,  53 .  22 
2573 ,  54 .  82 
2558 ,  47 .  42 
2548 ,  47 .  28 
2560 ,  53 .  66 
2552 ,  53 .  22 
2538 ,  50 .  32 
2541 ,  51 .  34 
2565 ,  54 .  10 
2572 ,  54 .  82 
2557 ,  52 .   6 
2545 ,  54 .  24 
2560 ,  54 .  68 
2551 ,  54 .  24 
2534 ,  52 .  64 
2537 ,  54 .  39 
2567 ,  53 .  81 
2569 ,  53 .  95 
2555 ,  53 .  22 
2546 ,  50 .  47 
2559 ,  54 .  39 
2550 ,  54 .  82 
2534 ,  52 .  64 
2536 ,  53 .  81 
2564 ,  54 .  10 
2568 ,  54 .  39 
2551 ,  50 .  90 
2541 ,  54 .  24 
2556 ,  53 .  81 
2548 ,  54 .  39 
2529 ,  54 .  82 
2536 ,  50 .  47 
2565 ,  53 .   8 
2566 ,  54 .  39 
2549 ,  52 .   6 
2542 ,  52 .   6 
2554 ,  54 .  39 
2543 ,  53 .  81 
2529 ,  50 .  18 
2534 ,  53 .  81 
2563 ,  54 .  82 
2564 ,  53 .  95 
2547 ,  51 .  48 
2539 ,  53 .  66 
2552 ,  53 .  81 
2542 ,  54 .  39 
2527 ,  54 .  39 
2533 ,  54 .  24 
2562 ,  53 .  81 
2562 ,  54 .  24 
2544 ,  54 .  10 
2542 ,  52 .  50 
2549 ,  54 .  39 
2542 ,  54 .  39 
2525 ,  49 .  74 
2534 ,  55 .  11 
2561 ,  55 .  11 
2560 ,  54 .  39 
2545 ,  52 .   6 
2542 ,  54 .  24 
2550 ,  53 .  81 
2541 ,  53 .  66 
2526 ,  53 .  66 
2534 ,  54 .  24 
2561 ,  54 .  24 
2560 ,  54 .  24 
2545 ,  52 .  50 
2539 ,  50 .  32 
2552 ,  54 .  24 
2539 ,  53 .  52 
2526 ,  49 .  16 
2533 ,  52 .  93 
2558 ,  54 .  97 
2556 ,  54 .  10 
2542 ,  51 .  92 
2538 ,  53 .  37 
2548 ,  53 .  52 
2536 ,  54 .  24 
2521 ,  53 .  66 
2532 ,  54 .  24 
2560 ,  53 .  81 
2555 ,  54 .  82 
2539 ,  53 .  81 
2539 ,  50 .  90 
2545 ,  54 .  24 
2536 ,  54 .  39 
2521 ,  53 .   8 
2531 ,  53 .  52 
2556 ,  53 .  66 
2555 ,  54 .  53 
2537 ,  52 .   6 
2537 ,  53 .  22 
2544 ,  54 .  68 
2533 ,  54 .  39 
2520 ,  54 .  82 
2534 ,  53 .  22 
2556 ,  54 .  39 
2553 ,  54 .  39 
2539 ,  53 .  81 
2536 ,  55 .  55 
2545 ,  51 .  34 
2532 ,  54 .  24 
2517 ,  52 .  50 
2531 ,  53 .  81 
2555 ,  53 .  81 
2552 ,  54 .  24 
2536 ,  53 .  81 
2532 ,  53 .  66 
2543 ,  54 .  24 
2530 ,  53 .  81 
2516 ,  54 .  10 
2532 ,  54 .  24 
2554 ,  54 .  39 
2549 ,  54 .  24 
2533 ,  54 .  39 
2534 ,  53 .   8 
2540 ,  53 .  66 
2529 ,  54 .  39 
2516 ,  51 .  77 
2531 ,  55 .  11 
2551 ,  53 .  66 
2547 ,  54 .  10 
2534 ,  53 .  22 
2532 ,  53 .   8 
2539 ,  53 .  22 
2526 ,  54 .  39 
2514 ,  54 .  24 
2531 ,  52 .  64 
2554 ,  53 .  22 
2544 ,  54 .  10 
2531 ,  52 .  64 
2534 ,  54 .  24 
2539 ,  53 .  22 
2528 ,  54 .  39 
2515 ,  53 .  95 
2531 ,  51 .  92 
2551 ,  54 .  10 
2546 ,  54 .  24 
2530 ,  52 .  50 
2531 ,  53 .  81 
2538 ,  53 .  22 
2525 ,  53 .  52 
2513 ,  54 .  39 
2530 ,  54 .  24 
2551 ,  54 .  82 
2543 ,  54 .  10 
2528 ,  54 .  24 
2532 ,  52 .  93 
2535 ,  54 .  97 
2524 ,  54 .  39 
2511 ,  53 .  22 
2531 ,  54 .  82 
2549 ,  54 .  39 
2542 ,  54 .  82 
2528 ,  52 .  64 
2530 ,  55 .  98 
2535 ,  53 .  81 
2524 ,  54 .  10 
2510 ,  53 .  81 
2531 ,  53 .  37 
2549 ,  52 .   6 
2543 ,  54 .  39 
2528 ,  53 .  95 
2531 ,  52 .  64 
2535 ,  53 .  52 
2523 ,  54 .  82 
2510 ,  52 .  50 
2529 ,  51 .  48 
2550 ,  54 .  39 
2540 ,  56 .  13 
2526 ,  54 .  10 
2531 ,  54 .  82 
2534 ,  54 .  39 
2523 ,  54 .  39 
2508 ,  53 .  81 
2529 ,  54 .  24 
2550 ,  54 .  82 
2540 ,  53 .  81 
2525 ,  53 .  22 
2530 ,  53 .  66 
2534 ,  55 .  11 
2520 ,  54 .  10 
2508 ,  53 .  22 
2530 ,  56 .  71 
2546 ,  52 .   6 
2539 ,  54 .  39 
2526 ,  53 .  66 
2529 ,  54 .  24 
2531 ,  53 .  66 
2522 ,  54 .  82 
2506 ,  54 .  97 
2528 ,  53 .  81 
2545 ,  53 .  22 
2536 ,  54 .  24 
2524 ,  53 .  95 
2530 ,  54 .  10 
2531 ,  53 .  81 
2518 ,  55 .  55 
2505 ,  52 .   6 
2530 ,  54 .  82 
2546 ,  54 .  24 
2536 ,  54 .  39 
2522 ,  53 .  22 
2530 ,  54 .  39 
2529 ,  54 .  24 
2518 ,  53 .  81 
2504 ,  53 .  22 
2529 ,  54 .  39 
2546 ,  53 .  52 
2536 ,  53 .  81 
2520 ,  54 .  24 
2528 ,  50 .  90 
2525 ,  54 .  39 
2518 ,  54 .  39 
2504 ,  52 .  93 
2530 ,  54 .  97 
2545 ,  54 .  39 
2534 ,  54 .  39 
2519 ,  53 .  66 
2527 ,  54 .  82 
2529 ,  54 .  97 
2515 ,  53 .  66 
2502 ,  53 .  22 
2530 ,  54 .  24 
2542 ,  54 .  39 
2533 ,  54 .  10 
2520 ,  53 .  66 
2528 ,  54 .  10 
2529 ,  52 .  93 
2514 ,  54 .  68 
2504 ,  53 .  81 
2530 ,  50 .  90 
2543 ,  53 .  81 
2532 ,  54 .  97 
2517 ,  52 .  64 
2528 ,  54 .  39 
2526 ,  55 .  11 
2513 ,  54 .  39 
2501 ,  54 .  39 
2529 ,  53 .  66 
2542 ,  54 .  39 
2530 ,  54 .  10 
2515 ,  54 .  39 
2526 ,  54 .  39 
2526 ,  55 .  11 
2512 ,  54 .  39 
2500 ,  52 .  93 
2526 ,  54 .  39 
2540 ,  53 .  22 
2530 ,  55 .  11 
2516 ,  54 .  10 
2524 ,  53 .  81 
2524 ,  54 .  39 
2512 ,  55 .  11 
2498 ,  54 .  39 
2528 ,  54 .  10 
2538 ,  54 .  39 
2528 ,  55 .  11 
2513 ,  53 .  52 
2524 ,  54 .  24 
2522 ,  53 .  37 
2510 ,  54 .  39 
2499 ,  54 .  10 
2528 ,  51 .  63 
2537 ,  53 .  81 
2526 ,  53 .  22 
2512 ,  55 .  11 
2523 ,  52 .  64 
2520 ,  54 .  39 
2508 ,  54 .  97 
2498 ,  54 .  82 
2525 ,  54 .  24 
2535 ,  53 .  81 
2528 ,  53 .  81 
2513 ,  54 .  53 
2523 ,  53 .  22 
2522 ,  52 .  64 
2507 ,  54 .  82 
2497 ,  53 .  66 
2525 ,  53 .  22 
2536 ,  55 .  55 
2524 ,  54 .  39 
2512 ,  53 .  52 
2522 ,  55 .  11 
2520 ,  53 .  81 
2507 ,  54 .  39 
2497 ,  52 .  64 
2528 ,  54 .  24 
2537 ,  53 .   8 
2524 ,  54 .  39 
2512 ,  54 .  24 
2524 ,  53 .  81 
2518 ,  52 .  93 
2505 ,  54 .  39 
2495 ,  52 .  93 
2525 ,  54 .  39 
2534 ,  54 .  97 
2523 ,  55 .  11 
2508 ,  54 .  24 
2520 ,  53 .  81 
2520 ,  54 .  39 
2506 ,  54 .  97 
2493 ,  54 .  24 
2525 ,  54 .  10 
2532 ,  55 .  55 
2521 ,  55 .  26 
2508 ,  53 .  66 
2520 ,  55 .  40 
2516 ,  53 .  95 
2504 ,  54 .  97 
2495 ,  54 .  24 
2523 ,  53 .  22 
2531 ,  54 .  39 
2520 ,  54 .  24 
2506 ,  55 .  55 
2519 ,  54 .  39 
2515 ,  53 .   8 
2504 ,  55 .  11 
2495 ,  53 .  81 
2522 ,  55 .  55 
2531 ,  55 .  40 
2519 ,  54 .  24 
2505 ,  54 .  10 
2520 ,  55 .  40 
2515 ,  53 .  22 
2502 ,  53 .  81 
2495 ,  55 .  40 
2521 ,  52 .   6 
2529 ,  54 .  24 
2517 ,  54 .  82 
2505 ,  53 .  81 
2517 ,  54 .  24 
2512 ,  54 .  82 
2500 ,  54 .  39 
2492 ,  53 .  81 
2521 ,  55 .  26 
2529 ,  55 .  11 
2515 ,  54 .  39 
2502 ,  54 .  39 
2517 ,  54 .  39 
2511 ,  54 .  82 
2500 ,  54 .  97 
2493 ,  54 .  82 
2522 ,  54 .  10 
2528 ,  54 .  97 
2514 ,  55 .  40 
2504 ,  53 .  52 
2516 ,  56 .  13 
2511 ,  54 .  82 
2498 ,  54 .  39 
2493 ,  55 .  26 
2523 ,  55 .  11 
2526 ,  54 .  39 
2514 ,  54 .  39 
2503 ,  53 .  81 
2518 ,  55 .  55 
2509 ,  54 .  39 
2497 ,  55 .  40 
2495 ,  54 .  82 
2523 ,  54 .  39 
2527 ,  54 .  39 
2515 ,  55 .  11 
2501 ,  55 .  40 
2518 ,  54 .  24 
2510 ,  53 .  81 
2498 ,  53 .  81 
2495 ,  54 .  24 
2523 ,  54 .  10 
2525 ,  52 .  64 
2514 ,  55 .  55 
2501 ,  53 .  81 
2515 ,  54 .  97 
2510 ,  54 .  53 
2497 ,  54 .  82 
2494 ,  54 .  24 
2520 ,  54 .  39 
2526 ,  56 .  13 
2512 ,  54 .  39 
2502 ,  54 .  82 
2515 ,  55 .  55 
2508 ,  54 .  97 
2497 ,  53 .  22 
2494 ,  53 .  66 
2523 ,  55 .  40 
2523 ,  53 .  22 
2512 ,  55 .  40 
2499 ,  54 .  97 
2512 ,  53 .  81 
2507 ,  54 .  97 
2496 ,  54 .  82 
2495 ,  56 .  27 
2521 ,  54 .  97 
2523 ,  54 .  68 
2510 ,  54 .  39 
2501 ,  54 .  39 
2513 ,  54 .  39 
2505 ,  54 .  24 
2495 ,  54 .  82 
2491 ,  54 .  39 
2520 ,  53 .  81 
2523 ,  54 .  24 
2512 ,  55 .  26 
2500 ,  53 .  22 
2514 ,  54 .  82 
2506 ,  54 .  39 
2495 ,  54 .  24 
2492 ,  54 .  39 
2520 ,  53 .  22 
2522 ,  55 .  55 
2511 ,  54 .  97 
2503 ,  54 .  24 
2512 ,  54 .  10 
2504 ,  55 .  40 
2496 ,  55 .  55 
2493 ,  54 .  39 
2521 ,  54 .  82 
2523 ,  54 .  82 
2510 ,  54 .  82 
2501 ,  56 .  71 
2514 ,  54 .  97 
2506 ,  55 .  40 
2492 ,  54 .  39 
2496 ,  53 .  22 
2522 ,  53 .  22 
2521 ,  52 .  64 
2509 ,  55 .  55 
2502 ,  54 .  82 
2513 ,  54 .  39 
2505 ,  53 .  81 
2495 ,  54 .  82 
2496 ,  53 .  81 
2522 ,  54 .  24 
2521 ,  54 .  39 
2509 ,  54 .  97 
2502 ,  54 .  53 
2513 ,  55 .  11 
2505 ,  54 .  39 
2494 ,  54 .  39 
2497 ,  54 .  97 
2522 ,  54 .  97 
2521 ,  53 .  81 
2509 ,  54 .  97 
2501 ,  55 .  40 
2512 ,  55 .  11 
2504 ,  54 .  39 
2493 ,  54 .  39 
2493 ,  54 .  97 
2522 ,  54 .  97 
2522 ,  55 .  26 
2508 ,  53 .  95 
2501 ,  54 .  39 
2514 ,  55 .  55 
2504 ,  55 .  40 
2492 ,  55 .  26 
2495 ,  55 .  11 
2521 ,  54 .  39 
2521 ,  53 .  52 
2508 ,  55 .  55 
2501 ,  55 .  26 
2512 ,  54 .  39 
2503 ,  50 .  90 
2495 ,  54 .  53 
2497 ,  53 .  66 
2519 ,  52 .  64 
2522 ,  55 .  40 
2509 ,  54 .  82 
2501 ,  53 .  22 
2514 ,  53 .  66 
2505 ,  54 .  39 
2493 ,  54 .  97 
2497 ,  54 .  24 
2522 ,  55 .  40 
2520 ,  54 .  39 
2508 ,  54 .  39 
2502 ,  54 .  97 
2512 ,  53 .  37 
2504 ,  54 .  97 
2493 ,  54 .  97 
2499 ,  54 .  82 
2522 ,  54 .  39 
2520 ,  55 .  40 
2506 ,  53 .  81 
2504 ,  54 .  39 
2514 ,  55 .  98 
2503 ,  52 .  64 
2491 ,  54 .  82 
2498 ,  55 .  40 
2522 ,  55 .  55 
2519 ,  54 .  82 
2506 ,  54 .  97 
2502 ,  54 .  39 
2513 ,  53 .  81 
2503 ,  53 .  22 
2492 ,  54 .  82 
2498 ,  54 .  82 
2521 ,  53 .  66 
2518 ,  54 .  39 
2504 ,  54 .  39 
2502 ,  54 .  39 
2512 ,  55 .  98 
2501 ,  55 .  55 
2492 ,  54 .  39 
2499 ,  55 .  98 
2522 ,  54 .  39 
2519 ,  55 .  26 
2506 ,  54 .  24 
2504 ,  54 .  39 
2511 ,  54 .  24 
2501 ,  54 .  97 
2491 ,  54 .  24 
2499 ,  55 .  55 
2523 ,  54 .  39 
2519 ,  53 .  81 
2506 ,  55 .  55 
2503 ,  54 .  39 
2511 ,  53 .   8 
2502 ,  53 .   8 
2492 ,  54 .  39 
2500 ,  54 .  10 
2521 ,  53 .  22 
2518 ,  55 .  40 
2504 ,  55 .  98 
2503 ,  55 .  26 
2512 ,  55 .  55 
2501 ,  54 .  10 
2491 ,  54 .  39 
2499 ,  54 .  82 
2523 ,  55 .  40 
2516 ,  55 .  55 
2504 ,  55 .  11 
2502 ,  54 .  39 
2511 ,  54 .  39 
2500 ,  55 .  40 
2491 ,  54 .  39 
2501 ,  54 .  97 
2521 ,  54 .  82 
2516 ,  54 .  97 
2504 ,  53 .  81 
2504 ,  55 .  98 
2510 ,  54 .  39 
2501 ,  52 .  93 
2489 ,  54 .  97 
2500 ,  53 .  81 
2522 ,  55 .  40 
2515 ,  54 .  39 
2504 ,  55 .  40 
2504 ,  53 .  66 
2511 ,  55 .  55 
2501 ,  53 .  52 
2489 ,  53 .  22 
2499 ,  55 .  11 
2520 ,  53 .  95 
2515 ,  54 .  39 
2504 ,  54 .  82 
2504 ,  55 .  98 
2509 ,  55 .  26 
2498 ,  54 .  39 
2488 ,  54 .  97 
2499 ,  55 .  40 
2519 ,  54 .  39 
2515 ,  53 .  81 
2503 ,  55 .  55 
2503 ,  54 .  82 
2509 ,  55 .  55 
2500 ,  55 .  40 
2489 ,  54 .  39 
2500 ,  55 .  55 
2520 ,  54 .  82 
2515 ,  55 .  55 
2502 ,  54 .  39 
2503 ,  55 .  55 
2510 ,  54 .  68 
2498 ,  53 .  22 
2488 ,  54 .  24 
2501 ,  54 .  39 
2521 ,  54 .  97 
2515 ,  54 .  39 
2502 ,  53 .   8 
2504 ,  55 .  11 
2511 ,  53 .   8 
2499 ,  54 .  39 
2489 ,  54 .  97 
2502 ,  55 .  40 
2519 ,  54 .  24 
2513 ,  54 .  97 
2502 ,  55 .  40 
2504 ,  54 .  97 
2509 ,  55 .  55 
2498 ,  55 .  40 
2489 ,  54 .  39 
2503 ,  53 .  81 
2519 ,  55 .  26 
2514 ,  55 .  11 
2501 ,  54 .  82 
2503 ,  54 .  10 
2508 ,  55 .  40 
2496 ,  54 .  82 
2486 ,  54 .  24 
2503 ,  54 .  24 
2519 ,  53 .  95 
2513 ,  54 .  39 
2501 ,  54 .  39 
2504 ,  55 .  55 
2509 ,  55 .  55 
2497 ,  54 .  39 
2488 ,  54 .  97 
2504 ,  55 .  11 
2520 ,  54 .  97 
2513 ,  54 .  10 
2500 ,  54 .  97 
2504 ,  54 .  82 
2507 ,  54 .  10 
2497 ,  55 .  40 
2486 ,  55 .  40 
2502 ,  53 .  37 
2520 ,  54 .  82 
2512 ,  55 .  11 
2501 ,  53 .  66 
2503 ,  53 .  52 
2508 ,  54 .  82 
2498 ,  55 .  26 
2486 ,  56 .  13 
2504 ,  54 .  82 
2520 ,  55 .  11 
2510 ,  54 .  97 
2499 ,  54 .  97 
2501 ,  53 .  66 
2506 ,  54 .  82 
2498 ,  55 .  40 
2489 ,  54 .  97 
2507 ,  55 .  55 
2524 ,  55 .  55 
2518 ,  55 .  55 
2506 ,  54 .  82 
2511 ,  56 .  56 
2515 ,  55 .  55 
2505 ,  56 .  13 
2498 ,  54 .  39 
2519 ,  54 .  24 
2535 ,  54 .  39 
2526 ,  54 .  82 
2516 ,  55 .  55 
2518 ,  54 .  39 
2522 ,  53 .  66 
2511 ,  54 .  82 
2500 ,  54 .  82 
2515 ,  55 .  98 
2528 ,  54 .  97 
2519 ,  55 .  40 
2510 ,  54 .  39 
2514 ,  56 .  13 
2512 ,  54 .  39 
2502 ,  54 .  82 
2494 ,  54 .  82 
2511 ,  52 .  64 
2522 ,  54 .  39 
2515 ,  54 .  82 
2506 ,  54 .  68 
2509 ,  53 .  81 
2509 ,  55 .  84 
2499 ,  53 .   8 
2489 ,  54 .  82 
2508 ,  56 .  27 
2521 ,  54 .  39 
2511 ,  54 .  39 
2499 ,  54 .  82 
2506 ,  56 .  27 
2506 ,  55 .  26 
2497 ,  54 .  39 
2487 ,  55 .  40 
2503 ,  53 .  22 
2520 ,  55 .  40 
2509 ,  54 .  97 
2497 ,  55 .  26 
2503 ,  54 .  97 
2504 ,  56 .  56 
2492 ,  54 .  39 
2483 ,  55 .  26 
2505 ,  55 .  40 
2516 ,  54 .  39 
2507 ,  53 .  22 
2496 ,  54 .  97 
2504 ,  56 .  56 
2503 ,  54 .  24 
2492 ,  54 .  39 
2482 ,  55 .  55 
2505 ,  54 .  82 
2515 ,  53 .  52 
2508 ,  54 .  82 
2496 ,  55 .  84 
2504 ,  55 .  11 
2503 ,  53 .   8 
2492 ,  53 .  81 
2483 ,  54 .  82 
2508 ,  55 .  55 
2517 ,  54 .  82 
2509 ,  52 .  93 
2494 ,  54 .  82 
2504 ,  56 .  42 
2502 ,  54 .  82 
2492 ,  55 .  11 
2481 ,  54 .  82 
2505 ,  54 .  39 
2515 ,  55 .  40 
2506 ,  54 .  39 
2493 ,  54 .  97 
2503 ,  54 .  97 
2502 ,  54 .  39 
2492 ,  54 .  82 
2481 ,  55 .  55 
2507 ,  56 .  71 
2516 ,  54 .  82 
2505 ,  52 .   6 
2493 ,  54 .  39 
2504 ,  54 .  39 
2504 ,  54 .  82 
2491 ,  53 .  95 
2480 ,  54 .  97 
2505 ,  54 .  68 
2514 ,  54 .  97 
2507 ,  55 .  98 
2494 ,  54 .  82 
2503 ,  54 .  24 
2503 ,  56 .  13 
2490 ,  53 .  81 
2480 ,  54 .  97 
2508 ,  56 .  13 
2516 ,  54 .  39 
2506 ,  54 .  10 
2495 ,  55 .  40 
2505 ,  55 .  55 
2501 ,  54 .  24 
2491 ,  55 .  11 
2481 ,  53 .  22 
2506 ,  54 .  68 
2516 ,  55 .  11 
2505 ,  54 .  39 
2494 ,  54 .  82 
2503 ,  54 .  39 
2502 ,  56 .  13 
2489 ,  56 .  71 
2480 ,  54 .  39 
2508 ,  55 .  55 
2513 ,  53 .  66 
2503 ,  53 .  81 
2493 ,  53 .  37 
2504 ,  56 .  56 
2500 ,  54 .  97 
2489 ,  54 .  10 
2480 ,  55 .  40 
2507 ,  55 .  40 
2513 ,  54 .  39 
2504 ,  54 .  97 
2492 ,  55 .  11 
2501 ,  54 .  24 
2499 ,  54 .  97 
2488 ,  54 .  39 
2480 ,  55 .  55 
2507 ,  55 .  26 
2512 ,  55 .  40 
2501 ,  53 .  95 
2488 ,  55 .  40 
2502 ,  56 .  13 
2497 ,  54 .  24 
2485 ,  54 .  24 
2479 ,  56 .  27 
2506 ,  54 .  82 
2509 ,  53 .  81 
2500 ,  55 .  40 
2489 ,  55 .  11 
2500 ,  54 .  24 
2498 ,  55 .  55 
2485 ,  54 .  82 
2478 ,  55 .  55 
2507 ,  56 .  13 
2511 ,  54 .  24 
2500 ,  54 .  97 
2490 ,  54 .  97 
2502 ,  56 .  42 
2495 ,  54 .  39 
2485 ,  54 .  10 
2478 ,  55 .  40 
2505 ,  54 .  39 
2509 ,  55 .  40 
2500 ,  55 .  11 
2487 ,  55 .  11 
2500 ,  54 .  39 
2496 ,  54 .  39 
2485 ,  54 .  82 
2478 ,  55 .  55 
2506 ,  55 .  55 
2509 ,  54 .  82 
2497 ,  55 .  55 
2482 ,  54 .  82 
2494 ,  54 .  97 
2488 ,  54 .  97 
2478 ,  55 .  40 
2472 ,  54 .  97 
2498 ,  54 .  24 
2502 ,  55 .  55 
2490 ,  54 .  24 
2482 ,  55 .  55 
2497 ,  54 .  10 
2492 ,  55 .  55 
2479 ,  55 .  11 
2473 ,  54 .  97 
2501 ,  55 .  55 
2502 ,  54 .  39 
2491 ,  55 .  98 
2481 ,  54 .  97 
2493 ,  54 .  82 
2488 ,  54 .  10 
2486 ,  56 .  71 
2479 ,  54 .  97 
2505 ,  54 .  39 
2507 ,  54 .  24 
2496 ,  54 .  82 
2487 ,  54 .  97 
2500 ,  56 .  42 
2494 ,  56 .  27 
2484 ,  54 .  24 
2482 ,  54 .  97 
2510 ,  56 .  71 
2508 ,  55 .  11 
2497 ,  55 .  11 
2488 ,  55 .  55 
2500 ,  54 .  24 
2493 ,  53 .  81 
2486 ,  54 .  97 
2483 ,  55 .  55 
2507 ,  54 .  39 
2509 ,  55 .  55 
2498 ,  56 .  71 
2488 ,  54 .  10 
2501 ,  54 .  97 
2494 ,  55 .  40 
2483 ,  53 .  81 
2481 ,  54 .  97 
2509 ,  56 .  13 
2508 ,  57 .  14 
2496 ,  54 .  39 
2488 ,  54 .  97 
2498 ,  55 .  55 
2491 ,  55 .  11 
2483 ,  54 .  82 
2484 ,  55 .  55 
2508 ,  54 .  97 
2507 ,  55 .  26 
2496 ,  54 .  97 
2490 ,  55 .  11 
2500 ,  55 .  11 
2493 ,  55 .  55 
2483 ,  55 .  55 
2483 ,  55 .  55 
2508 ,  55 .  55 
2507 ,  55 .  40 
2496 ,  54 .  97 
2487 ,  55 .  26 
2499 ,  56 .  56 
2492 ,  54 .  68 
2483 ,  55 .  98 
2486 ,  54 .  82 
2510 ,  55 .  55 
2507 ,  55 .  55 
2496 ,  54 .  97 
2491 ,  56 .  56 
2500 ,  54 .  82 
2491 ,  53 .  37 
2483 ,  54 .  82 
2486 ,  55 .  55 
2509 ,  56 .  13 
2508 ,  54 .  39 
2496 ,  55 .  55 
2490 ,  55 .  11 
2501 ,  56 .  13 
2494 ,  55 .  26 
2483 ,  54 .  97 
2487 ,  54 .  39 
2510 ,  55 .  55 
2505 ,  54 .  10 
2495 ,  54 .  24 
2491 ,  55 .  11 
2500 ,  55 .  26 
2492 ,  55 .  98 
2482 ,  54 .  53 
2488 ,  54 .  97 
2510 ,  55 .  55 
2506 ,  54 .  97 
2496 ,  55 .  26 
2492 ,  54 .  97 
2501 ,  56 .  42 
2492 ,  55 .  55 
2482 ,  53 .  22 
2490 ,  56 .  13 
2509 ,  54 .  39 
2505 ,  56 .  13 
2497 ,  55 .  40 
2491 ,  53 .  95 
2500 ,  54 .  39 
2492 ,  54 .  39 
2481 ,  54 .  24 
2490 ,  55 .  55 
2509 ,  55 .  98 
2506 ,  54 .  24 
2493 ,  54 .  82 
2494 ,  55 .  26 
2500 ,  56 .  56 
2491 ,  55 .  55 
2481 ,  54 .  24 
2494 ,  54 .  97 
2510 ,  55 .  26 
2505 ,  54 .  97 
2493 ,  56 .  13 
2494 ,  57 .  14 
2499 ,  54 .  97 
2491 ,  54 .  97 
2482 ,  54 .  97 
2493 ,  55 .  55 
2509 ,  54 .  39 
2504 ,  54 .  97 
2494 ,  54 .  97 
2494 ,  55 .  55 
2500 ,  54 .  39 
2491 ,  54 .  39 
2481 ,  55 .  55 
2493 ,  55 .  98 
2509 ,  55 .  26 
2504 ,  54 .  53 
2492 ,  55 .  55 
2493 ,  55 .  26 
2499 ,  55 .  40 
2490 ,  54 .  24 
2480 ,  54 .  97 
2494 ,  54 .  82 
2509 ,  55 .  55 
2503 ,  54 .  97 
2492 ,  54 .  97 
2494 ,  55 .  40 
2500 ,  55 .  40 
2490 ,  54 .  97 
2479 ,  55 .  55 
2493 ,  55 .  26 
2511 ,  53 .  81 
2502 ,  55 .  11 
2491 ,  54 .  82 
2494 ,  57 .  29 
2498 ,  54 .  39 
2490 ,  56 .  13 
2480 ,  54 .  97 
2496 ,  54 .  39 
2511 ,  56 .  13 
2504 ,  55 .  55 
2492 ,  54 .  39 
2496 ,  55 .  26 
2502 ,  56 .  56 
2487 ,  54 .  39 
2480 ,  53 .  66 
2497 ,  53 .  95 
2511 ,  54 .  82 
2504 ,  55 .  55 
2492 ,  55 .  26 
2498 ,  54 .  82 
2498 ,  55 .  11 
2490 ,  56 .  56 
2479 ,  52 .  93 
2497 ,  54 .  39 
2511 ,  54 .  39 
2504 ,  52 .  64 
2490 ,  54 .  39 
2498 ,  55 .  55 
2499 ,  56 .  13 
2489 ,  54 .  39 
2479 ,  53 .  81 
2499 ,  54 .  97 
2511 ,  55 .  40 
2502 ,  55 .  11 
2490 ,  54 .  39 
2497 ,  54 .  39 
2498 ,  54 .  82 
2488 ,  55 .  11 
2479 ,  55 .  40 
2498 ,  55 .  40 
2510 ,  56 .  71 
2500 ,  54 .  68 
2490 ,  54 .  82 
2498 ,  55 .  55 
2496 ,  55 .  55 
2488 ,  55 .  55 
2480 ,  55 .  40 
2499 ,  54 .  39 
2510 ,  54 .  97 
2500 ,  56 .  56 
2489 ,  54 .  82 
2496 ,  54 .  97 
2495 ,  55 .  40 
2486 ,  55 .  40 
2477 ,  55 .  11 
2500 ,  54 .  97 
2508 ,  56 .  56 
2499 ,  54 .  82 
2487 ,  55 .  55 
2497 ,  55 .  84 
2496 ,  56 .  13 
2486 ,  55 .  40 
2476 ,  54 .  97 
2497 ,  57 .  14 
2508 ,  55 .  98 
2498 ,  54 .  39 
2487 ,  55 .  55 
2498 ,  54 .  97 
2496 ,  54 .  82 
2485 ,  54 .  97 
2475 ,  54 .  97 
2499 ,  55 .  40 
2508 ,  56 .  71 
2497 ,  54 .  97 
2486 ,  56 .  13 
2498 ,  53 .  95 
2494 ,  55 .  55 
2483 ,  54 .  97 
2475 ,  54 .  82 
2502 ,  55 .  26 
2506 ,  55 .  26 
2498 ,  56 .  13 
2485 ,  56 .  27 
2496 ,  55 .  11 
2494 ,  54 .  97 
2486 ,  55 .  98 
2475 ,  55 .  40 
2501 ,  54 .  97 
2506 ,  54 .  97 
2498 ,  57 .  43 
2485 ,  54 .  39 
2496 ,  54 .  39 
2494 ,  56 .  71 
2483 ,  53 .  37 
2473 ,  54 .  97 
2502 ,  55 .  55 
2504 ,  54 .  82 
2496 ,  55 .  55 
2486 ,  54 .  97 
2498 ,  55 .  11 
2492 ,  54 .  68 
2483 ,  56 .  42 
2475 ,  55 .  40 
2503 ,  55 .  84 
2504 ,  55 .  26 
2494 ,  55 .  40 
2485 ,  54 .  39 
2497 ,  56 .  13 
2494 ,  56 .  71 
2483 ,  54 .  97 
2475 ,  53 .  95 
2503 ,  55 .  55 
2506 ,  55 .  55 
2495 ,  55 .  26 
2486 ,  54 .  97 
2498 ,  56 .  13 
2490 ,  53 .  81 
2481 ,  56 .  42 
2477 ,  55 .  40 
2503 ,  55 .  55 
2506 ,  55 .  55 
2494 ,  53 .  81 
2483 ,  54 .  39 
2497 ,  54 .  97 
2486 ,  56 .  56 
2475 ,  54 .  97 
2469 ,  54 .  82 
2496 ,  54 .  39 
2497 ,  54 .  39 
2486 ,  54 .  97 
2475 ,  55 .  40 
2488 ,  55 .  26 
2483 ,  55 .  40 
2472 ,  54 .  97 
2470 ,  54 .  10 
2498 ,  54 .  97 
2502 ,  57 .  29 
2491 ,  55 .  55 
2482 ,  54 .  97 
2496 ,  55 .  40 
2487 ,  55 .  98 
2473 ,  54 .  68 
2474 ,  56 .  56 
2498 ,  55 .  55 
2496 ,  54 .  39 
2485 ,  54 .  97 
2478 ,  53 .  22 
2489 ,  55 .  55 
2481 ,  54 .  82 
2474 ,  56 .  13 
2473 ,  54 .  97 
2496 ,  55 .  55 
2496 ,  54 .  97 
2486 ,  55 .  40 
2478 ,  54 .  97 
2489 ,  55 .  55 
2482 ,  52 .  79 
2473 ,  55 .  40 
2475 ,  54 .  39 
2499 ,  55 .  40 
2495 ,  55 .  55 
2486 ,  54 .  39 
2478 ,  58 .  88 
2489 ,  54 .  97 
2481 ,  54 .  24 
2472 ,  55 .  98 
2478 ,  57 .  43 
2497 ,  56 .  13 
2494 ,  56 .  13 
2484 ,  55 .  55 
2477 ,  55 .  26 
2488 ,  55 .  98 
2481 ,  54 .  39 
2470 ,  56 .  71 
2478 ,  55 .  55 
2497 ,  55 .  11 
2494 ,  54 .  39 
2483 ,  55 .  98 
2482 ,  55 .  98 
2488 ,  55 .  40 
2479 ,  56 .  13 
2470 ,  55 .  40 
2477 ,  55 .  55 
2496 ,  55 .  55 
2494 ,  56 .  71 
2482 ,  54 .  39 
2481 ,  54 .  97 
2488 ,  55 .  55 
2480 ,  56 .  56 
2470 ,  54 .  39 
2481 ,  54 .  82 
2504 ,  55 .  55 
2499 ,  55 .  55 
2487 ,  54 .  39 
2488 ,  56 .  13 
2493 ,  56 .  13 
2484 ,  55 .  40 
2478 ,  56 .  13 
2486 ,  54 .  39 
2503 ,  56 .  13 
2499 ,  57 .  14 
2487 ,  55 .  26 
2491 ,  54 .  97 
2494 ,  55 .  55 
2486 ,  55 .  55 
2476 ,  54 .  97 
2490 ,  55 .  98 
2502 ,  55 .  55 
2496 ,  53 .  22 
2488 ,  57 .  43 
2489 ,  54 .  39 
2493 ,  55 .  26 
2485 ,  55 .  40 
2474 ,  55 .  55 
2490 ,  55 .  40 
2504 ,  55 .  55 
2497 ,  56 .  56 
2486 ,  54 .  97 
2490 ,  55 .  55 
2490 ,  56 .  42 
2484 ,  56 .  13 
2473 ,  55 .  40 
2489 ,  55 .  40 
2502 ,  55 .  98 
2495 ,  55 .  26 
2485 ,  54 .  82 
2490 ,  54 .  24 
2491 ,  55 .  11 
2480 ,  55 .  55 
2474 ,  56 .  71 
2491 ,  54 .  68 
2501 ,  55 .  55 
2495 ,  55 .  98 
2483 ,  54 .  39 
2490 ,  54 .  97 
2489 ,  54 .  97 
2482 ,  56 .  56 
2472 ,  55 .  98 
2492 ,  56 .  71 
2501 ,  54 .  39 
2494 ,  54 .  97 
2486 ,  56 .  71 
2488 ,  55 .  98 
2489 ,  54 .  97 
2481 ,  55 .  40 
2473 ,  54 .  82 
2489 ,  54 .  82 
2500 ,  55 .  26 
2494 ,  56 .  71 
2482 ,  55 .  55 
2490 ,  56 .  13 
2489 ,  54 .  82 
2479 ,  54 .  39 
2471 ,  54 .  97 
2493 ,  55 .  55 
2501 ,  55 .  11 
2492 ,  54 .  39 
2482 ,  54 .  82 
2491 ,  55 .  98 
2490 ,  55 .  40 
2479 ,  54 .  82 
2470 ,  54 .  82 
2492 ,  55 .  55 
2500 ,  54 .  97 
2492 ,  55 .  26 
2482 ,  55 .  55 
2491 ,  55 .  55 
2487 ,  54 .  97 
2478 ,  55 .  55 
2471 ,  54 .  24 
2494 ,  55 .  55 
2500 ,  54 .  39 
2491 ,  54 .  39 
2481 ,  55 .  84 
2493 ,  54 .  39 
2486 ,  54 .  39 
2479 ,  55 .  40 
2469 ,  55 .  55 
2496 ,  54 .  39 
2500 ,  56 .  13 
2490 ,  54 .  24 
2480 ,  54 .  97 
2491 ,  54 .  97 
2488 ,  56 .  56 
2477 ,  56 .  71 
2468 ,  56 .  13 
2498 ,  55 .  55 
2498 ,  54 .  39 
2489 ,  54 .  97 
2480 ,  55 .  55 
2489 ,  55 .  55 
2485 ,  55 .  40 
2478 ,  55 .  55 
2471 ,  56 .  13 
2496 ,  54 .  39 
2499 ,  55 .  98 
2489 ,  55 .  55 
2477 ,  54 .  39 
2490 ,  56 .  56 
2487 ,  55 .  40 
2477 ,  56 .  13 
2471 ,  55 .  40 
2497 ,  55 .  40 
2498 ,  55 .  55 
2490 ,  55 .  55 
2481 ,  55 .  55 
2492 ,  54 .  97 
2488 ,  55 .  55 
2478 ,  54 .  97 
2473 ,  55 .  98 
2498 ,  54 .  97 
2499 ,  55 .  40 
2489 ,  56 .  13 
2480 ,  54 .  53 
2493 ,  55 .  98 
2485 ,  56 .  42 
2478 ,  56 .  71 
2473 ,  56 .  42 
2498 ,  54 .  97 
2498 ,  55 .  55 
2487 ,  54 .  82 
2479 ,  54 .  82 
2492 ,  54 .  82 
2486 ,  55 .  40 
2475 ,  55 .  40 
2475 ,  55 .  40 
2501 ,  55 .  55 
2496 ,  55 .  26 
2489 ,  55 .  98 
2480 ,  55 .  55 
2491 ,  54 .  39 
2484 ,  55 .  11 
2477 ,  56 .  71 
2476 ,  55 .  26 
2499 ,  56 .  13 
2498 ,  55 .  98 
2489 ,  55 .  40 
2481 ,  56 .  42 
2493 ,  57 .  29 
2482 ,  55 .  11 
2475 ,  54 .  24 
2478 ,  55 .  55 
2500 ,  55 .  11 
2497 ,  55 .  40 
2488 ,  55 .  55 
2480 ,  55 .  11 
2491 ,  55 .  26 
2484 ,  55 .  40 
2474 ,  54 .  39 
2479 ,  55 .  84 
2497 ,  54 .  68 
2497 ,  54 .  97 
2486 ,  54 .  97 
2481 ,  54 .  82 
2489 ,  55 .  55 
2484 ,  54 .  97 
2472 ,  56 .  27 
2480 ,  56 .  13 
2499 ,  54 .  97 
2494 ,  57 .  14 
2485 ,  55 .  98 
2481 ,  54 .  39 
2491 ,  54 .  97 
2482 ,  56 .  27 
2474 ,  56 .  27 
2482 ,  55 .  55 
2498 ,  53 .  81 
2494 ,  55 .  11 
2485 ,  54 .  97 
2484 ,  56 .  71 
2490 ,  52 .  64 
2481 ,  55 .  26 
2474 ,  55 .  98 
2482 ,  55 .  40 
2497 ,  55 .  40 
2494 ,  56 .  27 
2483 ,  56 .  13 
2483 ,  55 .  55 
2490 ,  52 .  79 
2481 ,  54 .  97 
2472 ,  56 .  56 
2484 ,  56 .  56 
2498 ,  54 .  97 
2491 ,  55 .  55 
2457 ,  52 .  64 
2474 ,  55 .  40 
2481 ,  54 .  97 
2460 ,  54 .  39 
2462 ,  56 .  13 
2462 ,  55 .  55 
2487 ,  55 .  55 
2483 ,  54 .  97 
2452 ,  56 .  13 
2472 ,  55 .  40 
2477 ,  55 .  26 
2455 ,  55 .  55 
2459 ,  56 .  71 
2458 ,  55 .  26 
2483 ,  54 .  82 
2482 ,  56 .  42 
2452 ,  54 .  39 
2471 ,  55 .  55 
2474 ,  56 .  27 
2455 ,  56 .  13 
2460 ,  54 .  97 
2458 ,  55 .  40 
2481 ,  55 .  55 
2482 ,  55 .  40 
2453 ,  56 .  71 
2473 ,  54 .  97 
2476 ,  55 .  98 
2458 ,  56 .  13 
2459 ,  54 .  68 
2458 ,  55 .  40 
2484 ,  56 .  13 
2481 ,  55 .  40 
2452 ,  56 .  71 
2473 ,  55 .  55 
2460 ,  55 .  40 
2467 ,  55 .  55 
2459 ,  55 .  40 
2472 ,  57 .  14 
2485 ,  55 .  55 
2455 ,  55 .  55 
2467 ,  55 .  40 
2457 ,  55 .  40 
2472 ,  54 .  39 
2466 ,  54 .  97 
2448 ,  55 .  40 
2456 ,  55 .  98 
2482 ,  57 .  72 
2452 ,  55 .  84 
2464 ,  55 .  40 
2458 ,  56 .  56 
2470 ,  55 .  40 
2453 ,  55 .  98 
2454 ,  55 .  55 
2459 ,  55 .  55 
2480 ,  54 .  39 
2452 ,  55 .  55 
2466 ,  57 .  29 
2457 ,  56 .  13 
2469 ,  55 .  55 
2452 ,  56 .  56 
2455 ,  55 .  11 
2471 ,  55 .  55 
2456 ,  55 .  55 
2471 ,  55 .  26 
2445 ,  54 .  97 
2472 ,  55 .  55 
2457 ,  55 .  55 
2461 ,  56 .  13 
2447 ,  56 .  27 
2454 ,  57 .  29 
2479 ,  54 .  97 
2451 ,  55 .  40 
2463 ,  55 .  55 
2460 ,  55 .  55 
2470 ,  54 .  82 
2452 ,  55 .  55 
2453 ,  57 .  14 
2474 ,  56 .  71 
2455 ,  55 .  84 
2471 ,  55 .  55 
2448 ,  55 .  98 
2474 ,  55 .  40 
2455 ,  55 .  55 
2461 ,  56 .  13 
2447 ,  55 .  11 
2453 ,  56 .  71 
2478 ,  55 .  40 
2450 ,  56 .  27 
2464 ,  56 .  13 
2458 ,  55 .  40 
2469 ,  55 .  26 
2450 ,  56 .  13 
2453 ,  55 .  55 
2473 ,  55 .  26 
2454 ,  55 .  55 
2470 ,  57 .  29 
2443 ,  55 .  26 
2472 ,  55 .  55 
2459 ,  55 .  55 
2462 ,  55 .  98 
2447 ,  56 .  27 
2452 ,  55 .  84 
2478 ,  55 .  98 
2449 ,  55 .  55 
2464 ,  56 .  27 
2457 ,  55 .  11 
2466 ,  55 .  55 
2451 ,  55 .  55 
2455 ,  54 .  97 
2473 ,  55 .  98 
2454 ,  55 .  55 
2469 ,  56 .  27 
2445 ,  54 .  39 
2474 ,  56 .  56 
2456 ,  56 .  42 
2461 ,  55 .  40 
2450 ,  56 .  71 
2454 ,  56 .  71 
2476 ,  55 .  55 
2450 ,  56 .  27 
2462 ,  56 .  42 
2458 ,  55 .  55 
2461 ,  55 .  55 
2449 ,  55 .  55 
2454 ,  56 .  71 
2475 ,  55 .  26 
2452 ,  55 .  55 
2469 ,  56 .  42 
2444 ,  55 .  55 
2470 ,  55 .  55 
2453 ,  54 .  39 
2459 ,  55 .  55 
2452 ,  55 .  55 
2452 ,  57 .  14 
2475 ,  55 .  55 
2448 ,  55 .  55 
2462 ,  55 .  55 
2458 ,  56 .  13 
2465 ,  55 .  55 
2448 ,  55 .  40 
2453 ,  56 .  71 
2476 ,  55 .  55 
2454 ,  56 .  42 
2465 ,  55 .  98 
2445 ,  55 .  55 
2470 ,  55 .  11 
2452 ,  55 .  55 
2457 ,  55 .  26 
2456 ,  56 .  71 
2453 ,  54 .  39 
2474 ,  55 .  98 
2448 ,  53 .  66 
2464 ,  56 .  27 
2456 ,  55 .  40 
2462 ,  56 .  56 
2446 ,  56 .  56 
2451 ,  56 .  71 
2476 ,  55 .  98 
2451 ,  55 .  55 
2465 ,  55 .  26 
2447 ,  54 .  97 
2470 ,  55 .  40 
2453 ,  54 .  39 
2455 ,  55 .  98 
2456 ,  56 .  13 
2454 ,  54 .  24 
2474 ,  55 .  55 
2448 ,  55 .  55 
2463 ,  56 .  27 
2455 ,  55 .  40 
2464 ,  55 .  55 
2447 ,  55 .  55 
2452 ,  56 .  56 
2476 ,  56 .  13 
2450 ,  55 .  26 
2466 ,  55 .  98 
2451 ,  56 .  56 
2467 ,  55 .  55 
2451 ,  55 .  55 
2456 ,  56 .  42 
2457 ,  55 .  55 
2452 ,  55 .  55 
2473 ,  55 .  55 
2445 ,  56 .  13 
2466 ,  57 .  14 
2455 ,  56 .  42 
2461 ,  57 .  14 
2446 ,  55 .  40 
2451 ,  55 .  98 
2478 ,  54 .  97 
2450 ,  56 .  56 
2464 ,  55 .  26 
2451 ,  55 .  55 
2468 ,  56 .  71 
2450 ,  55 .  55 
2456 ,  56 .  13 
2461 ,  56 .  27 
2453 ,  56 .  56 
2470 ,  55 .  55 
2445 ,  55 .  40 
2466 ,  56 .  56 
2458 ,  56 .  13 
2460 ,  56 .  27 
2445 ,  55 .  55 
2452 ,  57 .  14 
2475 ,  53 .  52 
2450 ,  55 .  55 
2463 ,  55 .  40 
2451 ,  55 .  40 
2466 ,  56 .  42 
2450 ,  55 .  40 
2454 ,  55 .  40 
2463 ,  55 .  55 
2453 ,  57 .  14 
2472 ,  57 .  14 
2444 ,  55 .  55 
2468 ,  57 .  14 
2455 ,  56 .  71 
2460 ,  55 .  26 
2446 ,  55 .  98 
2452 ,  55 .  84 
2476 ,  55 .  55 
2449 ,  56 .  13 
2464 ,  56 .  27 
2453 ,  55 .  11 
2465 ,  54 .  97 
2450 ,  55 .  55 
2452 ,  54 .  97 
2465 ,  54 .  39 
2452 ,  55 .  11 
2470 ,  55 .  55 
2444 ,  55 .  11 
2468 ,  56 .  13 
2456 ,  56 .  13 
2459 ,  56 .  13 
2445 ,  58 .  45 
2454 ,  58 .  30 
2474 ,  55 .  55 
2450 ,  55 .  55 
2461 ,  55 .  55 
2454 ,  54 .  39 
2466 ,  56 .  13 
2448 ,  56 .  71 
2452 ,  55 .  55 
2467 ,  56 .  27 
2451 ,  54 .  97 
2469 ,  55 .  40 
2446 ,  57 .  14 
2469 ,  55 .  55 
2456 ,  56 .  71 
2460 ,  55 .  98 
2445 ,  56 .  42 
2453 ,  57 .  14 
2476 ,  55 .  55 
2448 ,  54 .  24 
2462 ,  56 .  27 
2454 ,  55 .  11 
2465 ,  55 .  55 
2454 ,  55 .  55 
2455 ,  55 .  98 
2469 ,  57 .  87 
2454 ,  55 .  55 
2467 ,  56 .  13 
2443 ,  55 .  40 
2470 ,  57 .  58 
2453 ,  55 .  55 
2458 ,  56 .  56 
2446 ,  55 .  98 
2452 ,  56 .  27 
2476 ,  55 .  11 
2450 ,  56 .  71 
2463 ,  55 .  84 
2457 ,  55 .  55 
2469 ,  55 .  11 
2454 ,  55 .  55 
2455 ,  55 .  40 
2476 ,  56 .  42 
2459 ,  57 .  29 
2473 ,  56 .  56 
2448 ,  55 .  55 
2472 ,  55 .  40 
2455 ,  55 .  26 
2459 ,  55 .  98 
2446 ,  54 .  97 
2454 ,  57 .  58 
2473 ,  55 .  98 
2449 ,  56 .  42 
2462 ,  56 .  27 
2456 ,  55 .  26 
2467 ,  55 .  55 
2449 ,  55 .  55 
2451 ,  54 .  97 
2474 ,  55 .  55 
2453 ,  54 .  39 
2468 ,  54 .  39 
2445 ,  55 .  55 
2472 ,  56 .  71 
2457 ,  56 .  13 
2459 ,  55 .  55 
2446 ,  56 .  42 
2453 ,  56 .  71 
2475 ,  56 .  13 
2449 ,  56 .  42 
2461 ,  56 .  13 
2457 ,  55 .  55 
2463 ,  55 .  55 
2448 ,  55 .  55 
2450 ,  56 .  13 
2474 ,  56 .  13 
2450 ,  54 .  97 
2465 ,  55 .  55 
2442 ,  55 .  55 
2468 ,  57 .  29 
2451 ,  55 .  98 
2455 ,  56 .  13 
2447 ,  56 .  56 
2451 ,  56 .  71 
2473 ,  56 .  71 
2447 ,  55 .  40 
2459 ,  56 .  13 
2456 ,  54 .  97 
2462 ,  55 .  98 
2446 ,  55 .  55 
2447 ,  56 .  13 
2468 ,  55 .  40 
2449 ,  55 .  40 
2467 ,  55 .  40 
2442 ,  55 .  55 
2467 ,  56 .  13 
2452 ,  55 .  98 
2455 ,  55 .  55 
2449 ,  55 .  55 
2452 ,  56 .  56 
2470 ,  55 .  55 
2445 ,  55 .  40 
2458 ,  55 .  55 
2453 ,  54 .  97 
2462 ,  55 .  55 
2446 ,  56 .  71 
2448 ,  56 .  13 
2471 ,  56 .  71 
2449 ,  56 .  71 
2461 ,  55 .  11 
2445 ,  56 .  56 
2467 ,  57 .  14 
2449 ,  55 .  98 
2451 ,  56 .  56 
2448 ,  55 .  40 
2451 ,  56 .  71 
2469 ,  55 .  55 
2443 ,  56 .  27 
2458 ,  56 .  71 
2453 ,  55 .  98 
2458 ,  56 .  27 
2445 ,  56 .  13 
2446 ,  55 .  98 
2470 ,  56 .  71 
2448 ,  55 .  55 
2461 ,  56 .  85 
2446 ,  56 .  56 
2464 ,  57 .  29 
2447 ,  56 .  42 
2452 ,  55 .  55 
2452 ,  55 .  55 
2448 ,  57 .  14 
2468 ,  55 .  55 
2444 ,  55 .  11 
2460 ,  54 .  97 
2454 ,  56 .  13 
2457 ,  55 .  55 
2444 ,  55 .  55 
2447 ,  55 .  55 
2471 ,  56 .  71 
2448 ,  56 .  13 
2463 ,  55 .  55 
2448 ,  55 .  84 
2462 ,  57 .  29 
2447 ,  56 .  71 
2451 ,  55 .  84 
2455 ,  54 .  10 
2448 ,  55 .  55 
2468 ,  55 .  98 
2443 ,  56 .  56 
2459 ,  56 .  27 
2452 ,  56 .  56 
2458 ,  56 .  27 
2441 ,  54 .  82 
2445 ,  55 .  40 
2472 ,  56 .  27 
2448 ,  55 .  40 
2459 ,  55 .  98 
2446 ,  55 .  55 
2461 ,  56 .  71 
2445 ,  56 .  13 
2448 ,  55 .  40 
2452 ,  55 .  55 
2448 ,  57 .  72 
2462 ,  55 .  84 
2441 ,  55 .  40 
2462 ,  55 .  98 
2451 ,  55 .  55 
2453 ,  56 .  13 
2442 ,  56 .  13 
2449 ,  55 .  40 
2471 ,  55 .  55 
2448 ,  57 .  29 
2458 ,  55 .  55 
2449 ,  56 .  13 
2464 ,  57 .  43 
2447 ,  56 .  56 
2450 ,  55 .  98 
2460 ,  56 .  56 
2451 ,  57 .  14 
2465 ,  56 .  27 
2443 ,  55 .  55 
2463 ,  55 .  98 
2452 ,  54 .  97 
2455 ,  55 .  55 
2443 ,  57 .  43 
2446 ,  55 .  55 
2471 ,  55 .  98 
2447 ,  56 .  27 
2459 ,  55 .  55 
2451 ,  56 .  56 
2464 ,  55 .  55 
2446 ,  55 .  55 
2450 ,  55 .  40 
2461 ,  55 .  55 
2450 ,  57 .  29 
2465 ,  56 .  13 
2443 ,  55 .  40 
2462 ,  55 .  98 
2451 ,  55 .  40 
2455 ,  55 .  98 
2442 ,  54 .  97 
2448 ,  55 .  98 
2472 ,  56 .  71 
2448 ,  57 .  14 
2461 ,  56 .  13 
2450 ,  56 .  56 
2462 ,  57 .  14 
2447 ,  56 .  71 
2453 ,  57 .  29 
2464 ,  55 .  40 
2448 ,  56 .  13 
2466 ,  56 .  71 
2442 ,  54 .  10 
2466 ,  57 .  14 
2452 ,  55 .  55 
2457 ,  57 .  14 
2442 ,  54 .  82 
2447 ,  56 .  27 
2471 ,  55 .  55 
2447 ,  55 .  55 
2457 ,  57 .  58 
2451 ,  56 .  13 
2461 ,  56 .  13 
2445 ,  54 .  97 
2448 ,  56 .  13 
2463 ,  55 .  98 
2448 ,  56 .  42 
2466 ,  56 .  56 
2442 ,  57 .  58 
2462 ,  55 .  55 
2450 ,  56 .  13 
2453 ,  56 .  56 
2441 ,  55 .  98 
2446 ,  55 .  55 
2470 ,  56 .  56 
2445 ,  57 .  14 
2455 ,  56 .  42 
2450 ,  56 .  56 
2459 ,  56 .  71 
2444 ,  56 .  56 
2448 ,  57 .