 86 
 103 ,  48 .   0 
 105 ,  48 .   0 
 104 ,  48 .  29 
 104 ,  49 .  16 
 106 ,  48 .  44 
 106 ,  49 .  74 
 104 ,  50 .  18 
 106 ,  48 .  73 
 106 ,  49 .  31 
 104 ,  48 .   0 
 103 ,  50 .  18 
 103 ,  49 .  16 
 101 ,  47 .  42 
 103 ,  48 .   0 
 104 ,  48 .   0 
 105 ,  49 .  60 
 107 ,  47 .  42 
 104 ,  47 .  71 
 108 ,  48 .   0 
 106 ,  48 .  15 
 107 ,  48 .  58 
 104 ,  48 .  73 
 104 ,  49 .  74 
 104 ,  49 .   2 
 104 ,  47 .  28 
 104 ,  48 .   0 
 101 ,  48 .   0 
 100 ,  47 .  42 
 103 ,  49 .   2 
 101 ,  48 .   0 
 103 ,  47 .  28 
 102 ,  48 .  44 
 100 ,  47 .  28 
 101 ,  48 .  44 
 100 ,  46 .  99 
 104 ,  49 .  45 
 102 ,  49 .   2 
 104 ,  48 .   0 
 105 ,  49 .   2 
 106 ,  48 .   0 
 100 ,  48 .  44 
 100 ,  48 .  87 
 100 ,  48 .  58 
 101 ,  48 .  58 
 104 ,  48 .  44 
 106 ,  48 .  29 
 104 ,  48 .  29 
 106 ,  50 .  76 
 106 ,  49 .   2 
 104 ,  49 .   2 
 102 ,  48 .  58 
 100 ,  47 .  42 
 103 ,  49 .  45 
 101 ,  48 .   0 
 102 ,  48 .  29 
 101 ,  47 .  42 
 102 ,  47 .  71 
 104 ,  47 .  13 
 107 ,  47 .  86 
 106 ,  48 .   0 
 100 ,  47 .  86 
 103 ,  48 .  29 
 101 ,  48 .  29 
 100 ,  47 .  71 
 101 ,  47 .  42 
 107 ,  48 .  87 
 106 ,  48 .  58 
 100 ,  48 .  73 
 100 ,  48 .  73 
 102 ,  49 .   2 
  99 ,  48 .  44 
 100 ,  48 .  15 
 103 ,  48 .  15 
 100 ,  48 .  15 
 101 ,  47 .  86 
 104 ,  48 .  73 
 102 ,  49 .   2 
  98 ,  48 .  44 
 103 ,  48 .  44 
 101 ,  48 .  44 
 102 ,  48 .  15 
 101 ,  47 .  42 
 103 ,  48 .  29 
  96 ,  48 .  29 
  98 ,  48 .   0 
 100 ,  48 .  44 
  98 ,  49 .   2 
 101 ,  48 .  15 
 101 ,  47 .  13 
 104 ,  48 .  44 
 104 ,  48 .  44 
 102 ,  49 .  16 
  99 ,  48 .  58 
 101 ,  48 .   0 
 102 ,  49 .  16 
  99 ,  48 .  58 
 103 ,  49 .   2 
 101 ,  48 .  29 
  99 ,  47 .  86 
  99 ,  47 .  42 
  97 ,  48 .   0 
  99 ,  48 .  44 
 100 ,  48 .  15 
 100 ,  48 .  15 
 100 ,  47 .  28 
 100 ,  47 .  13 
  98 ,  48 .  15 
  97 ,  47 .  13 
  97 ,  46 .  26 
 102 ,  48 .  44 
 100 ,  49 .   2 
  98 ,  48 .  29 
  99 ,  47 .  28 
 102 ,  49 .   2 
 104 ,  48 .  44 
  99 ,  47 .  86 
  99 ,  47 .  42 
 103 ,  48 .  29 
 101 ,  49 .  16 
 102 ,  49 .  45 
 100 ,  48 .  44 
 100 ,  48 .  58 
 102 ,  48 .  58 
 102 ,  47 .  86 
 103 ,  47 .  42 
  99 ,  47 .  13 
 100 ,  48 .   0 
 102 ,  46 .  84 
 103 ,  47 .  28 
 100 ,  48 .  15 
 100 ,  48 .  87 
  99 ,  48 .  58 
 100 ,  48 .   0 
  99 ,  48 .  58 
 100 ,  48 .  58 
 104 ,  48 .  44 
 102 ,  48 .  58 
  99 ,  47 .  86 
 101 ,  48 .  73 
 102 ,  48 .  44 
 102 ,  48 .  58 
 100 ,  48 .   0 
 100 ,  48 .  58 
 100 ,  48 .  15 
  98 ,  47 .  86 
 101 ,  48 .  29 
 100 ,  48 .  15 
 100 ,  47 .  86 
  98 ,  48 .   0 
 102 ,  48 .  58 
 104 ,  48 .  44 
  98 ,  47 .  42 
 100 ,  47 .  86 
 100 ,  46 .  84 
  98 ,  48 .  58 
  98 ,  48 .  73 
 100 ,  47 .  86 
  98 ,  47 .  86 
 100 ,  48 .  73 
 102 ,  48 .   0 
 100 ,  47 .  86 
  99 ,  48 .  58 
 100 ,  48 .  29 
  96 ,  48 .  29 
  98 ,  47 .  86 
 100 ,  47 .  86 
  98 ,  48 .  58 
  99 ,  48 .   0 
 102 ,  48 .  44 
 100 ,  48 .  44 
  99 ,  49 .  16 
 100 ,  48 .  15 
 101 ,  49 .   2 
 100 ,  48 .  58 
 104 ,  48 .  58 
 103 ,  49 .  74 
 102 ,  50 .  18 
 104 ,  48 .  44 
 102 ,  48 .  73 
 106 ,  47 .  42 
  99 ,  49 .  60 
  98 ,  47 .  13 
  97 ,  48 .  29 
  96 ,  46 .  84 
 102 ,  47 .  42 
 102 ,  49 .  60 
 104 ,  47 .  86 
 101 ,  49 .  16 
 101 ,  48 .  44 
 101 ,  47 .  13 
 101 ,  48 .   0 
 101 ,  47 .  13 
 104 ,  48 .  44 
 106 ,  47 .  42 
 106 ,  49 .   2 
 106 ,  48 .  15 
 106 ,  49 .  31 
 104 ,  48 .   0 
 101 ,  48 .  58 
 101 ,  46 .  26 
 106 ,  44 .  81 
 105 ,  47 .  28 
 103 ,  46 .  99 
  98 ,  46 .  99 
 101 ,  48 .  58 
 106 ,  49 .   2 
 102 ,  48 .  29 
 102 ,  47 .  42 
 102 ,  47 .  86 
 103 ,  48 .  44 
  99 ,  48 .  58 
  99 ,  46 .  26 
 101 ,  46 .  84 
 104 ,  49 .  16 
 106 ,  49 .  31 
 102 ,  47 .  42 
 102 ,  47 .  42 
 102 ,  49 .   2 
 102 ,  48 .  73 
 102 ,  47 .  86 
 100 ,  49 .  60 
 102 ,  49 .  16 
 102 ,  48 .  58 
 101 ,  49 .   2 
 100 ,  49 .  16 
  97 ,  48 .  15 
 101 ,  48 .  15 
 100 ,  47 .  28 
 105 ,  47 .  42 
 103 ,  48 .   0 
 101 ,  49 .   2 
 102 ,  45 .  10 
 102 ,  45 .  83 
 100 ,  47 .  28 
  99 ,  48 .   0 
 102 ,  46 .  26 
 100 ,  48 .   0 
 103 ,  46 .  99 
 104 ,  48 .  58 
 104 ,  48 .   0 
 101 ,  47 .  28 
 101 ,  49 .  74 
 101 ,  49 .  60 
 101 ,  47 .  42 
 101 ,  47 .  42 
 100 ,  48 .  87 
 100 ,  48 .  58 
 100 ,  47 .  42 
 100 ,  48 .  58 
  98 ,  47 .  42 
 104 ,  48 .  58 
 102 ,  51 .  48 
 102 ,  48 .  58 
  99 ,  48 .   0 
 102 ,  47 .  42 
  98 ,  48 .  58 
 101 ,  47 .  28 
 100 ,  48 .  44 
  98 ,  48 .  58 
 100 ,  46 .  70 
  98 ,  47 .  42 
 102 ,  47 .  28 
 100 ,  48 .  73 
 104 ,  48 .   0 
  97 ,  47 .  13 
 102 ,  48 .  44 
  96 ,  48 .  73 
 103 ,  48 .  15 
 100 ,  47 .  42 
 100 ,  49 .  31 
 102 ,  48 .  58 
 102 ,  48 .   0 
 101 ,  47 .  42 
 101 ,  48 .  29 
  96 ,  48 .  29 
 106 ,  49 .  74 
 102 ,  48 .  58 
 100 ,  48 .  73 
 100 ,  48 .   0 
  97 ,  47 .  42 
 104 ,  48 .  58 
  99 ,  48 .   0 
 100 ,  48 .  58 
 102 ,  47 .  42 
 102 ,  48 .  58 
 100 ,  48 .  58 
 103 ,  48 .  58 
 100 ,  48 .   0 
 102 ,  49 .  31 
 104 ,  48 .  73 
 100 ,  48 .  58 
  99 ,  49 .  16 
  99 ,  48 .  58 
 101 ,  46 .  99 
 104 ,  48 .  58 
 100 ,  49 .   2 
  99 ,  48 .   0 
 104 ,  48 .  15 
 104 ,  48 .  58 
 104 ,  49 .   2 
 102 ,  48 .  73 
 104 ,  47 .  57 
 104 ,  47 .  86 
 101 ,  47 .  42 
  97 ,  48 .  44 
 104 ,  47 .  42 
  99 ,  46 .  26 
 102 ,  46 .  12 
 100 ,  47 .  42 
 103 ,  47 .  28 
 103 ,  47 .  42 
 101 ,  47 .  28 
  99 ,  46 .  70 
 100 ,  49 .  74 
 102 ,  49 .  74 
 100 ,  47 .  13 
 103 ,  48 .   0 
 101 ,  47 .  13 
 102 ,  49 .  31 
 101 ,  47 .  86 
  98 ,  47 .  42 
 100 ,  49 .   2 
 104 ,  48 .  44 
 100 ,  48 .   0 
 101 ,  48 .   0 
  98 ,  48 .  58 
 101 ,  47 .  42 
 101 ,  48 .  58 
 101 ,  48 .  58 
 101 ,  47 .  86 
 102 ,  49 .  74 
 106 ,  48 .   0 
 104 ,  47 .  86 
 101 ,  48 .  29 
 103 ,  48 .  58 
 110 ,  46 .  99 
 106 ,  49 .   2 
 104 ,  49 .   2 
 100 ,  47 .  86 
 101 ,  47 .  42 
 102 ,  48 .  44 
 101 ,  48 .  15 
 100 ,  49 .   2 
 102 ,  47 .  42 
 105 ,  48 .  58 
 104 ,  49 .  16 
 101 ,  49 .  16 
 103 ,  48 .   0 
 106 ,  46 .  26 
 106 ,  48 .  15 
 106 ,  49 .  60 
 106 ,  48 .  15 
 106 ,  49 .   2 
 107 ,  49 .  16 
 110 ,  48 .  58 
 110 ,  48 .   0 
 108 ,  48 .   0 
 109 ,  48 .  58 
 116 ,  49 .   2 
 114 ,  48 .  58 
 118 ,  48 .  58 
 122 ,  49 .   2 
 123 ,  48 .  73 
 123 ,  48 .  44 
 122 ,  48 .   0 
 125 ,  47 .  42 
 127 ,  48 .  58 
 129 ,  48 .   0 
 131 ,  47 .  42 
 130 ,  47 .  86 
 130 ,  48 .  87 
 133 ,  46 .  26 
 129 ,  48 .  15 
 136 ,  48 .  58 
 132 ,  48 .  58 
 135 ,  47 .  42 
 136 ,  48 .   0 
 136 ,  48 .  44 
 134 ,  48 .  15 
 139 ,  48 .   0 
 136 ,  48 .  58 
 134 ,  48 .  58 
 139 ,  48 .  15 
 136 ,  50 .  32 
 139 ,  48 .   0 
 134 ,  48 .   0 
 135 ,  48 .  44 
 138 ,  49 .  31 
 134 ,  48 .  44 
 137 ,  47 .  42 
 142 ,  49 .   2 
 139 ,  46 .  84 
 137 ,  48 .  29 
 140 ,  48 .  44 
 137 ,  48 .  87 
 141 ,  48 .  15 
 142 ,  47 .  71 
 140 ,  47 .  86 
 140 ,  48 .   0 
 137 ,  48 .   0 
 138 ,  48 .  73 
 145 ,  47 .  86 
 144 ,  46 .  12 
 139 ,  47 .  42 
 142 ,  47 .  86 
 140 ,  48 .  58 
 140 ,  48 .   0 
 139 ,  46 .  99 
 141 ,  47 .  42 
 142 ,  48 .  15 
 140 ,  48 .  87 
 139 ,  47 .  42 
 140 ,  47 .  42 
 141 ,  48 .  29 
 136 ,  49 .   2 
 142 ,  48 .  15 
 135 ,  47 .  42 
 143 ,  49 .  31 
 141 ,  48 .  87 
 137 ,  48 .  29 
 143 ,  48 .  44 
 144 ,  48 .  44 
 143 ,  48 .  58 
 142 ,  47 .  86 
 143 ,  48 .   0 
 146 ,  49 .   2 
 145 ,  48 .  44 
 142 ,  47 .  86 
 146 ,  49 .  16 
 146 ,  47 .  86 
 143 ,  48 .  44 
 141 ,  47 .  42 
 143 ,  47 .  28 
 144 ,  47 .  42 
 142 ,  48 .   0 
 144 ,  48 .  29 
 144 ,  48 .   0 
 141 ,  48 .  44 
 144 ,  49 .  74 
 144 ,  48 .  29 
 142 ,  47 .  42 
 141 ,  47 .  86 
 147 ,  49 .  16 
 141 ,  48 .  44 
 146 ,  48 .  44 
 145 ,  48 .   0 
 143 ,  48 .  44 
 143 ,  49 .   2 
 143 ,  48 .  58 
 144 ,  49 .  16 
 144 ,  50 .  90 
 145 ,  48 .   0 
 143 ,  48 .  29 
 146 ,  47 .  86 
 145 ,  48 .   0 
 146 ,  48 .  58 
 145 ,  47 .  86 
 147 ,  47 .  42 
 144 ,  45 .  68 
 143 ,  48 .   0 
 146 ,  48 .  58 
 144 ,  48 .  15 
 144 ,  48 .  29 
 152 ,  48 .  58 
 142 ,  48 .  58 
 144 ,  47 .  42 
 144 ,  48 .   0 
 146 ,  51 .  63 
 147 ,  48 .  58 
 145 ,  48 .  87 
 146 ,  49 .  16 
 148 ,  48 .  58 
 146 ,  47 .  42 
 146 ,  48 .   0 
 146 ,  49 .  16 
 140 ,  47 .  42 
 136 ,  48 .   0 
 134 ,  48 .  44 
 132 ,  48 .  29 
 130 ,  47 .  86 
 128 ,  47 .  57 
 125 ,  48 .  29 
 124 ,  47 .  42 
 123 ,  48 .   0 
 120 ,  47 .  71 
 122 ,  49 .   2 
 120 ,  48 .  58 
 118 ,  48 .  73 
 116 ,  48 .  44 
 120 ,  49 .   2 
 115 ,  48 .  73 
 115 ,  48 .   0 
 113 ,  48 .  29 
 113 ,  48 .   0 
 119 ,  48 .  44 
 110 ,  48 .  44 
 112 ,  48 .  87 
 114 ,  48 .  29 
 113 ,  48 .  44 
 108 ,  48 .  58 
 112 ,  49 .   2 
 111 ,  49 .  16 
 111 ,  49 .   2 
 114 ,  49 .  16 
 110 ,  49 .  16 
 111 ,  48 .  58 
 112 ,  48 .   0 
 112 ,  49 .  16 
 109 ,  47 .  42 
 105 ,  47 .  42 
 109 ,  48 .   0 
 111 ,  48 .  58 
 110 ,  47 .  86 
 110 ,  47 .  86 
 109 ,  48 .   0 
 108 ,  48 .   0 
 110 ,  48 .  58 
 106 ,  48 .   0 
 109 ,  48 .  58 
 108 ,  47 .  42 
 108 ,  48 .  29 
 108 ,  46 .  84 
 109 ,  47 .  86 
 107 ,  48 .  44 
 106 ,  48 .  44 
 106 ,  48 .  73 
 110 ,  48 .  44 
 106 ,  48 .  44 
 104 ,  49 .   2 
 106 ,  48 .  44 
 106 ,  48 .  58 
 105 ,  49 .   2 
 105 ,  49 .  74 
 103 ,  48 .  44 
 101 ,  48 .   0 
 105 ,  47 .  13 
 105 ,  47 .  13 
 106 ,  48 .  29 
 106 ,  48 .  44 
 104 ,  48 .  15 
 106 ,  48 .  44 
 106 ,  48 .  15 
 106 ,  46 .  26 
 107 ,  46 .  26 
 107 ,  46 .  84 
 106 ,  48 .  44 
 106 ,  47 .  86 
 104 ,  47 .  42 
 105 ,  48 .  58 
 104 ,  47 .  42 
 105 ,  47 .  86 
 106 ,  48 .  44 
 106 ,  49 .   2 
 102 ,  48 .  73 
 107 ,  49 .   2 
 104 ,  48 .   0 
 103 ,  47 .  86 
 107 ,  48 .   0 
 104 ,  48 .  58 
 106 ,  48 .   0 
 103 ,  46 .  26 
 104 ,  47 .  28 
 105 ,  47 .  71 
 108 ,  48 .   0 
 104 ,  47 .  42 
 104 ,  47 .  42 
 106 ,  47 .  42 
 107 ,  48 .  58 
 105 ,  47 .  42 
 109 ,  47 .  86 
 106 ,  48 .  44 
 104 ,  48 .  73 
 104 ,  49 .   2 
 106 ,  48 .  58 
 105 ,  49 .  60 
 104 ,  48 .   0 
 105 ,  47 .  86 
 107 ,  48 .  44 
 106 ,  48 .  29 
 104 ,  47 .  42 
 106 ,  48 .  58 
 107 ,  48 .   0 
 105 ,  47 .  42 
 105 ,  48 .   0 
 105 ,  46 .  99 
 105 ,  48 .  15 
 105 ,  48 .  15 
 105 ,  48 .  44 
 105 ,  48 .  44 
 105 ,  47 .  86 
 104 ,  47 .  86 
 107 ,  48 .   0 
 101 ,  48 .  58 
 106 ,  48 .  58 
 106 ,  48 .   0 
 103 ,  48 .  44 
 105 ,  47 .  42 
 105 ,  48 .   0 
 105 ,  48 .  44 
 105 ,  47 .  13 
 105 ,  48 .  44 
 100 ,  48 .  44 
 106 ,  48 .  44 
 107 ,  48 .   0 
 106 ,  48 .  15 
 110 ,  48 .  58 
 106 ,  47 .  42 
 106 ,  49 .   2 
 104 ,  49 .   2 
 106 ,  47 .  42 
 107 ,  47 .  86 
 104 ,  48 .  44 
 102 ,  48 .  58 
 106 ,  47 .  42 
 103 ,  48 .  58 
 106 ,  48 .  15 
 106 ,  48 .  58 
 106 ,  49 .  60 
 106 ,  49 .   2 
 104 ,  46 .  84 
 103 ,  48 .   0 
 104 ,  47 .  13 
 106 ,  48 .  44 
 102 ,  48 .  58 
 104 ,  49 .  60 
 104 ,  48 .  73 
 104 ,  49 .   2 
 104 ,  48 .  44 
 102 ,  49 .  60 
 106 ,  48 .  15 
 106 ,  49 .  16 
 104 ,  48 .  58 
 104 ,  48 .   0 
 103 ,  48 .  58 
 103 ,  50 .  90 
 102 ,  48 .  58 
 104 ,  49 .   2 
 104 ,  48 .  58 
 104 ,  48 .  73 
 104 ,  48 .  73 
 105 ,  49 .  60 
 114 ,  48 .  44 
 105 ,  48 .  44 
 107 ,  49 .   2 
 106 ,  48 .  87 
 104 ,  49 .  16 
 107 ,  48 .  29 
 103 ,  49 .  16 
 103 ,  48 .  58 
 103 ,  48 .  29 
 105 ,  48 .  58 
 105 ,  48 .  15 
 109 ,  48 .   0 
 106 ,  48 .  58 
 104 ,  48 .   0 
 101 ,  48 .  58 
 104 ,  49 .  60 
 103 ,  48 .  29 
 105 ,  48 .  58 
 105 ,  48 .  87 
 106 ,  49 .   2 
 104 ,  49 .  74 
 104 ,  49 .  45 
 106 ,  50 .  32 
 104 ,  49 .   2 
 104 ,  48 .  44 
 104 ,  49 .  45 
 104 ,  46 .  26 
 104 ,  48 .  58 
 104 ,  49 .   2 
 104 ,  48 .   0 
 102 ,  48 .  44 
 103 ,  48 .   0 
 104 ,  48 .  29 
 102 ,  47 .  42 
 104 ,  48 .   0 
 104 ,  48 .  15 
 101 ,  48 .  44 
 105 ,  47 .  42 
 103 ,  47 .  42 
 105 ,  48 .  44 
 107 ,  48 .  58 
 104 ,  48 .  58 
 104 ,  48 .  73 
 106 ,  47 .  86 
 102 ,  49 .  16 
 100 ,  48 .  58 
 101 ,  48 .  29 
 104 ,  47 .  42 
 104 ,  48 .  58 
 104 ,  49 .  31 
 106 ,  48 .   0 
 102 ,  47 .  86 
 103 ,  47 .  42 
 103 ,  48 .  44 
 103 ,  48 .  87 
 106 ,  48 .  58 
 106 ,  48 .  44 
 108 ,  49 .  16 
 104 ,  49 .   2 
 106 ,  46 .  84 
  99 ,  48 .  29 
 104 ,  48 .  58 
 102 ,  48 .  73 
 106 ,  47 .  86 
 103 ,  47 .  42 
 104 ,  48 .  58 
 103 ,  48 .  15 
 103 ,  48 .  29 
 102 ,  48 .  15 
 105 ,  48 .  58 
 102 ,  49 .  31 
 104 ,  48 .   0 
 103 ,  49 .   2 
 105 ,  48 .  44 
 100 ,  48 .  58 
 103 ,  48 .  58 
 105 ,  48 .   0 
 106 ,  49 .   2 
 104 ,  48 .  44 
 107 ,  49 .   2 
 107 ,  48 .  87 
 109 ,  48 .  44 
 104 ,  49 .   2 
 104 ,  49 .  16 
 104 ,  49 .  89 
 101 ,  48 .  58 
 101 ,  48 .   0 
 103 ,  48 .  87 
 104 ,  49 .  45 
 104 ,  49 .  31 
 102 ,  48 .   0 
 101 ,  48 .   0 
 101 ,  47 .  42 
 102 ,  48 .  15 
 102 ,  47 .  42 
 105 ,  48 .  58 
 101 ,  48 .  15 
 104 ,  48 .  44 
 102 ,  48 .  44 
 103 ,  49 .  16 
 100 ,  48 .  15 
 103 ,  48 .  58 
 104 ,  48 .  58 
 105 ,  49 .   2 
 102 ,  48 .   0 
 100 ,  49 .   2 
 101 ,  48 .  58 
 104 ,  47 .  86 
 106 ,  49 .  74 
 104 ,  49 .  74 
 110 ,  48 .  58 
 104 ,  49 .  16 
 100 ,  49 .   2 
 104 ,  48 .  73 
 106 ,  48 .  44 
 106 ,  48 .  73 
 107 ,  48 .   0 
 108 ,  48 .  58 
 105 ,  47 .  42 
 102 ,  48 .  58 
 104 ,  49 .   2 
 105 ,  47 .  86 
 106 ,  48 .  73 
 104 ,  48 .   0 
 103 ,  48 .  44 
 103 ,  48 .  87 
 102 ,  47 .  42 
 105 ,  48 .  29 
 104 ,  47 .  13 
 103 ,  47 .  42 
 104 ,  48 .  44 
 102 ,  47 .  42 
 103 ,  48 .  58 
 104 ,  49 .  16 
 104 ,  49 .  45 
 104 ,  49 .   2 
 104 ,  48 .  58 
 102 ,  49 .   2 
 102 ,  49 .   2 
 104 ,  48 .  44 
 104 ,  49 .   2 
 101 ,  48 .  44 
 104 ,  48 .   0 
 103 ,  48 .  58 
 104 ,  48 .  58 
 100 ,  48 .  87 
 104 ,  49 .  31 
 104 ,  48 .  73 
 100 ,  48 .   0 
 105 ,  48 .  58 
 103 ,  48 .   0 
 105 ,  48 .  58 
 104 ,  48 .  15 
 106 ,  49 .   2 
 104 ,  49 .   2 
 106 ,  49 .  16 
 106 ,  49 .  60 
 106 ,  49 .  31 
 106 ,  49 .  16 
 105 ,  49 .   2 
 104 ,  48 .   0 
 103 ,  47 .  42 
 103 ,  48 .  58 
 101 ,  49 .  74 
 103 ,  46 .  84 
 105 ,  49 .  31 
 104 ,  48 .  58 
 105 ,  47 .  86 
 103 ,  46 .  84 
 102 ,  48 .  44 
 102 ,  49 .  60 
 100 ,  49 .   2 
 104 ,  48 .   0 
  99 ,  47 .  86 
 104 ,  49 .   2 
 106 ,  49 .  60 
 106 ,  49 .  16 
 107 ,  48 .  44 
 104 ,  48 .  44 
 104 ,  48 .  87 
 104 ,  48 .   0 
 103 ,  48 .  44 
 104 ,  49 .   2 
 102 ,  48 .   0 
 104 ,  47 .  86 
 107 ,  49 .   2 
 102 ,  48 .  15 
 104 ,  48 .  58 
 106 ,  47 .  42 
 104 ,  48 .   0 
 103 ,  49 .   2 
 105 ,  49 .  60 
 101 ,  48 .   0 
 102 ,  49 .  31 
 105 ,  48 .  15 
 105 ,  50 .  90 
 106 ,  48 .   0 
 104 ,  48 .   0 
 103 ,  48 .  15 
 103 ,  48 .   0 
 103 ,  47 .  42 
 102 ,  48 .  29 
 101 ,  47 .  42 
 101 ,  48 .   0 
 104 ,  47 .  28 
 103 ,  48 .  29 
 101 ,  48 .  44 
 105 ,  47 .  28 
 104 ,  48 .  44 
 104 ,  48 .   0 
 102 ,  49 .  74 
 106 ,  49 .  60 
 104 ,  47 .  42 
 104 ,  47 .  86 
 101 ,  47 .  42 
 100 ,  48 .  29 
 101 ,  48 .  44 
 103 ,  48 .  44 
  97 ,  48 .   0 
 104 ,  46 .  26 
 102 ,  47 .  86 
 103 ,  48 .  15 
 103 ,  47 .  13 
 104 ,  47 .  42 
 103 ,  48 .   0 
 106 ,  49 .  60 
 104 ,  49 .  60 
 104 ,  48 .  58 
 104 ,  49 .   2 
 104 ,  48 .   0 
 105 ,  48 .  58 
 103 ,  49 .  16 
 102 ,  48 .  44 
 100 ,  48 .  29 
 102 ,  48 .  58 
 101 ,  48 .  44 
 105 ,  48 .  29 
 105 ,  48 .  44 
 102 ,  48 .  58 
 104 ,  49 .  60 
 104 ,  50 .  32 
 106 ,  48 .  44 
 100 ,  48 .  58 
 104 ,  48 .   0 
 101 ,  48 .   0 
 104 ,  48 .  15 
 102 ,  48 .  58 
 103 ,  48 .  58 
 106 ,  48 .  58 
 104 ,  48 .   0 
 103 ,  48 .  29 
 100 ,  48 .  29 
 103 ,  48 .  58 
 103 ,  47 .  42 
 103 ,  48 .  29 
 105 ,  47 .  71 
 105 ,  46 .  84 
 104 ,  48 .   0 
 110 ,  49 .   2 
 106 ,  47 .  28 
 106 ,  48 .  29 
 104 ,  48 .  15 
 106 ,  49 .  16 
 104 ,  48 .  15 
 104 ,  49 .  16 
 104 ,  48 .  58 
 104 ,  48 .  44 
 102 ,  48 .  73 
 105 ,  46 .  84 
 100 ,  48 .   0 
 104 ,  48 .  15 
 104 ,  48 .  44 
 103 ,  46 .  99 
 103 ,  48 .  58 
 104 ,  49 .   2 
 104 ,  49 .  60 
 104 ,  47 .  28 
 104 ,  47 .  42 
 104 ,  49 .  31 
 104 ,  49 .   2 
 104 ,  48 .  44 
 104 ,  48 .  58 
 103 ,  48 .  58 
 105 ,  48 .  29 
 101 ,  47 .  42 
 104 ,  47 .  86 
 106 ,  47 .  86 
 102 ,  48 .   0 
 103 ,  47 .  28 
 103 ,  47 .  86 
 106 ,  48 .  87 
 106 ,  47 .  86 
 103 ,  48 .  44 
 102 ,  48 .  44 
 101 ,  49 .  74 
 104 ,  48 .   0 
 104 ,  48 .  29 
 105 ,  48 .  58 
 106 ,  49 .  16 
 104 ,  49 .   2 
 106 ,  48 .  15 
 106 ,  48 .  58 
 105 ,  49 .   2 
 102 ,  48 .  44 
 106 ,  49 .  16 
 104 ,  48 .   0 
 103 ,  47 .  42 
 103 ,  48 .  58 
 102 ,  47 .  42 
 102 ,  48 .  58 
 103 ,  48 .  44 
 104 ,  49 .  31 
 104 ,  48 .  58 
 104 ,  48 .  44 
 102 ,  49 .  16 
 103 ,  48 .   0 
 100 ,  47 .  42 
 101 ,  48 .  29 
 105 ,  48 .   0 
 106 ,  48 .  29 
 107 ,  47 .  13 
 107 ,  48 .  15 
 104 ,  47 .  86 
 102 ,  48 .   0 
 103 ,  48 .   0 
 101 ,  48 .   0 
 105 ,  49 .  60 
 104 ,  47 .  86 
 104 ,  47 .  42 
 106 ,  47 .  86 
 105 ,  47 .  42 
 103 ,  47 .  86 
 106 ,  48 .  58 
 102 ,  48 .   0 
 105 ,  47 .  42 
 101 ,  48 .  29 
 103 ,  48 .   0 
 100 ,  48 .  58 
 102 ,  49 .  16 
 106 ,  49 .  16 
 105 ,  46 .  26 
 105 ,  47 .  86 
 106 ,  48 .  73 
 104 ,  50 .  32 
 106 ,  47 .  42 
 102 ,  48 .   0 
 103 ,  49 .  16 
 103 ,  48 .  73 
 101 ,  48 .  44 
 103 ,  48 .  73 
 103 ,  48 .  58 
 101 ,  48 .  29 
 102 ,  48 .  29 
 107 ,  48 .  15 
  98 ,  47 .  71 
 104 ,  47 .  42 
 104 ,  49 .  16 
 102 ,  49 .   2 
 100 ,  47 .  86 
 104 ,  48 .  58 
 104 ,  48 .   0 
 104 ,  48 .  15 
 104 ,  48 .  44 
 106 ,  48 .  58 
 106 ,  49 .   2 
 104 ,  48 .  44 
 104 ,  47 .  86 
 105 ,  48 .  44 
 103 ,  48 .   0 
 100 ,  48 .  58 
 104 ,  49 .   2 
 102 ,  48 .   0 
 106 ,  49 .   2 
 106 ,  48 .  44 
 104 ,  48 .  73 
 102 ,  48 .  73 
 104 ,  49 .  16 
 100 ,  48 .  73 
 105 ,  48 .  73 
 105 ,  49 .   2 
 104 ,  48 .  44 
 104 ,  48 .  73 
 104 ,  49 .   2 
 100 ,  49 .  16 
 104 ,  49 .   2 
 104 ,  48 .   0 
  97 ,  48 .   0 
 104 ,  48 .  44 
 106 ,  48 .  44 
 106 ,  49 .  16 
 106 ,  47 .  28 
 104 ,  48 .   0 
 101 ,  46 .  99 
 104 ,  49 .   2 
 103 ,  48 .  15 
 105 ,  48 .  29 
 101 ,  48 .  58 
 104 ,  48 .  29 
 103 ,  48 .  15 
 103 ,  48 .  44 
 101 ,  48 .  15 
 105 ,  49 .  60 
 105 ,  48 .  29 
 103 ,  47 .  42 
 102 ,  48 .  58 
 104 ,  48 .  44 
 104 ,  49 .   2 
 106 ,  49 .  16 
 106 ,  48 .  44 
 106 ,  49 .  60 
 104 ,  49 .   2 
 104 ,  48 .  44 
 106 ,  49 .  45 
 104 ,  48 .  87 
 104 ,  48 .  44 
 100 ,  48 .   0 
 101 ,  48 .   0 
 104 ,  47 .  71 
 100 ,  47 .  42 
 100 ,  48 .  58 
 103 ,  48 .  44 
 103 ,  47 .  42 
 103 ,  48 .  44 
 104 ,  48 .  44 
 102 ,  47 .  86 
 106 ,  48 .  44 
 104 ,  49 .   2 
 102 ,  49 .   2 
 104 ,  48 .  73 
 104 ,  48 .   0 
 105 ,  48 .  44 
 101 ,  48 .   0 
 102 ,  47 .  42 
 104 ,  48 .  58 
 103 ,  48 .   0 
 106 ,  48 .  44 
 106 ,  49 .   2 
 104 ,  48 .  58 
 106 ,  48 .  73 
 104 ,  48 .  73 
 104 ,  48 .   0 
 103 ,  47 .  86 
 105 ,  48 .  29 
 106 ,  47 .  42 
 101 ,  47 .  42 
 105 ,  49 .  31 
 106 ,  49 .  74 
 106 ,  50 .  47 
 104 ,  49 .   2 
 104 ,  50 .  90 
 100 ,  49 .  16 
 104 ,  48 .  73 
 104 ,  45 .  54 
 104 ,  48 .   0 
 101 ,  49 .  60 
 100 ,  48 .  44 
 103 ,  48 .   0 
 103 ,  48 .  29 
 100 ,  47 .  42 
 102 ,  47 .  42 
 103 ,  48 .   0 
 104 ,  48 .   0 
 104 ,  48 .  58 
 102 ,  48 .  44 
 104 ,  49 .   2 
 106 ,  47 .  57 
 104 ,  49 .   2 
 104 ,  48 .  73 
 102 ,  48 .  44 
 104 ,  47 .  28 
 106 ,  48 .  73 
 106 ,  46 .  84 
 104 ,  46 .  26 
 105 ,  48 .   0 
 101 ,  47 .  42 
 105 ,  47 .  71 
 102 ,  47 .  42 
 102 ,  48 .  29 
 103 ,  48 .   0 
 105 ,  48 .  29 
 105 ,  46 .  70 
 103 ,  47 .  42 
 107 ,  47 .  86 
 102 ,  48 .   0 
 103 ,  47 .  86 
 104 ,  47 .  86 
 105 ,  48 .  73 
 104 ,  47 .  42 
 104 ,  48 .  44 
 104 ,  48 .  58 
 102 ,  47 .  28 
 105 ,  46 .  84 
 102 ,  48 .  29 
 104 ,  47 .  13 
 105 ,  48 .  87 
 104 ,  49 .   2 
 106 ,  49 .  16 
 106 ,  48 .  58 
 106 ,  48 .  44 
 104 ,  48 .   0 
 101 ,  48 .   0 
 106 ,  47 .  42 
 105 ,  47 .  42 
 104 ,  47 .  86 
 104 ,  47 .  28 
 104 ,  45 .  97 
 104 ,  48 .  73 
 102 ,  47 .  42 
 102 ,  48 .  73 
 105 ,  46 .  12 
 106 ,  48 .   0 
 103 ,  47 .  42 
 101 ,  48 .  58 
 105 ,  48 .  29 
 103 ,  48 .   0 
 103 ,  48 .  15 
 103 ,  48 .  87 
 104 ,  48 .  58 
 106 ,  48 .  73 
 106 ,  49 .   2 
 106 ,  48 .  44 
 104 ,  48 .  44 
 104 ,  48 .  44 
 104 ,  47 .  57 
 104 ,  50 .  18 
 106 ,  46 .  84 
 101 ,  48 .  44 
 101 ,  47 .  28 
 101 ,  48 .  58 
 104 ,  47 .  13 
 101 ,  48 .  44 
 102 ,  47 .  42 
 103 ,  48 .  58 
 104 ,  47 .  57 
 104 ,  47 .  86 
 102 ,  48 .   0 
  99 ,  48 .  44 
 104 ,  47 .  28 
 104 ,  49 .  16 
  99 ,  48 .   0 
 106 ,  48 .  58 
 104 ,  48 .   0 
 107 ,  48 .  15 
 103 ,  48 .  58 
  97 ,  48 .  58 
 100 ,  46 .  84 
  97 ,  48 .  58 
 101 ,  46 .  84 
 101 ,  47 .  28 
 101 ,  48 .  58 
 101 ,  48 .  58 
 100 ,  52 .  50 
 105 ,  48 .  87 
 104 ,  47 .  28 
 100 ,  49 .   2 
 104 ,  49 .   2 
 104 ,  48 .   0 
 100 ,  48 .  44 
  99 ,  48 .  29 
 102 ,  48 .  58 
 102 ,  48 .  73 
 102 ,  47 .  86 
 100 ,  47 .  42 
 100 ,  48 .  29 
 102 ,  48 .   0 
  99 ,  47 .  71 
  97 ,  48 .  15 
 102 ,  48 .  15 
 102 ,  48 .  58 
 102 ,  47 .  42 
 102 ,  47 .  86 
 100 ,  49 .  74 
  99 ,  47 .  13 
 101 ,  47 .  42 
 101 ,  48 .  73 
 101 ,  47 .  42 
 101 ,  47 .  42 
 100 ,  47 .  86 
 101 ,  48 .   0 
 102 ,  48 .  29 
 104 ,  48 .  58 
 104 ,  48 .  73 
 102 ,  48 .   0 
 101 ,  47 .  86 
 101 ,  48 .  87 
 104 ,  48 .  44 
 104 ,  50 .  18 
 102 ,  48 .  58 
 100 ,  48 .   0 
 100 ,  47 .  28 
 101 ,  48 .  87 
 101 ,  49 .  74 
 104 ,  48 .   0 
 101 ,  48 .  29 
 100 ,  47 .  86 
 102 ,  48 .  58 
  99 ,  48 .  87 
 102 ,  49 .  16 
 102 ,  47 .  42 
  99 ,  48 .  73 
 101 ,  49 .  60 
 101 ,  46 .  26 
  97 ,  47 .  42 
 100 ,  47 .  28 
 100 ,  46 .  84 
 100 ,  48 .  29 
 100 ,  47 .  42 
 100 ,  47 .  42 
 100 ,  48 .  29 
 100 ,  47 .  86 
 102 ,  48 .  44 
 106 ,  48 .  58 
 106 ,  48 .   0 
 103 ,  47 .  28 
 101 ,  48 .  44 
 101 ,  47 .  42 
 101 ,  48 .   0 
 104 ,  47 .  42 
  99 ,  47 .  42 
 104 ,  48 .   0 
 101 ,  48 .  87 
 104 ,  48 .  58 
 101 ,  48 .   0 
 104 ,  48 .  58 
 100 ,  48 .  73 
 102 ,  48 .   0 
 101 ,  48 .  58 
 101 ,  48 .  29 
 104 ,  48 .   0 
 100 ,  47 .  42 
 101 ,  49 .  16 
 100 ,  48 .  58 
 106 ,  48 .  58 
 104 ,  48 .  73 
  99 ,  47 .  42 
  97 ,  48 .  15 
 101 ,  48 .  58 
 100 ,  49 .  16 
 104 ,  49 .  16 
 103 ,  47 .  28 
 102 ,  46 .  70 
 103 ,  46 .  12 
 100 ,  47 .  28 
  97 ,  46 .  84 
 101 ,  49 .  16 
  97 ,  48 .  58 
 104 ,  47 .  42 
 102 ,  51 .  48 
 103 ,  48 .  73 
 101 ,  47 .  42 
 103 ,  47 .  86 
 102 ,  48 .  58 
 106 ,  49 .  16 
 106 ,  48 .  58 
 102 ,  48 .  44 
 104 ,  46 .  84 
 100 ,  47 .  86 
 103 ,  48 .   0 
 106 ,  48 .  15 
 110 ,  49 .  16 
 106 ,  49 .  45 
 106 ,  49 .  60 
 104 ,  48 .  58 
 104 ,  47 .  57 
 104 ,  48 .   0 
 101 ,  47 .  28 
 101 ,  48 .  44 
 101 ,  48 .   0 
 104 ,  48 .  58 
 101 ,  47 .  28 
 104 ,  47 .  42 
 102 ,  47 .  86 
 102 ,  48 .   0 
  99 ,  47 .  42 
 110 ,  47 .  86 
 103 ,  46 .  26 
 101 ,  48 .   0 
 101 ,  48 .   0 
 105 ,  48 .  58 
 106 ,  47 .  42 
 102 ,  49 .  45 
 104 ,  49 .  16 
 104 ,  48 .  58 
 104 ,  48 .   0 
 100 ,  49 .  60 
 101 ,  50 .  32 
 101 ,  47 .  42 
 101 ,  48 .   0 
 102 ,  48 .  58 
 101 ,  48 .  15 
 103 ,  47 .  28 
 100 ,  48 .  29 
 102 ,  47 .  42 
 103 ,  47 .  86 
  98 ,  47 .  42 
  99 ,  47 .  71 
 101 ,  48 .   0 
  97 ,  48 .  15 
 102 ,  50 .  18 
 104 ,  49 .  16 
 102 ,  49 .   2 
 104 ,  47 .  86 
 101 ,  47 .  42 
 100 ,  48 .  15 
 103 ,  48 .   0 
 103 ,  48 .  58 
 104 ,  47 .  86 
 101 ,  46 .  84 
 101 ,  49 .  16 
 102 ,  48 .  87 
 103 ,  47 .  28 
 105 ,  46 .  84 
 106 ,  49 .  74 
 104 ,  49 .   2 
 104 ,  49 .  16 
 106 ,  49 .  60 
 104 ,  50 .  18 
 106 ,  48 .   0 
 104 ,  47 .  86 
 102 ,  48 .   0 
 102 ,  49 .   2 
 101 ,  48 .   0 
 104 ,  47 .  28 
 104 ,  48 .  58 
 104 ,  49 .   2 
 102 ,  48 .   0 
 101 ,  47 .  42 
 101 ,  48 .  58 
 101 ,  48 .   0 
 104 ,  48 .   0 
  99 ,  47 .  86 
 100 ,  48 .  44 
 106 ,  48 .  58 
 104 ,  49 .   2 
 104 ,  49 .  16 
 102 ,  47 .  86 
 101 ,  47 .  42 
 100 ,  48 .  58 
 101 ,  47 .  28 
 102 ,  46 .  70 
 103 ,  48 .  44 
 100 ,  48 .  29 
 103 ,  49 .   2 
 102 ,  47 .  42 
 101 ,  48 .  44 
 102 ,  48 .  15 
 105 ,  48 .   0 
 104 ,  49 .  31 
 100 ,  48 .  44 
 102 ,  48 .   0 
 100 ,  46 .  84 
 103 ,  47 .  42 
 102 ,  47 .  42 
 102 ,  47 .  71 
 100 ,  47 .  42 
 104 ,  47 .  28 
  98 ,  48 .  29 
 107 ,  49 .  16 
 104 ,  48 .   0 
 101 ,  47 .  86 
 103 ,  48 .  58 
 106 ,  48 .  58 
 102 ,  48 .  73 
 102 ,  48 .   0 
 101 ,  49 .  45 
 103 ,  48 .  44 
 101 ,  47 .  86 
  99 ,  47 .  42 
 103 ,  48 .  58 
 101 ,  48 .  58 
 101 ,  48 .  58 
 102 ,  50 .  47 
 104 ,  49 .   2 
  98 ,  48 .  58 
 103 ,  47 .  42 
 103 ,  48 .   0 
 104 ,  50 .  76 
 102 ,  47 .  86 
 100 ,  47 .  13 
 103 ,  47 .  42 
 104 ,  48 .  15 
 102 ,  48 .  58 
 102 ,  48 .  44 
 104 ,  47 .  28 
 106 ,  49 .   2 
 106 ,  48 .  58 
 104 ,  48 .  44 
 102 ,  48 .  44 
 102 ,  47 .  57 
 102 ,  48 .   0 
 103 ,  48 .  58 
 104 ,  47 .  13 
 101 ,  48 .  15 
 100 ,  48 .  58 
 104 ,  47 .  71 
 102 ,  48 .  58 
 100 ,  48 .  73 
 104 ,  48 .  73 
 103 ,  47 .  86 
  98 ,  47 .  86 
  98 ,  47 .  28 
 102 ,  48 .   0 
 100 ,  48 .  29 
 100 ,  48 .  29 
  97 ,  48 .  87 
 105 ,  49 .   2 
 103 ,  47 .  42 
 106 ,  48 .   0 
 100 ,  48 .  87 
 100 ,  48 .   0 
 103 ,  47 .  13 
 104 ,  48 .   0 
 104 ,  48 .  44 
 104 ,  47 .  28 
 104 ,  49 .   2 
 102 ,  49 .   2 
 103 ,  48 .   0 
 103 ,  48 .  44 
 100 ,  46 .  99 
 102 ,  46 .  70 
 102 ,  47 .  42 
 105 ,  48 .  58 
 103 ,  47 .  42 
 102 ,  48 .  15 
 101 ,  48 .   0 
 104 ,  48 .  44 
 102 ,  49 .   2 
 104 ,  48 .  44 
 104 ,  48 .  58 
 102 ,  48 .  58 
 100 ,  48 .   0 
 101 ,  48 .   0 
 101 ,  49 .  16 
 105 ,  46 .  70 
 101 ,  47 .  42 
 101 ,  47 .  86 
 102 ,  49 .   2 
 104 ,  48 .   0 
 100 ,  48 .  58 
 100 ,  48 .  58 
 103 ,  48 .  44 
 101 ,  47 .  57 
 100 ,  48 .   0 
 104 ,  49 .  16 
 106 ,  49 .  74 
 106 ,  48 .  44 
 104 ,  48 .  44 
 102 ,  48 .  58 
 101 ,  47 .  42 
 102 ,  48 .  58 
 103 ,  46 .  84 
 103 ,  47 .  42 
 101 ,  46 .  55 
 100 ,  47 .  42 
 102 ,  47 .  42 
 104 ,  48 .  29 
 101 ,  46 .  84 
 103 ,  48 .  44 
 102 ,  48 .  15 
 101 ,  47 .  42 
 101 ,  48 .  44 
 101 ,  48 .  29 
 105 ,  48 .  44 
 101 ,  47 .  42 
 103 ,  48 .  44 
 103 ,  48 .   0 
  98 ,  49 .   2 
 100 ,  48 .  29 
 103 ,  48 .   0 
 104 ,  49 .  16 
 101 ,  48 .  58 
 104 ,  47 .  42 
 102 ,  48 .   0 
 104 ,  48 .  44 
 104 ,  48 .   0 
  99 ,  47 .  28 
 104 ,  49 .  16 
 104 ,  48 .  58 
 104 ,  48 .   0 
 105 ,  48 .  29 
 100 ,  48 .   0 
 102 ,  48 .  58 
 103 ,  48 .  44 
 101 ,  47 .  42 
 103 ,  47 .  28 
 105 ,  48 .   0 
 100 ,  48 .  15 
 104 ,  47 .  28 
 106 ,  48 .  44 
 106 ,  48 .  15 
 104 ,  48 .  44 
 104 ,  48 .  15 
 106 ,  48 .  15 
 104 ,  49 .  16 
 104 ,  47 .  86 
 101 ,  47 .  42 
 101 ,  48 .   0 
 109 ,  48 .  44 
 105 ,  47 .  13 
 103 ,  47 .  42 
 103 ,  49 .  16 
 105 ,  48 .  29 
 103 ,  47 .  28 
 101 ,  49 .  60 
 100 ,  47 .  42 
 101 ,  48 .  15 
 103 ,  46 .  26 
 105 ,  46 .  26 
 105 ,  48 .  58 
 104 ,  49 .   2 
 104 ,  48 .  44 
 102 ,  48 .   0 
 104 ,  47 .  86 
 104 ,  48 .  58 
 104 ,  48 .  15 
 105 ,  47 .  86 
 100 ,  47 .  86 
 105 ,  48 .   0 
 101 ,  48 .  15 
 103 ,  47 .  86 
 104 ,  48 .  44 
 100 ,  47 .  86 
  99 ,  48 .   0 
 103 ,  48 .   0 
 104 ,  47 .  86 
 106 ,  48 .  58 
 104 ,  47 .  42 
 104 ,  48 .  73 
 104 ,  48 .  73 
 104 ,  50 .  18 
 102 ,  48 .  44 
 104 ,  48 .  44 
 102 ,  48 .  44 
 104 ,  49 .  16 
 104 ,  48 .   0 
 105 ,  46 .  84 
 104 ,  48 .   0 
 103 ,  48 .  44 
 104 ,  48 .  29 
 105 ,  47 .  42 
 104 ,  49 .   2 
 101 ,  48 .  44 
 103 ,  48 .  44 
 104 ,  47 .  42 
 105 ,  49 .   2 
 103 ,  47 .  71 
 104 ,  48 .  58 
 104 ,  48 .  58 
 104 ,  48 .  44 
 104 ,  48 .  44 
 104 ,  48 .  73 
  98 ,  49 .  16 
 101 ,  47 .  42 
 105 ,  48 .   0 
 104 ,  48 .  15 
 106 ,  48 .  58 
 104 ,  48 .  44 
 101 ,  48 .  44 
 104 ,  48 .  73 
 106 ,  48 .  73 
 107 ,  49 .   2 
 104 ,  48 .  73 
 106 ,  49 .  16 
 107 ,  46 .  84 
 103 ,  48 .  44 
 103 ,  48 .  87 
 103 ,  48 .  29 
 105 ,  47 .  86 
 106 ,  49 .  16 
 106 ,  50 .  47 
 106 ,  47 .  86 
 101 ,  47 .  42 
 103 ,  48 .   0 
 103 ,  49 .  16 
 101 ,  47 .  42 
 103 ,  48 .   0 
 100 ,  48 .  58 
 104 ,  48 .  44 
 104 ,  49 .   2 
 104 ,  49 .  60 
 104 ,  48 .  58 
 100 ,  49 .   2 
 102 ,  48 .  73 
 100 ,  47 .  28 
 102 ,  46 .  84 
 103 ,  48 .  44 
 103 ,  48 .  87 
 101 ,  48 .   0 
 104 ,  48 .  58 
 106 ,  48 .  44 
 104 ,  49 .  60 
 106 ,  49 .  74 
 104 ,  49 .  60 
 106 ,  48 .  58 
 104 ,  50 .  32 
 104 ,  48 .  73 
 102 ,  48 .  44 
 104 ,  48 .   0 
 101 ,  49 .   2 
 103 ,  49 .  16 
 103 ,  49 .  16 
 107 ,  48 .  29 
 101 ,  47 .  42 
 101 ,  47 .  86 
 107 ,  48 .  44 
 107 ,  48 .  44 
 101 ,  49 .  31 
 104 ,  48 .  15 
 107 ,  49 .  60 
 106 ,  49 .  31 
 103 ,  49 .  16 
 104 ,  49 .   2 
 102 ,  48 .  44 
 102 ,  49 .   2 
 104 ,  48 .   0 
 101 ,  48 .   0 
 101 ,  47 .  42 
 103 ,  47 .  42 
 102 ,  48 .  58 
 101 ,  48 .  87 
 104 ,  48 .  58 
 106 ,  48 .  73 
 104 ,  47 .  86 
 101 ,  48 .  15 
 106 ,  47 .  42 
 103 ,  48 .   0 
 104 ,  50 .  18 
 103 ,  49 .   2 
 107 ,  47 .  86 
 104 ,  47 .  42 
 104 ,  47 .  86 
 105 ,  48 .  29 
 101 ,  47 .  42 
 105 ,  48 .  29 
 101 ,  47 .  13 
 103 ,  48 .   0 
 104 ,  48 .  58 
 104 ,  49 .   2 
 104 ,  47 .  86 
 105 ,  48 .   0 
 105 ,  48 .  44 
 104 ,  47 .  86 
 106 ,  49 .  16 
 106 ,  48 .   0 
 101 ,  48 .  58 
 101 ,  48 .  29 
 101 ,  47 .  42 
 101 ,  48 .  58 
 103 ,  48 .   0 
 106 ,  49 .   2 
 104 ,  49 .  16 
 104 ,  49 .   2 
 104 ,  48 .  58 
 100 ,  49 .   2 
 102 ,  48 .   0 
 103 ,  47 .  42 
 100 ,  47 .  42 
 101 ,  48 .  58 
 104 ,  47 .  13 
 101 ,  48 .  29 
 103 ,  48 .   0 
 104 ,  50 .  47 
 104 ,  49 .   2 
  98 ,  46 .  99 
  97 ,  48 .   0 
 102 ,  46 .  26 
 102 ,  48 .   0 
 105 ,  49 .  16 
 103 ,  47 .  86 
 104 ,  48 .   0 
 101 ,  48 .   0 
 104 ,  48 .  15 
  99 ,  47 .  28 
 102 ,  48 .  44 
 102 ,  48 .  73 
 104 ,  47 .  42 
 104 ,  46 .  84 
 101 ,  48 .  44 
 100 ,  48 .  44 
 100 ,  47 .  42 
 100 ,  48 .  15 
 101 ,  48 .   0 
 102 ,  48 .  29 
 103 ,  47 .  42 
 101 ,  48 .   0 
 101 ,  47 .  86 
 104 ,  48 .  44 
 102 ,  47 .  86 
 101 ,  47 .  42 
 102 ,  48 .  29 
 101 ,  47 .  13 
 103 ,  48 .  15 
 103 ,  48 .  58 
  99 ,  49 .   2 
 101 ,  48 .   0 
 100 ,  47 .  42 
 102 ,  48 .  44 
 104 ,  47 .  42 
 103 ,  48 .   0 
 106 ,  48 .  29 
 104 ,  48 .  15 
 106 ,  49 .   2 
 106 ,  47 .  42 
 102 ,  49 .  31 
 104 ,  48 .   0 
 101 ,  48 .  44 
 101 ,  48 .  73 
 101 ,  48 .  44 
 103 ,  49 .  16 
  97 ,  48 .  58 
 101 ,  47 .  42 
  99 ,  48 .  73 
 102 ,  48 .  58 
 106 ,  48 .  29 
 102 ,  48 .  58 
  92 ,  48 .  44 
 101 ,  48 .  15 
 101 ,  48 .  15 
  99 ,  48 .  58 
  97 ,  48 .  58 
 100 ,  48 .  58 
 101 ,  49 .  31 
 100 ,  48 .  58 
 104 ,  48 .  44 
 106 ,  49 .  74 
 104 ,  49 .  31 
 104 ,  48 .   0 
 101 ,  47 .  42 
 104 ,  49 .   2 
 103 ,  48 .  58 
 100 ,  47 .  42 
 101 ,  49 .  16 
 101 ,  47 .  42 
 103 ,  48 .   0 
 104 ,  48 .   0 
 102 ,  49 .  31 
 102 ,  49 .   2 
 104 ,  49 .  60 
 104 ,  49 .  60 
 104 ,  48 .  44 
 103 ,  49 .   2 
 104 ,  48 .  73 
  99 ,  48 .  73 
 101 ,  48 .  58 
 102 ,  49 .   2 
 102 ,  48 .  44 
  98 ,  48 .  58 
 103 ,  48 .  44 
 101 ,  48 .  44 
  99 ,  48 .  58 
 101 ,  47 .  42 
 100 ,  49 .  60 
 102 ,  47 .  86 
 104 ,  49 .  60 
 104 ,  49 .  16 
 102 ,  48 .  44 
 104 ,  48 .  15 
 104 ,  48 .  15 
 104 ,  48 .   0 
 102 ,  49 .  74 
 102 ,  49 .   2 
 103 ,  48 .   0 
 100 ,  47 .  86 
 105 ,  48 .  15 
 103 ,  46 .  70 
 100 ,  48 .  58 
 102 ,  49 .   2 
 102 ,  48 .  44 
 102 ,  47 .  86 
 101 ,  47 .  86 
 103 ,  48 .  15 
 104 ,  47 .  42 
 103 ,  48 .   0 
 102 ,  48 .  44 
 104 ,  49 .  31 
 102 ,  47 .  42 
 101 ,  49 .   2 
 104 ,  47 .  86 
 102 ,  47 .  42 
 100 ,  47 .  42 
 100 ,  48 .  44 
 101 ,  48 .   0 
 101 ,  48 .   0 
 104 ,  49 .   2 
 104 ,  48 .  44 
 102 ,  48 .  58 
  98 ,  48 .  58 
 102 ,  49 .   2 
 103 ,  49 .   2 
 102 ,  48 .  15 
 104 ,  49 .  16 
 104 ,  48 .  58 
 104 ,  48 .  73 
 104 ,  48 .  44 
 102 ,  49 .  16 
 104 ,  48 .  73 
 102 ,  48 .   0 
 104 ,  47 .  42 
  99 ,  47 .  42 
  99 ,  48 .  58 
 100 ,  48 .  58 
 104 ,  48 .  15 
 102 ,  48 .  44 
 104 ,  48 .  73 
 104 ,  48 .  44 
 102 ,  50 .  18 
  99 ,  48 .  15 
 102 ,  47 .  13 
 100 ,  48 .  58 
 102 ,  48 .  15 
 102 ,  48 .  44 
 102 ,  49 .   2 
 104 ,  48 .  58 
 102 ,  48 .   0 
 101 ,  48 .  73 
 101 ,  48 .  58 
 101 ,  48 .   0 
 103 ,  48 .   0 
 104 ,  49 .   2 
 106 ,  48 .  58 
 100 ,  48 .   0 
 103 ,  47 .  71 
 101 ,  47 .  28 
 103 ,  48 .   0 
 102 ,  47 .  42 
 105 ,  47 .  42 
 103 ,  47 .  42 
 102 ,  47 .  42 
  97 ,  48 .  58 
 101 ,  48 .   0 
 100 ,  47 .  42 
 102 ,  48 .  44 
 101 ,  48 .  58 
 104 ,  48 .  15 
 100 ,  47 .  42 
 102 ,  49 .   2 
 104 ,  48 .  58 
 106 ,  50 .  18 
 104 ,  49 .  31 
 102 ,  47 .  86 
 103 ,  48 .   0 
 103 ,  47 .  42 
 105 ,  48 .  15 
 105 ,  48 .  15 
 101 ,  48 .  44 
 105 ,  48 .   0 
 106 ,  48 .  58 
 104 ,  48 .   0 
 101 ,  48 .  73 
 100 ,  48 .  87 
 104 ,  48 .  44 
 101 ,  47 .  42 
 102 ,  47 .  86 
  99 ,  48 .  15 
 100 ,  47 .  71 
 100 ,  48 .  15 
 102 ,  47 .  42 
 101 ,  49 .   2 
 100 ,  46 .  99 
 102 ,  48 .  44 
 102 ,  47 .  42 
 103 ,  46 .  99 
 104 ,  48 .  58 
 104 ,  46 .  70 
 100 ,  48 .  44 
 102 ,  48 .  73 
 102 ,  48 .   0 
  98 ,  48 .   0 
 104 ,  48 .   0 
  98 ,  48 .  58 
 100 ,  48 .  73 
 102 ,  48 .   0 
 101 ,  48 .  44 
 101 ,  48 .   0 
 100 ,  48 .  44 
 104 ,  48 .  44 
 101 ,  47 .  42 
 102 ,  47 .  42 
 103 ,  48 .  15 
 101 ,  48 .  29 
 102 ,  47 .  42 
 101 ,  48 .  58 
 103 ,  47 .  13 
 104 ,  48 .  58 
 104 ,  48 .   0 
 103 ,  48 .  58 
 104 ,  47 .  86 
 104 ,  47 .  42 
 104 ,  48 .  29 
 104 ,  50 .   3 
 103 ,  49 .  16 
 102 ,  47 .  86 
 104 ,  46 .  26 
 102 ,  48 .   0 
 105 ,  48 .  58 
 104 ,  48 .  58 
 104 ,  48 .   0 
 101 ,  48 .  15 
 101 ,  48 .  58 
 101 ,  48 .  15 
 105 ,  48 .  58 
 100 ,  46 .  70 
 100 ,  50 .  32 
 104 ,  47 .  86 
 104 ,  47 .  28 
 102 ,  48 .  73 
 104 ,  47 .  86 
 102 ,  48 .  29 
 102 ,  48 .  44 
 104 ,  48 .  58 
 101 ,  48 .  44 
 101 ,  47 .  42 
 101 ,  48 .  29 
 102 ,  49 .  31 
 102 ,  48 .  73 
 104 ,  46 .  99 
 104 ,  48 .  73 
 104 ,  48 .  44 
 102 ,  48 .  73 
 102 ,  48 .  44 
 100 ,  48 .   0 
 101 ,  48 .  29 
 101 ,  47 .  86 
 101 ,  47 .  42 
 106 ,  47 .  86 
 103 ,  48 .  44 
 102 ,  47 .  86 
 100 ,  48 .  15 
 101 ,  49 .   2 
 101 ,  47 .  42 
 101 ,  48 .  58 
 106 ,  48 .  58 
 102 ,  48 .   0 
 102 ,  48 .  73 
 100 ,  48 .  73 
 102 ,  48 .   0 
 103 ,  47 .  42 
  99 ,  48 .  58 
  99 ,  49 .  16 
 100 ,  49 .  31 
 104 ,  49 .  31 
 104 ,  48 .  44 
 101 ,  48 .  44 
 102 ,  48 .  44 
 102 ,  49 .   2 
 104 ,  49 .  16 
 102 ,  48 .  73 
 100 ,  48 .   0 
 102 ,  48 .  44 
 100 ,  48 .   0 
 103 ,  47 .  28 
 103 ,  47 .  71 
 101 ,  47 .  42 
 100 ,  49 .  74 
 102 ,  48 .  58 
 104 ,  48 .  58 
 102 ,  49 .  74 
 106 ,  49 .  16 
 102 ,  48 .   0 
 102 ,  48 .   0 
 103 ,  48 .   0 
 100 ,  49 .  74 
 103 ,  49 .  45 
 102 ,  48 .  29 
 101 ,  47 .  42 
 100 ,  48 .  58 
 102 ,  48 .  58 
 102 ,  47 .  86 
 100 ,  48 .   0 
 102 ,  48 .  58 
 104 ,  49 .  60 
 102 ,  47 .  13 
 106 ,  48 .  44 
 106 ,  49 .  60 
  98 ,  48 .  44 
  99 ,  48 .  58 
 100 ,  49 .   2 
 101 ,  48 .  29 
 101 ,  48 .   0 
  98 ,  48 .   0 
 105 ,  48 .  44 
 103 ,  48 .   0 
 102 ,  47 .  42 
 102 ,  48 .  58 
 104 ,  48 .  15 
 103 ,  47 .  28 
 103 ,  48 .  58 
 106 ,  47 .  86 
 103 ,  48 .  29 
 103 ,  48 .  15 
 101 ,  47 .  42 
 103 ,  47 .  42 
 100 ,  47 .  86 
 101 ,  48 .  58 
 104 ,  48 .  87 
 102 ,  49 .   2 
 104 ,  48 .  44 
 104 ,  48 .   0 
  96 ,  48 .  87 
 102 ,  48 .   0 
 103 ,  48 .  58 
  98 ,  48 .  58 
 100 ,  48 .   0 
  97 ,  47 .  42 
 100 ,  49 .  16 
 102 ,  48 .   0 
 100 ,  48 .  29 
 100 ,  48 .  15 
 101 ,  47 .  42 
  98 ,  47 .  42 
  98 ,  48 .  58 
 101 ,  48 .  29 
 100 ,  48 .  58 
 104 ,  48 .  58 
  99 ,  49 .   2 
 100 ,  48 .  44 
 103 ,  48 .  58 
 102 ,  49 .   2 
  99 ,  49 .   2 
 101 ,  48 .  58 
 101 ,  47 .  71 
 100 ,  48 .  44 
 104 ,  48 .   0 
 102 ,  48 .   0 
 102 ,  48 .   0 
 100 ,  47 .  42 
 101 ,  48 .  29 
 100 ,  48 .   0 
 101 ,  47 .  28 
 100 ,  47 .  42 
 103 ,  48 .  58 
 100 ,  48 .  44 
 104 ,  49 .  60 
 103 ,  48 .  44 
 102 ,  49 .  16 
 102 ,  50 .   3 
 106 ,  48 .  58 
  98 ,  49 .   2 
 101 ,  47 .  42 
  99 ,  48 .  29 
 102 ,  47 .  42 
  98 ,  48 .  58 
 100 ,  48 .   0 
 100 ,  44 .  38 
 100 ,  48 .  58 
 100 ,  48 .  15 
 101 ,  46 .  99 
 100 ,  48 .  44 
 101 ,  47 .  86 
 102 ,  48 .  44 
 102 ,  48 .   0 
 101 ,  47 .  42 
 101 ,  47 .  86 
 102 ,  46 .  99 
 102 ,  48 .  15 
 104 ,  48 .  58 
 104 ,  47 .  42 
 104 ,  48 .   0 
 101 ,  48 .   0 
 102 ,  48 .   0 
 104 ,  47 .  57 
 101 ,  48 .  29 
 107 ,  47 .  28 
 105 ,  48 .  44 
 103 ,  48 .  29 
 105 ,  49 .  60 
 101 ,  48 .   0 
 102 ,  48 .  87 
 106 ,  47 .  42 
 100 ,  48 .   0 
 103 ,  48 .  58 
 100 ,  48 .  58 
 105 ,  48 .   0 
 104 ,  48 .  58 
 102 ,  48 .   0 
 101 ,  49 .   2 
 101 ,  47 .  42 
 100 ,  48 .  58 
 104 ,  48 .  58 
 103 ,  47 .  13 
 102 ,  49 .  16 
 106 ,  48 .  58 
 104 ,  48 .  44 
 102 ,  48 .  58 
 101 ,  48 .   0 
 100 ,  47 .  42 
 101 ,  47 .  28 
 103 ,  47 .  42 
 100 ,  47 .  86 
 104 ,  48 .  44 
 102 ,  48 .  44 
 102 ,  48 .  15 
 104 ,  49 .   2 
 104 ,  48 .  58 
 104 ,  47 .  86 
 101 ,  48 .  15 
 100 ,  48 .  15 
 104 ,  49 .   2 
 101 ,  48 .  58 
 102 ,  48 .  58 
 104 ,  48 .  58 
 104 ,  48 .  73 
 100 ,  48 .   0 
  99 ,  48 .   0 
 100 ,  48 .   0 
 101 ,  48 .  58 
 100 ,  48 .   0 
 103 ,  48 .  15 
 102 ,  48 .  58 
 106 ,  48 .  44 
 104 ,  48 .  58 
 107 ,  47 .  86 
  99 ,  47 .  42 
 103 ,  48 .  73 
  99 ,  48 .   0 
 104 ,  48 .  58 
 102 ,  47 .  42 
 102 ,  48 .  44 
 102 ,  48 .  58 
  99 ,  48 .   0 
 101 ,  48 .   0 
 101 ,  48 .  44 
 100 ,  49 .  74 
 101 ,  48 .  44 
  89 ,  48 .  29 
  98 ,  49 .  60 
 102 ,  46 .  99 
 105 ,  47 .  13 
  98 ,  48 .  44 
 103 ,  48 .   0 
 104 ,  48 .   0 
 103 ,  48 .  58 
 104 ,  48 .   0 
 101 ,  48 .  44 
 101 ,  48 .  15 
  97 ,  48 .  29 
  98 ,  49 .  60 
 102 ,  48 .  44 
 100 ,  48 .  15 
  98 ,  48 .  15 
 105 ,  48 .   0 
 103 ,  47 .  28 
 101 ,  48 .  58 
 100 ,  48 .  58 
 101 ,  49 .  16 
 104 ,  48 .  44 
 100 ,  48 .  29 
 101 ,  48 .  58 
 104 ,  49 .  60 
 106 ,  48 .  58 
  98 ,  49 .   2 
 104 ,  48 .  44 
 108 ,  48 .  44 
  97 ,  48 .  29 
 100 ,  48 .  44 
 100 ,  48 .   0 
  99 ,  49 .  45 
  98 ,  48 .   0 
 102 ,  49 .  60 
 104 ,  50 .   3 
  96 ,  49 .  16 
 104 ,  48 .  44 
 101 ,  47 .  42 
 103 ,  48 .  29 
 101 ,  48 .  44 
 103 ,  48 .  58 
 106 ,  48 .  73 
 104 ,  48 .  15 
 102 ,  48 .  44 
 104 ,  49 .  16 
 100 ,  49 .  31 
 104 ,  49 .   2 
 102 ,  48 .   0 
 103 ,  47 .  42 
 101 ,  48 .  29 
 100 ,  48 .   0 
 103 ,  47 .  42 
 100 ,  48 .   0 
  99 ,  47 .  86 
 103 ,  47 .  13 
 104 ,  48 .  58 
 104 ,  48 .  44 
  98 ,  48 .  58 
 100 ,  48 .  58 
  96 ,  48 .   0 
  99 ,  49 .  16 
  97 ,  47 .  42 
 102 ,  47 .  86 
 100 ,  47 .  42 
 101 ,  47 .  42 
  98 ,  47 .  42 
 100 ,  47 .  42 
 100 ,  48 .   0 
  95 ,  48 .   0 
 104 ,  49 .   2 
 100 ,  47 .  86 
 100 ,  47 .  42 
 102 ,  48 .  15 
 100 ,  47 .  42 
 101 ,  48 .  29 
 100 ,  47 .  42 
 101 ,  47 .  42 
 100 ,  47 .  42 
 101 ,  48 .   0 
 101 ,  48 .  15 
 100 ,  47 .  86 
 102 ,  48 .  73 
  99 ,  48 .   0 
 102 ,  49 .   2 
 104 ,  49 .  45 
 104 ,  48 .  58 
 100 ,  48 .   0 
  97 ,  48 .   0 
 100 ,  48 .  44 
 102 ,  48 .   0 
 100 ,  48 .   0 
 100 ,  47 .  13 
 101 ,  47 .  42 
 103 ,  48 .  44 
  97 ,  48 .  29 
 101 ,  47 .  42 
  95 ,  48 .  44 
 102 ,  48 .  58 
  98 ,  49 .   2 
 100 ,  47 .  42 
 100 ,  49 .  16 
 100 ,  49 .  16 
 100 ,  48 .  58 
 102 ,  48 .  44 
  98 ,  48 .  15 
  97 ,  49 .  45 
  99 ,  48 .  44 
  97 ,  47 .  86 
  99 ,  48 .  58 
 101 ,  47 .  42 
  97 ,  48 .  29 
  96 ,  47 .  86 
  99 ,  47 .  86 
  99 ,  47 .  86 
 101 ,  48 .  73 
 100 ,  48 .  73 
 104 ,  48 .  44 
  98 ,  46 .  84 
  98 ,  48 .  15 
  98 ,  47 .  86 
 100 ,  48 .   0 
 100 ,  48 .  44 
 101 ,  48 .   0 
 104 ,  48 .  44 
 102 ,  49 .  31 
 102 ,  48 .   0 
  99 ,  48 .  29 
 102 ,  48 .  29 
 104 ,  49 .  16 
 102 ,  49 .  74 
  98 ,  48 .  58 
 101 ,  48 .  29 
 100 ,  48 .  44 
 101 ,  48 .  58 
 100 ,  49 .  31 
 101 ,  48 .  58 
 101 ,  47 .  42 
 100 ,  49 .  74 
 101 ,  47 .  13 
 103 ,  46 .  26 
 101 ,  48 .  58 
 101 ,  47 .  86 
 105 ,  49 .  60 
 102 ,  47 .  86 
  99 ,  48 .  29 
 102 ,  48 .   0 
 101 ,  48 .  87 
 100 ,  47 .  42 
 103 ,  48 .  29 
 101 ,  47 .  42 
 101 ,  48 .  15 
 101 ,  48 .   0 
 101 ,  48 .  58 
 104 ,  49 .  45 
 102 ,  48 .  29 
 104 ,  49 .  60 
 102 ,  48 .  58 
 102 ,  50 .  76 
 101 ,  46 .  84 
 100 ,  48 .   0 
 102 ,  48 .  44 
  97 ,  48 .  44 
 100 ,  48 .  58 
  98 ,  48 .   0 
  99 ,  48 .   0 
  99 ,  49 .   2 
 100 ,  48 .  58 
 104 ,  49 .  74 
 100 ,  48 .   0 
  98 ,  49 .   2 
  98 ,  48 .  44 
  96 ,  47 .  42 
 102 ,  49 .   2 
 104 ,  49 .  16 
 102 ,  49 .  31 
 102 ,  48 .  44 
 102 ,  48 .   0 
  99 ,  48 .   0 
 102 ,  48 .  87 
  99 ,  48 .  44 
 104 ,  48 .  73 
 102 ,  48 .  58 
 102 ,  49 .   2 
 104 ,  49 .  16 
 102 ,  48 .  73 
 102 ,  48 .  73 
 104 ,  48 .   0 
  97 ,  47 .  71 
 102 ,  48 .  15 
 104 ,  48 .  58 
 102 ,  47 .  86 
  98 ,  47 .  42 
 100 ,  48 .  73 
 104 ,  49 .  16 
 102 ,  47 .  28 
 100 ,  48 .   0 
 101 ,  46 .  84 
  99 ,  48 .  29 
 102 ,  49 .  16 
 104 ,  48 .  44 
 102 ,  50 .  32 
 100 ,  48 .  58 
 101 ,  47 .  28 
 101 ,  48 .   0 
 100 ,  47 .  42 
 100 ,  48 .  44 
 101 ,  46 .  84 
 101 ,  49 .  16 
 102 ,  48 .  44 
  99 ,  48 .  58 
 101 ,  47 .  42 
 104 ,  48 .   0 
 103 ,  49 .  60 
 100 ,  47 .  86 
 100 ,  49 .  16 
 102 ,  48 .   0 
  97 ,  48 .  87 
  99 ,  47 .  42 
 100 ,  48 .  15 
 101 ,  47 .  42 
 101 ,  48 .  44 
 103 ,  48 .  44 
 102 ,  47 .  42 
 104 ,  47 .  86 
 100 ,  49 .  16 
 100 ,  49 .   2 
  98 ,  48 .  73 
 101 ,  48 .  44 
 101 ,  48 .  58 
 102 ,  48 .  58 
 100 ,  48 .  73 
 104 ,  48 .   0 
 100 ,  48 .  58 
 101 ,  48 .   0 
 100 ,  47 .  86 
  98 ,  49 .  16 
 105 ,  47 .  86 
  98 ,  48 .   0 
 104 ,  49 .   2 
 100 ,  48 .  58 
  98 ,  49 .   2 
 100 ,  48 .  58 
  98 ,  48 .  44 
 101 ,  47 .  42 
 100 ,  48 .  58 
 100 ,  48 .  58 
 102 ,  47 .  86 
 100 ,  48 .  73 
 101 ,  48 .  58 
 100 ,  48 .  44 
  98 ,  48 .  15 
 100 ,  48 .  73 
 100 ,  48 .  44 
 100 ,  48 .  73 
  99 ,  48 .   0 
 106 ,  48 .  29 
  99 ,  47 .  42 
 100 ,  49 .  16 
  97 ,  49 .  16 
 104 ,  48 .   0 
 101 ,  48 .   0 
  99 ,  48 .  15 
 102 ,  49 .  16 
  98 ,  48 .   0 
 106 ,  48 .  58 
 100 ,  48 .  73 
 100 ,  48 .  73 
 102 ,  48 .  44 
 100 ,  49 .   2 
 102 ,  48 .   0 
 100 ,  48 .  87 
  98 ,  48 .  15 
 102 ,  48 .  58 
  95 ,  48 .  87 
 102 ,  48 .  73 
 102 ,  49 .   2 
 104 ,  47 .  42 
 100 ,  49 .   2 
  98 ,  48 .  44 
 101 ,  49 .   2 
 101 ,  46 .  99 
 104 ,  49 .  74 
 106 ,  49 .  31 
 104 ,  48 .  73 
 104 ,  47 .  86 
 101 ,  47 .  86 
 103 ,  49 .   2 
 104 ,  48 .  58 
 100 ,  49 .   2 
 102 ,  48 .   0 
 101 ,  48 .  58 
 100 ,  48 .  58 
 102 ,  48 .   0 
  99 ,  48 .  73 
 101 ,  48 .   0 
 101 ,  48 .  58 
 102 ,  49 .  60 
  98 ,  49 .  31 
  99 ,  48 .  44 
  98 ,  48 .  29 
 104 ,  49 .   2 
  98 ,  48 .  58 
 100 ,  48 .  29 
  97 ,  48 .   0 
 100 ,  48 .  44 
 100 ,  47 .  42 
  97 ,  48 .  58 
 100 ,  48 .   0 
 100 ,  48 .  58 
 100 ,  48 .   0 
  99 ,  48 .  58 
 101 ,  49 .   2 
 100 ,  47 .  42 
 103 ,  47 .  86 
 102 ,  49 .   2 
 100 ,  49 .   2 
 102 ,  48 .   0 
 101 ,  48 .  87 
 100 ,  47 .  86 
 104 ,  49 .  60 
 100 ,  48 .  58 
  98 ,  49 .  16 
 100 ,  48 .  44 
  99 ,  48 .  58 
 101 ,  48 .  29 
 102 ,  48 .  58 
 101 ,  48 .  44 
 101 ,  48 .  15 
 101 ,  48 .  44 
  99 ,  48 .  15 
 101 ,  47 .  42 
 100 ,  48 .   0 
 101 ,  45 .  97 
 101 ,  48 .  58 
 102 ,  47 .  42 
 102 ,  49 .  74 
 102 ,  49 .  31 
 100 ,  48 .   0 
  97 ,  48 .   0 
 100 ,  49 .  16 
 100 ,  48 .  73 
 100 ,  48 .  73 
  98 ,  49 .  16 
 100 ,  49 .  16 
 101 ,  48 .  29 
 101 ,  48 .  29 
 100 ,  47 .  13 
 104 ,  48 .  58 
 104 ,  47 .  86 
  98 ,  47 .  13 
 100 ,  47 .  42 
 100 ,  47 .  13 
 101 ,  48 .  29 
  99 ,  48 .  29 
 100 ,  48 .   0 
 101 ,  48 .   0 
 101 ,  48 .  87 
 100 ,  48 .  44 
 100 ,  48 .  58 
 104 ,  48 .   0 
  99 ,  49 .  16 
 101 ,  46 .  99 
  98 ,  48 .  15 
 101 ,  48 .  29 
 100 ,  48 .  44 
 100 ,  47 .  42 
 101 ,  48 .  58 
 101 ,  48 .  15 
 100 ,  48 .  15 
 102 ,  47 .  42 
  97 ,  48 .  29 
 100 ,  48 .   0 
 101 ,  46 .  99 
 100 ,  48 .  29 
 100 ,  48 .  29 
  98 ,  48 .  44 
  98 ,  49 .  16 
 102 ,  48 .  44 
 102 ,  49 .  16 
 102 ,  50 .  90 
 104 ,  48 .  73 
 104 ,  48 .  44 
  98 ,  47 .  86 
 102 ,  48 .  44 
 102 ,  48 .  73 
  96 ,  48 .  44 
 103 ,  48 .  29 
 101 ,  48 .  15 
  98 ,  49 .   2 
  97 ,  48 .  58 
 102 ,  47 .  86 
  99 ,  48 .  44 
 102 ,  48 .  44 
 100 ,  48 .  73 
 102 ,  47 .  86 
 100 ,  48 .  58 
  99 ,  48 .   0 
 100 ,  48 .  58 
  97 ,  48 .  44 
  99 ,  47 .  42 
 102 ,  48 .   0 
 102 ,  48 .   0 
 105 ,  48 .   0 
 101 ,  48 .   0 
 100 ,  48 .  15 
 101 ,  48 .  29 
  99 ,  49 .  16 
 100 ,  47 .  86 
 103 ,  49 .   2 
 100 ,  49 .   2 
 101 ,  47 .  86 
 102 ,  48 .   0 
  98 ,  48 .  87 
 104 ,  48 .   0 
 100 ,  49 .  16 
  95 ,  48 .  44 
 104 ,  47 .  28 
  98 ,  49 .   2 
  97 ,  48 .  44 
  98 ,  48 .  44 
 102 ,  48 .  44 
 101 ,  48 .  58 
 100 ,  49 .   2 
 104 ,  48 .  58 
  99 ,  49 .  16 
 100 ,  50 .  32 
 102 ,  48 .  44 
 104 ,  48 .  44 
 100 ,  46 .  26 
 101 ,  48 .  15 
 103 ,  47 .  86 
 106 ,  47 .  86 
 100 ,  48 .  58 
 103 ,  48 .  87 
 102 ,  49 .   2 
  99 ,  49 .   2 
 100 ,  48 .   0 
 101 ,  48 .  44 
 101 ,  48 .  29 
 104 ,  48 .  15 
 101 ,  48 .  15 
  96 ,  48 .  58 
  99 ,  48 .  29 
 100 ,  48 .  73 
  99 ,  47 .  86 
 103 ,  48 .   0 
 101 ,  48 .   0 
 100 ,  48 .  29 
 101 ,  49 .  16 
  97 ,  48 .  58 
  96 ,  47 .  42 
  98 ,  48 .  58 
 100 ,  48 .  15 
  96 ,  48 .  58 
  97 ,  48 .  29 
 101 ,  47 .  86 
  99 ,  48 .  29 
 102 ,  48 .  44 
  96 ,  48 .  44 
 105 ,  47 .  42 
 101 ,  49 .  31 
 104 ,  48 .  58 
 104 ,  49 .   2 
 102 ,  48 .  73 
 102 ,  49 .  74 
 102 ,  49 .  16 
 104 ,  48 .   0 
 101 ,  48 .   0 
 101 ,  48 .   0 
 103 ,  48 .   0 
 104 ,  48 .  58 
 102 ,  49 .  16 
 100 ,  47 .  28 
 100 ,  47 .  86 
 100 ,  48 .  58 
  98 ,  48 .  58 
  98 ,  48 .  87 
 101 ,  48 .  58 
  97 ,  48 .   0 
 100 ,  48 .  44 
 101 ,  48 .  73 
  97 ,  48 .   0 
 102 ,  49 .   2 
 104 ,  47 .  86 
 100 ,  48 .  44 
  97 ,  47 .  28 
 100 ,  49 .  16 
 102 ,  49 .  16 
  99 ,  49 .   2 
  98 ,  48 .  58 
 101 ,  47 .  42 
  99 ,  48 .   0 
 101 ,  48 .  58 
  98 ,  47 .  42 
 100 ,  47 .  86 
  98 ,  47 .  42 
 102 ,  48 .   0 
 100 ,  46 .  84 
 102 ,  48 .   0 
 101 ,  48 .  15 
 102 ,  49 .   2 
 103 ,  47 .  42 
  97 ,  48 .  29 
  99 ,  47 .  28 
 104 ,  49 .   2 
 104 ,  49 .   2 
 102 ,  48 .  58 
 100 ,  48 .  44 
 102 ,  48 .  44 
 100 ,  47 .  86 
 102 ,  48 .  44 
 100 ,  48 .  44 
 100 ,  47 .  86 
  99 ,  50 .  76 
 103 ,  49 .  31 
 102 ,  47 .  86 
 101 ,  49 .   2 
 101 ,  49 .   2 
 103 ,  47 .  42 
 100 ,  48 .  44 
 101 ,  48 .  58 
 101 ,  48 .  58 
 100 ,  48 .  44 
 103 ,  49 .  16 
 102 ,  48 .  15 
 101 ,  49 .  45 
 100 ,  47 .  42 
 102 ,  48 .   0 
 104 ,  49 .  31 
 102 ,  48 .   0 
 101 ,  48 .   0 
  97 ,  48 .  58 
 104 ,  49 .   2 
  99 ,  46 .  70 
 100 ,  49 .  16 
  98 ,  49 .   2 
  99 ,  48 .  29 
 100 ,  49 .  16 
 101 ,  48 .   0 
  97 ,  48 .   0 
 100 ,  48 .  44 
 102 ,  48 .  44 
 100 ,  48 .   0 
 100 ,  48 .   0 
 100 ,  48 .  58 
 101 ,  47 .  42 
 103 ,  48 .  29 
 101 ,  48 .  58 
 104 ,  49 .  60 
 102 ,  48 .  44 
 104 ,  49 .  74 
 104 ,  49 .  16 
 102 ,  48 .  58 
 102 ,  48 .   0 
 101 ,  48 .  58 
  99 ,  47 .  42 
 104 ,  49 .   2 
  96 ,  48 .  44 
 101 ,  49 .   2 
  98 ,  48 .  44 
  97 ,  48 .   0 
 100 ,  48 .   0 
 100 ,  48 .  29 
  99 ,  48 .  58 
 106 ,  47 .  86 
 101 ,  49 .  16 
  99 ,  48 .  29 
 100 ,  47 .  42 
 104 ,  50 .  18 
 104 ,  48 .  44 
 104 ,  48 .  73 
 104 ,  46 .  84 
 101 ,  49 .  16 
 100 ,  47 .  71 
 100 ,  47 .  86 
  97 ,  49 .  16 
 100 ,  49 .   2 
  97 ,  48 .  29 
 104 ,  48 .  58 
 102 ,  48 .   0 
 101 ,  48 .   0 
 100 ,  47 .  42 
  96 ,  48 .   0 
 100 ,  48 .   0 
 101 ,  48 .  29 
  96 ,  47 .  42 
  99 ,  48 .   0 
 102 ,  49 .   2 
 104 ,  48 .  44 
  99 ,  48 .  15 
  97 ,  47 .  42 
 102 ,  48 .  73 
 102 ,  48 .  44 
 102 ,  48 .  73 
  98 ,  48 .  73 
 101 ,  48 .  58 
 104 ,  48 .  58 
  98 ,  49 .  60 
 101 ,  49 .  16 
 101 ,  48 .   0 
 106 ,  49 .   2 
 102 ,  49 .  60 
 102 ,  49 .   2 
 104 ,  49 .  31 
 106 ,  49 .  16 
 102 ,  48 .   0 
 100 ,  49 .  16 
 100 ,  48 .  58 
 102 ,  48 .   0 
  99 ,  48 .   0 
 104 ,  48 .   0 
 100 ,  48 .  29 
 101 ,  48 .  29 
 102 ,  47 .  86 
 103 ,  49 .   2 
 100 ,  48 .  44 
 104 ,  48 .   0 
 103 ,  47 .  13 
 101 ,  47 .  42 
 101 ,  48 .   0 
 100 ,  47 .  42 
 102 ,  48 .  58 
 102 ,  48 .  87 
 102 ,  48 .  73 
 102 ,  49 .  16 
 104 ,  49 .  16 
 102 ,  49 .   2 
 102 ,  48 .   0 
  99 ,  48 .  87 
  98 ,  49 .  16 
 101 ,  48 .   0 
 104 ,  49 .  60 
 108 ,  46 .  26 
 102 ,  49 .   2 
  99 ,  47 .  86 
 102 ,  48 .  44 
 102 ,  48 .  58 
 102 ,  48 .   0 
 100 ,  47 .  86 
 101 ,  48 .  29 
 101 ,  48 .  29 
 101 ,  48 .  15 
 101 ,  48 .   0 
 104 ,  48 .  44 
 104 ,  49 .  60 
 102 ,  48 .   0 
 102 ,  48 .   0 
 103 ,  48 .   0 
 100 ,  48 .  58 
 101 ,  47 .  42 
 101 ,  45 .  10 
 101 ,  47 .  28 
 101 ,  48 .  58 
 106 ,  48 .  58 
 102 ,  47 .  42 
 102 ,  48 .   0 
 101 ,  48 .  58 
 100 ,  48 .  44 
 101 ,  48 .   0 
 103 ,  48 .  58 
 104 ,  48 .  58 
 101 ,  48 .   0 
 100 ,  48 .  58 
 101 ,  48 .  29 
 100 ,  48 .  58 
 101 ,  47 .  42 
 101 ,  49 .   2 
 101 ,  48 .  58 
 102 ,  48 .  44 
 104 ,  48 .  58 
 100 ,  47 .  86 
 103 ,  47 .  42 
 101 ,  48 .   0 
  99 ,  48 .   0 
 100 ,  48 .   0 
 100 ,  47 .  13 
 106 ,  48 .  58 
 102 ,  48 .   0 
  97 ,  48 .   0 
 100 ,  48 .   0 
 101 ,  47 .  86 
  99 ,  47 .  86 
 100 ,  48 .  29 
 100 ,  46 .  99 
 104 ,  48 .  15 
 102 ,  48 .  15 
 102 ,  48 .  58 
 100 ,  47 .  42 
  99 ,  48 .  73 
 103 ,  48 .  58 
 102 ,  49 .  16 
 104 ,  48 .   0 
 102 ,  48 .  44 
 104 ,  48 .  87 
 100 ,  48 .   0 
 101 ,  47 .  86 
  98 ,  48 .  58 
 101 ,  47 .  86 
 100 ,  48 .   0 
  97 ,  48 .   0 
 104 ,  48 .  44 
 102 ,  48 .  44 
 100 ,  48 .  44 
 100 ,  48 .   0 
 111 ,  47 .  42 
  97 ,  48 .  44 
  98 ,  48 .  44 
 103 ,  48 .   0 
 103 ,  48 .  87 
 102 ,  49 .   2 
 104 ,  48 .  58 
 106 ,  47 .  86 
 104 ,  48 .  29 
 103 ,  46 .  99 
 103 ,  48 .  58 
 102 ,  48 .  15 
  99 ,  48 .  44 
  99 ,  49 .  45 
 104 ,  48 .  44 
 106 ,  48 .  73 
 102 ,  47 .  86 
 100 ,  47 .  42 
 101 ,  48 .  15 
 102 ,  48 .  29 
 100 ,  49 .  74 
 101 ,  47 .  42 
 100 ,  48 .  44 
 102 ,  48 .  15 
  98 ,  48 .  58 
 100 ,  48 .  29 
  99 ,  48 .  58 
 102 ,  48 .   0 
  99 ,  48 .  73 
 104 ,  48 .  29 
  98 ,  49 .  16 
 100 ,  49 .   2 
 100 ,  48 .  58 
 100 ,  48 .   0 
 104 ,  49 .   2 
 102 ,  49 .  16 
 104 ,  48 .  29 
 102 ,  48 .  58 
 100 ,  49 .   2 
 103 ,  48 .  58 
 103 ,  47 .  42 
 100 ,  48 .  29 
 100 ,  47 .  71 
 101 ,  48 .   0 
 105 ,  47 .  42 
 100 ,  46 .  84 
 100 ,  48 .  58 
  98 ,  47 .  86 
 104 ,  48 .  44 
 104 ,  49 .  60 
 104 ,  48 .  58 
 104 ,  48 .  73 
 102 ,  49 .   2 
 102 ,  48 .  58 
 100 ,  48 .   0 
 102 ,  48 .   0 
 101 ,  49 .  45 
 101 ,  48 .  29 
 101 ,  48 .   0 
 102 ,  49 .  74 
 102 ,  47 .  42 
 102 ,  48 .  15 
 106 ,  49 .  45 
 104 ,  49 .   2 
 104 ,  47 .  42 
 102 ,  48 .  58 
 104 ,  45 .  68 
 104 ,  48 .  44 
 103 ,  47 .  86 
  99 ,  48 .   0 
 101 ,  47 .  86 
 104 ,  48 .  29 
 104 ,  48 .   0 
 103 ,  47 .  86 
 102 ,  48 .   0 
 105 ,  47 .  86 
 102 ,  47 .  86 
 102 ,  47 .  13 
 101 ,  48 .  29 
 101 ,  48 .  58 
 106 ,  48 .  44 
 106 ,  48 .  58 
 104 ,  49 .   2 
 104 ,  49 .  16 
 106 ,  47 .  86 
 100 ,  47 .  86 
 104 ,  48 .  29 
 106 ,  48 .  29 
 106 ,  49 .  16 
 106 ,  49 .  60 
 106 ,  48 .  58 
 106 ,  49 .   2 
 104 ,  48 .  44 
 102 ,  46 .  84 
 101 ,  48 .   0 
 102 ,  47 .  42 
 100 ,  48 .  58 
 101 ,  48 .  58 
 102 ,  48 .  15 
 110 ,  49 .  60 
 102 ,  48 .   0 
 106 ,  48 .  44 
 104 ,  49 .   2 
 104 ,  49 .   2 
 103 ,  49 .   2 
 104 ,  48 .   0 
 100 ,  48 .   0 
  99 ,  49 .  16 
 104 ,  47 .  86 
 101 ,  47 .  42 
 102 ,  48 .  58 
 102 ,  46 .  99 
 106 ,  48 .  58 
 102 ,  49 .   2 
 100 ,  48 .   0 
 101 ,  48 .  58 
 103 ,  48 .  15 
 102 ,  47 .  42 
 100 ,  48 .   0 
 102 ,  48 .  44 
 101 ,  48 .  29 
 101 ,  48 .  15 
 101 ,  47 .  42 
 106 ,  48 .  58 
 106 ,  48 .  58 
 104 ,  48 .  44 
 102 ,  48 .   0 
 101 ,  48 .  44 
 103 ,  48 .  87 
 101 ,  47 .  13 
 102 ,  48 .  87 
 106 ,  49 .   2 
 104 ,  48 .  44 
 104 ,  49 .  31 
  98 ,  48 .   0 
 102 ,  49 .   2 
 104 ,  48 .  87 
 102 ,  47 .  57 
 102 ,  47 .  86 
 100 ,  47 .  42 
 101 ,  48 .  58 
 101 ,  48 .  44 
 100 ,  48 .   0 
 104 ,  49 .  60 
 102 ,  48 .  44 
 102 ,  49 .  16 
 104 ,  49 .   2 
  99 ,  50 .  18 
 105 ,  48 .  87 
 101 ,  48 .   0 
 106 ,  48 .  44 
 104 ,  49 .  60 
 106 ,  48 .  44 
 106 ,  48 .  58 
 104 ,  49 .  60 
 104 ,  49 .   2 
 104 ,  49 .  74 
 103 ,  48 .   0 
 101 ,  47 .  42 
 104 ,  48 .  58 
 100 ,  49 .  16 
 102 ,  48 .  29 
 100 ,  48 .  44 
 101 ,  48 .  29 
 100 ,  48 .  29 
 100 ,  48 .  58 
 101 ,  48 .  58 
 106 ,  49 .   2 
 104 ,  49 .   2 
 104 ,  48 .  15 
 106 ,  48 .  58 
 104 ,  47 .  86 
 104 ,  48 .  87 
 101 ,  47 .  86 
 100 ,  48 .   0 
  98 ,  48 .   0 
 103 ,  48 .   0 
 100 ,  48 .   0 
 103 ,  48 .  87 
 105 ,  48 .  44 
 104 ,  47 .  86 
 102 ,  49 .   2 
 104 ,  49 .   2 
 104 ,  49 .   2 
 104 ,  49 .  16 
 102 ,  49 .   2 
 101 ,  46 .  84 
 103 ,  49 .  16 
 103 ,  47 .  42 
 101 ,  48 .  29 
 103 ,  48 .   0 
 106 ,  48 .  15 
 101 ,  48 .  29 
 103 ,  47 .  28 
 100 ,  49 .  60 
 101 ,  48 .  58 
 101 ,  48 .  58 
 102 ,  48 .  58 
 102 ,  49 .   2 
 102 ,  49 .   2 
 103 ,  49 .  16 
 104 ,  48 .   0 
 101 ,  48 .  58 
 102 ,  48 .   0 
 102 ,  48 .  58 
 102 ,  49 .  74 
 102 ,  49 .   2 
 104 ,  49 .  45 
 104 ,  48 .  58 
 100 ,  48 .  87 
 100 ,  47 .  86 
 101 ,  47 .  42 
 101 ,  47 .  86 
  98 ,  48 .  73 
 101 ,  48 .  15 
 103 ,  48 .  58 
 106 ,  48 .  44 
 104 ,  49 .  16 
 104 ,  48 .  44 
 102 ,  49 .   2 
 104 ,  48 .  15 
 104 ,  48 .  58 
 103 ,  47 .  86 
 106 ,  48 .  58 
 101 ,  47 .  42 
 103 ,  48 .  44 
 102 ,  49 .   2 
 105 ,  47 .  42 
 103 ,  48 .  15 
 102 ,  48 .   0 
 106 ,  48 .  58 
 104 ,  49 .  16 
 104 ,  48 .   0 
 103 ,  48 .   0 
 103 ,  48 .   0 
 102 ,  48 .   0 
 106 ,  49 .  60 
 102 ,  48 .  58 
 102 ,  48 .   0 
 101 ,  49 .   2 
 103 ,  48 .   0 
 103 ,  48 .  58 
 103 ,  48 .  44 
 101 ,  49 .  31 
 104 ,  49 .  31 
 102 ,  48 .   0 
 101 ,  48 .   0 
 102 ,  48 .  44 
 101 ,  49 .  45 
 101 ,  47 .  42 
 100 ,  48 .   0 
 103 ,  48 .  58 
 106 ,  48 .  15 
 104 ,  48 .  58 
 102 ,  49 .  16 
 100 ,  48 .  44 
 104 ,  48 .  73 
 100 ,  47 .  86 
 103 ,  48 .   0 
 104 ,  49 .   2 
 103 ,  48 .  44 
 101 ,  49 .  60 
 101 ,  48 .  44 
 102 ,  51 .  92 
 102 ,  48 .  87 
 102 ,  49 .   2 
  98 ,  48 .   0 
 104 ,  49 .   2 
 106 ,  49 .  45 
 104 ,  48 .  58 
 102 ,  48 .  73 
 102 ,  48 .  73 
 104 ,  48 .  44 
 102 ,  48 .  44 
 100 ,  48 .   0 
 103 ,  48 .  44 
 100 ,  48 .  87 
 102 ,  48 .  58 
 102 ,  48 .  44 
 100 ,  49 .  31 
 110 ,  49 .  60 
 102 ,  49 .  31 
 101 ,  48 .  58 
 100 ,  49 .  16 
  99 ,  48 .  29 
 104 ,  49 .   2 
 106 ,  48 .  44 
 104 ,  49 .  60 
 102 ,  48 .  58 
 104 ,  49 .  60 
 102 ,  47 .  86 
 107 ,  48 .  29 
 103 ,  49 .   2 
 101 ,  48 .  87 
 103 ,  48 .  44 
 100 ,  47 .  42 
 104 ,  49 .   2 
 103 ,  47 .  86 
 106 ,  47 .  86 
 103 ,  47 .  42 
 105 ,  49 .  45 
 100 ,  48 .   0 
 102 ,  48 .   0 
 102 ,  49 .  31 
 104 ,  48 .  73 
 104 ,  47 .  86 
 101 ,  47 .  42 
 100 ,  48 .  58 
 104 ,  51 .  34 
  97 ,  49 .   2 
  97 ,  48 .  44 
 102 ,  49 .  60 
 102 ,  48 .  58 
 100 ,  48 .  73 
 102 ,  49 .   2 
  98 ,  48 .  73 
 105 ,  48 .  58 
 104 ,  48 .  87 
  98 ,  48 .   0 
 106 ,  48 .  87 
 103 ,  48 .  73 
  98 ,  48 .   0 
 102 ,  49 .   2 
 104 ,  49 .  74 
 104 ,  48 .  58 
 102 ,  49 .   2 
 102 ,  48 .   0 
 101 ,  48 .  44 
 103 ,  48 .   0 
 101 ,  48 .  15 
 100 ,  48 .  44 
 102 ,  48 .  58 
 103 ,  48 .  58 
 102 ,  49 .  31 
 102 ,  48 .   0 
 101 ,  48 .  58 
 101 ,  48 .   0 
 103 ,  48 .  58 
 104 ,  48 .  58 
 104 ,  48 .   0 
 100 ,  47 .  42 
 100 ,  48 .   0 
 101 ,  49 .  45 
 103 ,  49 .  16 
 100 ,  48 .  58 
 101 ,  48 .  58 
 102 ,  48 .  58 
 104 ,  49 .   2 
 102 ,  49 .  60 
  99 ,  47 .  86 
 100 ,  49 .   2 
 104 ,  49 .  16 
 102 ,  50 .  32 
  96 ,  48 .  73 
 104 ,  47 .  42 
 103 ,  48 .  58 
 104 ,  48 .  44 
 104 ,  49 .   2 
 102 ,  47 .  42 
  98 ,  48 .  15 
 102 ,  49 .  16 
 100 ,  47 .  42 
 100 ,  48 .  29 
 101 ,  48 .   0 
 102 ,  48 .   0 
  98 ,  49 .   2 
 101 ,  47 .  71 
 101 ,  47 .  13 
 103 ,  46 .  99 
 104 ,  48 .  58 
 100 ,  47 .  86 
 101 ,  47 .  42 
 104 ,  48 .  58 
 104 ,  47 .  28 
 101 ,  48 .  15 
 101 ,  48 .  58 
 104 ,  48 .  58 
 102 ,  48 .   0 
 100 ,  48 .  44 
 101 ,  49 .  16 
 103 ,  46 .  84 
  98 ,  49 .  45 
 102 ,  48 .   0 
 105 ,  48 .  58 
  98 ,  49 .  31 
 101 ,  48 .   0 
 104 ,  48 .  58 
 104 ,  47 .  86 
 104 ,  48 .   0 
 101 ,  48 .  15 
  97 ,  48 .   0 
 101 ,  48 .   0 
 101 ,  48 .  58 
 101 ,  48 .  87 
 105 ,  48 .  15 
 101 ,  48 .  15 
 105 ,  49 .  16 
 101 ,  49 .  60 
 100 ,  48 .  15 
 101 ,  48 .  58 
 102 ,  48 .  58 
 105 ,  49 .   2 
 104 ,  48 .   0 
 103 ,  48 .   0 
 100 ,  48 .  58 
 101 ,  48 .  58 
 102 ,  48 .  15 
 106 ,  49 .  31 
 104 ,  48 .  73 
  99 ,  48 .   0 
 104 ,  49 .  74 
 104 ,  48 .  15 
 104 ,  48 .  58 
 104 ,  49 .  16 
 102 ,  48 .   0 
 104 ,  48 .   0 
 101 ,  49 .  31 
 103 ,  48 .  58 
 104 ,  49 .   2 
 104 ,  49 .  60 
 104 ,  49 .  31 
 104 ,  48 .  73 
 102 ,  47 .  57 
 104 ,  49 .  16 
 102 ,  48 .   0 
 100 ,  48 .   0 
  98 ,  49 .   2 
 102 ,  49 .   2 
 104 ,  49 .  16 
  98 ,  49 .  16 
 103 ,  47 .  42 
 103 ,  48 .  29 
 105 ,  47 .  86 
 102 ,  49 .   2 
 106 ,  48 .   0 
 103 ,  48 .  29 
 105 ,  49 .   2 
 103 ,  49 .  16 
 103 ,  48 .  44 
 103 ,  48 .  44 
 100 ,  49 .   2 
 101 ,  48 .   0 
 101 ,  47 .  42 
 102 ,  47 .  42 
 107 ,  47 .  42 
 102 ,  48 .  29 
 103 ,  48 .  58 
 101 ,  47 .  86 
 104 ,  48 .  73 
 100 ,  49 .   2 
 102 ,  47 .  86 
 100 ,  49 .   2 
  99 ,  49 .  16 
 100 ,  48 .  44 
 100 ,  48 .  58 
 101 ,  48 .  87 
  98 ,  48 .   0 
 100 ,  48 .   0 
 101 ,  49 .   2 
  99 ,  46 .  84 
 100 ,  49 .  60 
  97 ,  48 .  58 
 100 ,  49 .   2 
 100 ,  49 .  16 
 104 ,  48 .  73 
 101 ,  49 .  16 
 104 ,  49 .  16 
 106 ,  49 .  16 
 102 ,  48 .  44 
 102 ,  49 .  16 
 100 ,  48 .  44 
 106 ,  48 .  44 
 106 ,  49 .  16 
 100 , 