55 .  11 
2116 ,  54 .  39 
2172 ,  54 .  10 
2186 ,  54 .  82 
2147 ,  54 .  24 
2150 ,  53 .  22 
2171 ,  53 .  81 
2150 ,  55 .  26 
2082 ,  54 .  39 
2117 ,  53 .  22 
2178 ,  55 .  11 
2186 ,  53 .  81 
2147 ,  53 .  95 
2153 ,  54 .  39 
2172 ,  54 .  82 
2148 ,  55 .  11 
2081 ,  54 .  97 
2123 ,  54 .  39 
2177 ,  53 .  22 
2187 ,  54 .  39 
2148 ,  54 .  82 
2153 ,  53 .  81 
2172 ,  54 .  39 
2147 ,  54 .  82 
2080 ,  53 .  66 
2118 ,  53 .  81 
2177 ,  54 .  97 
2187 ,  54 .  39 
2146 ,  53 .  81 
2154 ,  54 .  39 
2172 ,  54 .  39 
2145 ,  53 .  22 
2077 ,  53 .  81 
2124 ,  54 .  82 
2177 ,  54 .  82 
2183 ,  53 .  66 
2145 ,  53 .  22 
2157 ,  55 .  11 
2175 ,  53 .   8 
2145 ,  53 .  81 
2078 ,  54 .  39 
2126 ,  54 .  39 
2181 ,  55 .  55 
2185 ,  53 .  95 
2145 ,  54 .  97 
2158 ,  54 .  82 
2174 ,  54 .  39 
2145 ,  54 .  68 
2078 ,  54 .  97 
2126 ,  54 .  82 
2178 ,  54 .  97 
2186 ,  55 .  11 
2143 ,  54 .  39 
2153 ,  53 .  81 
2174 ,  54 .  39 
2144 ,  53 .  95 
2073 ,  54 .  24 
2126 ,  54 .  82 
2180 ,  54 .  82 
2186 ,  55 .  40 
2141 ,  54 .  39 
2151 ,  54 .  39 
2171 ,  54 .  24 
2141 ,  54 .  39 
2077 ,  53 .   8 
2129 ,  54 .  39 
2180 ,  53 .  81 
2186 ,  54 .  39 
2141 ,  54 .  97 
2156 ,  54 .  39 
2171 ,  54 .  39 
2142 ,  54 .  82 
2075 ,  55 .  11 
2129 ,  53 .  81 
2181 ,  52 .  64 
2186 ,  53 .  66 
2142 ,  53 .  81 
2160 ,  53 .  81 
2172 ,  53 .  22 
2144 ,  53 .  81 
2078 ,  53 .  81 
2132 ,  53 .  22 
2183 ,  54 .  10 
2184 ,  54 .  10 
2140 ,  53 .  22 
2158 ,  53 .  66 
2174 ,  54 .  10 
2141 ,  53 .  22 
2077 ,  53 .  81 
2130 ,  54 .  39 
2181 ,  53 .  66 
2179 ,  53 .  22 
2136 ,  53 .  22 
2157 ,  53 .  81 
2172 ,  53 .  81 
2137 ,  53 .  81 
2072 ,  53 .  81 
2130 ,  54 .  24 
2177 ,  54 .  10 
2181 ,  53 .  66 
2134 ,  54 .  24 
2156 ,  53 .  22 
2166 ,  54 .  24 
2133 ,  55 .  26 
2069 ,  53 .  52 
2130 ,  53 .  95 
2175 ,  53 .  52 
2177 ,  53 .  81 
2133 ,  53 .  22 
2155 ,  53 .  81 
2167 ,  53 .   8 
2129 ,  53 .  22 
2070 ,  54 .  39 
2127 ,  53 .  52 
2175 ,  54 .  24 
2178 ,  53 .  66 
2128 ,  54 .  39 
2153 ,  53 .  81 
2165 ,  53 .  22 
2132 ,  53 .  22 
2066 ,  53 .  81 
2128 ,  53 .  22 
2178 ,  53 .  95 
2179 ,  54 .  24 
2126 ,  53 .  52 
2152 ,  53 .  37 
2166 ,  53 .  66 
2129 ,  53 .  52 
2067 ,  53 .  81 
2128 ,  53 .  22 
2175 ,  54 .  97 
2176 ,  55 .  40 
2128 ,  54 .  39 
2153 ,  53 .  22 
2164 ,  53 .  22 
2129 ,  53 .  95 
2069 ,  53 .  95 
2135 ,  53 .  66 
2178 ,  53 .  22 
2178 ,  53 .  22 
2129 ,  53 .  81 
2158 ,  53 .   8 
2168 ,  53 .  81 
2131 ,  53 .  66 
2073 ,  53 .  95 
2137 ,  53 .  22 
2182 ,  53 .  66 
2180 ,  53 .  66 
2132 ,  52 .  93 
2162 ,  53 .  22 
2172 ,  53 .  81 
2134 ,  54 .  24 
2075 ,  52 .  64 
2138 ,  54 .  82 
2182 ,  54 .  39 
2177 ,  53 .  37 
2131 ,  53 .  66 
2162 ,  53 .  81 
2170 ,  54 .  24 
2129 ,  53 .  22 
2075 ,  53 .  22 
2138 ,  53 .  52 
2183 ,  53 .  66 
2176 ,  53 .  81 
2130 ,  53 .  95 
2160 ,  52 .  79 
2168 ,  53 .  22 
2128 ,  54 .  24 
2070 ,  53 .  52 
2136 ,  53 .  81 
2182 ,  54 .  10 
2174 ,  53 .   8 
2128 ,  53 .  22 
2160 ,  53 .  95 
2167 ,  53 .  22 
2128 ,  53 .  81 
2072 ,  53 .  22 
2140 ,  53 .  66 
2182 ,  53 .  22 
2175 ,  52 .  64 
2132 ,  53 .  22 
2161 ,  53 .  81 
2167 ,  53 .  22 
2125 ,  53 .  95 
2072 ,  53 .  22 
2142 ,  52 .  64 
2183 ,  52 .  64 
2175 ,  53 .  66 
2132 ,  53 .  22 
2163 ,  53 .  52 
2167 ,  53 .  22 
2127 ,  53 .  66 
2074 ,  53 .  66 
2141 ,  52 .  93 
2185 ,  53 .  81 
2177 ,  53 .  22 
2132 ,  53 .  66 
2164 ,  53 .  37 
2169 ,  53 .  81 
2129 ,  54 .  39 
2078 ,  53 .   8 
2143 ,  53 .  66 
2185 ,  53 .  66 
2179 ,  54 .  39 
2134 ,  53 .  22 
2165 ,  53 .  66 
2169 ,  53 .  81 
2127 ,  52 .  64 
2080 ,  53 .  66 
2144 ,  54 .  24 
2185 ,  54 .  24 
2176 ,  53 .  95 
2135 ,  53 .  52 
2167 ,  53 .  81 
2172 ,  52 .  64 
2129 ,  53 .   8 
2081 ,  52 .  93 
2149 ,  53 .  22 
2190 ,  52 .  64 
2178 ,  54 .  24 
2136 ,  53 .   8 
2171 ,  53 .  22 
2171 ,  53 .  22 
2128 ,  52 .  79 
2078 ,  53 .  95 
2144 ,  53 .  95 
2184 ,  53 .  22 
2172 ,  53 .  81 
2130 ,  54 .  24 
2161 ,  53 .  22 
2164 ,  53 .  22 
2117 ,  53 .  52 
2073 ,  52 .  64 
2146 ,  53 .  95 
2182 ,  53 .  22 
2169 ,  53 .  22 
2130 ,  53 .  81 
2162 ,  53 .  22 
2162 ,  53 .  22 
2115 ,  52 .   6 
2076 ,  53 .  22 
2146 ,  53 .  22 
2182 ,  53 .  37 
2168 ,  53 .  22 
2130 ,  55 .  40 
2161 ,  53 .  22 
2166 ,  53 .  81 
2126 ,  54 .  10 
2085 ,  53 .  22 
2155 ,  53 .  81 
2190 ,  54 .  10 
2179 ,  54 .  97 
2140 ,  53 .  22 
2172 ,  53 .  95 
2172 ,  53 .  22 
2123 ,  53 .  22 
2090 ,  53 .  22 
2157 ,  53 .  22 
2191 ,  52 .  64 
2176 ,  53 .  22 
2141 ,  53 .  95 
2174 ,  53 .  22 
2173 ,  53 .  22 
2124 ,  53 .  22 
2091 ,  53 .  95 
2159 ,  53 .  22 
2195 ,  53 .  81 
2179 ,  53 .  22 
2143 ,  53 .  95 
2173 ,  54 .  10 
2172 ,  53 .  22 
2123 ,  53 .  22 
2089 ,  53 .  66 
2158 ,  53 .  81 
2194 ,  53 .  66 
2177 ,  54 .  24 
2141 ,  53 .  22 
2175 ,  54 .  24 
2172 ,  53 .  52 
2121 ,  54 .  39 
2094 ,  54 .  10 
2161 ,  53 .  52 
2195 ,  53 .  22 
2177 ,  53 .  66 
2142 ,  53 .  81 
2175 ,  53 .  22 
2170 ,  53 .  66 
2121 ,  53 .  22 
2093 ,  54 .  97 
2161 ,  53 .  22 
2193 ,  53 .  95 
2173 ,  53 .  22 
2144 ,  53 .  22 
2175 ,  53 .   8 
2171 ,  52 .  93 
2119 ,  53 .  22 
2098 ,  52 .  64 
2163 ,  53 .  52 
2195 ,  53 .   8 
2176 ,  53 .  22 
2145 ,  53 .  22 
2173 ,  53 .  22 
2170 ,  54 .  10 
2119 ,  53 .  22 
2098 ,  53 .  81 
2166 ,  54 .  39 
2196 ,  53 .  81 
2173 ,  51 .  77 
2146 ,  53 .  81 
2178 ,  53 .  95 
2169 ,  53 .  22 
2117 ,  53 .  22 
2098 ,  54 .  10 
2162 ,  53 .  22 
2194 ,  52 .  64 
2174 ,  53 .  66 
2143 ,  53 .  81 
2173 ,  53 .  22 
2170 ,  53 .  95 
2117 ,  52 .  50 
2099 ,  54 .  39 
2166 ,  53 .  81 
2192 ,  53 .  95 
2173 ,  52 .  93 
2145 ,  53 .  22 
2177 ,  53 .  81 
2171 ,  53 .   8 
2115 ,  52 .  79 
2102 ,  53 .  22 
2168 ,  53 .  81 
2196 ,  53 .  95 
2173 ,  53 .  22 
2149 ,  53 .   8 
2179 ,  53 .  22 
2167 ,  54 .  10 
2116 ,  52 .  64 
2102 ,  54 .  39 
2168 ,  53 .  66 
2198 ,  53 .  52 
2174 ,  53 .  81 
2150 ,  53 .  81 
2178 ,  53 .  22 
2169 ,  52 .  64 
2116 ,  54 .  68 
2104 ,  53 .  52 
2171 ,  53 .  81 
2194 ,  53 .  95 
2172 ,  53 .  22 
2149 ,  52 .  93 
2179 ,  52 .  64 
2170 ,  53 .  37 
2111 ,  52 .  93 
2107 ,  53 .  22 
2174 ,  53 .  22 
2199 ,  53 .  81 
2173 ,  53 .   8 
2150 ,  53 .  81 
2181 ,  53 .  22 
2168 ,  52 .  93 
2112 ,  53 .  22 
2107 ,  54 .  24 
2176 ,  53 .  66 
2198 ,  52 .  79 
2173 ,  53 .  81 
2155 ,  53 .  81 
2183 ,  53 .  95 
2167 ,  53 .  22 
2113 ,  52 .  64 
2111 ,  54 .  24 
2174 ,  53 .  22 
2198 ,  54 .  24 
2170 ,  53 .  22 
2151 ,  53 .  22 
2182 ,  53 .  22 
2170 ,  53 .  22 
2111 ,  53 .  22 
2112 ,  53 .  66 
2175 ,  52 .  93 
2197 ,  52 .  93 
2168 ,  53 .  22 
2155 ,  53 .  81 
2184 ,  53 .  66 
2169 ,  53 .  66 
2110 ,  52 .  79 
2115 ,  54 .  24 
2175 ,  53 .  66 
2200 ,  53 .  66 
2170 ,  53 .  22 
2158 ,  53 .  37 
2183 ,  53 .  22 
2168 ,  53 .  81 
2110 ,  54 .  24 
2116 ,  53 .  81 
2180 ,  53 .  81 
2202 ,  53 .  81 
2171 ,  53 .  81 
2160 ,  53 .  66 
2185 ,  53 .  22 
2169 ,  53 .  22 
2109 ,  53 .  22 
2116 ,  53 .  66 
2182 ,  53 .  22 
2202 ,  53 .  81 
2171 ,  53 .  52 
2163 ,  53 .   8 
2187 ,  54 .  24 
2171 ,  53 .  22 
2111 ,  53 .  66 
2123 ,  53 .  66 
2182 ,  53 .  66 
2203 ,  53 .  66 
2171 ,  53 .  22 
2162 ,  55 .  11 
2185 ,  53 .  22 
2166 ,  53 .  66 
2110 ,  53 .  22 
2122 ,  52 .  50 
2182 ,  53 .  22 
2202 ,  54 .  24 
2167 ,  53 .   8 
2158 ,  53 .  22 
2186 ,  53 .  95 
2167 ,  53 .   8 
2105 ,  53 .  22 
2124 ,  53 .  81 
2186 ,  54 .  24 
2202 ,  53 .  66 
2166 ,  53 .  95 
2163 ,  53 .  81 
2187 ,  53 .  37 
2167 ,  53 .  66 
2105 ,  53 .  22 
2126 ,  53 .  95 
2185 ,  53 .  22 
2201 ,  53 .  81 
2166 ,  53 .  22 
2165 ,  53 .  66 
2185 ,  53 .  81 
2165 ,  53 .  81 
2102 ,  53 .  22 
2125 ,  53 .  81 
2185 ,  53 .  22 
2203 ,  53 .  81 
2166 ,  54 .  10 
2161 ,  54 .  39 
2185 ,  54 .  24 
2165 ,  53 .  66 
2100 ,  53 .  22 
2125 ,  53 .  22 
2186 ,  54 .  10 
2201 ,  54 .  10 
2163 ,  53 .  22 
2162 ,  53 .  66 
2183 ,  53 .  22 
2160 ,  53 .  66 
2098 ,  53 .  95 
2128 ,  53 .  37 
2183 ,  53 .  22 
2200 ,  53 .  66 
2161 ,  53 .  81 
2162 ,  52 .  50 
2186 ,  53 .  22 
2163 ,  53 .  66 
2094 ,  53 .  22 
2127 ,  53 .  22 
2186 ,  53 .  81 
2200 ,  53 .  81 
2161 ,  52 .  50 
2164 ,  53 .  66 
2184 ,  53 .  81 
2161 ,  52 .  64 
2094 ,  54 .  24 
2129 ,  53 .   8 
2187 ,  53 .  81 
2197 ,  53 .  95 
2159 ,  52 .  50 
2165 ,  54 .  10 
2184 ,  53 .  66 
2162 ,  53 .   8 
2094 ,  54 .  24 
2134 ,  53 .  22 
2188 ,  53 .  22 
2199 ,  53 .  22 
2160 ,  54 .  39 
2168 ,  53 .  66 
2186 ,  53 .  81 
2161 ,  53 .  81 
2093 ,  52 .  93 
2136 ,  52 .  50 
2189 ,  53 .  22 
2200 ,  53 .  22 
2160 ,  53 .  81 
2171 ,  54 .  97 
2188 ,  53 .  37 
2159 ,  53 .  22 
2092 ,  54 .  82 
2140 ,  54 .  10 
2190 ,  52 .  93 
2201 ,  54 .  10 
2157 ,  53 .   8 
2168 ,  54 .  10 
2186 ,  52 .  64 
2160 ,  53 .  22 
2089 ,  53 .  95 
2140 ,  53 .  81 
2192 ,  53 .  66 
2198 ,  53 .  66 
2154 ,  53 .  52 
2170 ,  53 .  52 
2188 ,  53 .  22 
2157 ,  52 .  50 
2089 ,  52 .  64 
2142 ,  53 .  95 
2193 ,  53 .  66 
2197 ,  53 .  66 
2153 ,  53 .  22 
2166 ,  53 .   8 
2184 ,  53 .  22 
2153 ,  53 .  66 
2086 ,  53 .  22 
2140 ,  53 .  22 
2192 ,  53 .  22 
2198 ,  53 .  66 
2155 ,  53 .  22 
2171 ,  52 .  64 
2186 ,  54 .  39 
2153 ,  53 .  37 
2085 ,  53 .  37 
2146 ,  53 .  66 
2193 ,  53 .  22 
2198 ,  53 .   8 
2152 ,  53 .  22 
2173 ,  53 .  66 
2185 ,  52 .  93 
2152 ,  53 .  66 
2086 ,  53 .  81 
2146 ,  53 .  22 
2193 ,  53 .  37 
2195 ,  53 .  22 
2150 ,  57 .  43 
2172 ,  53 .  22 
2186 ,  54 .  39 
2152 ,  53 .  22 
2087 ,  53 .  52 
2147 ,  53 .  22 
2195 ,  53 .  52 
2197 ,  52 .  64 
2150 ,  54 .  24 
2174 ,  53 .  66 
2185 ,  53 .  52 
2154 ,  53 .  95 
2089 ,  53 .  66 
2149 ,  53 .  22 
2194 ,  53 .  22 
2196 ,  53 .  22 
2149 ,  52 .  64 
2176 ,  54 .  68 
2185 ,  53 .  22 
2150 ,  53 .  22 
2090 ,  53 .  22 
2151 ,  53 .  22 
2200 ,  54 .  24 
2197 ,  52 .  93 
2149 ,  53 .  22 
2176 ,  53 .  81 
2186 ,  53 .  95 
2151 ,  53 .  22 
2089 ,  54 .  24 
2150 ,  53 .  66 
2196 ,  53 .  52 
2193 ,  53 .  22 
2148 ,  54 .  24 
2176 ,  53 .   8 
2185 ,  53 .  22 
2147 ,  54 .  24 
2087 ,  52 .  64 
2154 ,  53 .  22 
2197 ,  53 .  37 
2195 ,  53 .  66 
2146 ,  54 .  39 
2178 ,  53 .  52 
2184 ,  53 .  22 
2147 ,  53 .  66 
2088 ,  54 .  82 
2153 ,  53 .   8 
2197 ,  52 .  93 
2192 ,  54 .  10 
2144 ,  53 .   8 
2176 ,  54 .  10 
2184 ,  53 .  66 
2144 ,  54 .  10 
2090 ,  53 .  95 
2156 ,  53 .  66 
2197 ,  53 .  52 
2196 ,  53 .   8 
2147 ,  53 .  22 
2175 ,  53 .  52 
2183 ,  53 .  22 
2140 ,  53 .   8 
2086 ,  52 .   6 
2154 ,  53 .  22 
2196 ,  53 .  81 
2191 ,  53 .  22 
2144 ,  51 .  92 
2176 ,  53 .  95 
2182 ,  53 .  52 
2141 ,  52 .  64 
2090 ,  53 .   8 
2157 ,  53 .  22 
2197 ,  53 .  52 
2191 ,  53 .  81 
2145 ,  54 .  39 
2177 ,  52 .  64 
2182 ,  53 .  22 
2141 ,  53 .  95 
2090 ,  53 .  52 
2160 ,  53 .  22 
2200 ,  53 .   8 
2192 ,  53 .  22 
2146 ,  53 .   8 
2180 ,  53 .  66 
2181 ,  53 .  66 
2139 ,  53 .  81 
2089 ,  53 .  22 
2159 ,  53 .  81 
2199 ,  53 .  22 
2189 ,  53 .  22 
2150 ,  53 .  22 
2183 ,  53 .  66 
2183 ,  52 .  64 
2140 ,  53 .  95 
2095 ,  52 .  50 
2165 ,  52 .   6 
2203 ,  53 .  95 
2191 ,  53 .  22 
2151 ,  53 .  66 
2184 ,  54 .  97 
2186 ,  53 .  95 
2139 ,  52 .  50 
2097 ,  53 .  22 
2168 ,  53 .  81 
2204 ,  53 .  66 
2190 ,  53 .  22 
2152 ,  53 .  22 
2182 ,  53 .  66 
2184 ,  53 .   8 
2139 ,  53 .  81 
2102 ,  54 .  24 
2171 ,  54 .  24 
2205 ,  53 .  81 
2191 ,  53 .  81 
2154 ,  53 .  66 
2186 ,  52 .  79 
2184 ,  53 .  22 
2138 ,  53 .  66 
2100 ,  53 .   8 
2172 ,  53 .  66 
2207 ,  53 .  22 
2190 ,  54 .  24 
2153 ,  52 .  93 
2182 ,  53 .  81 
2185 ,  53 .  22 
2136 ,  53 .  95 
2103 ,  52 .   6 
2172 ,  54 .  39 
2204 ,  53 .   8 
2188 ,  53 .  81 
2151 ,  53 .  22 
2185 ,  53 .  66 
2180 ,  53 .   8 
2132 ,  53 .  95 
2103 ,  52 .  21 
2172 ,  54 .  24 
2204 ,  53 .  22 
2187 ,  53 .  22 
2152 ,  53 .  81 
2185 ,  53 .  22 
2180 ,  52 .  93 
2129 ,  53 .  81 
2101 ,  52 .  93 
2172 ,  53 .  52 
2205 ,  53 .  22 
2186 ,  54 .  39 
2153 ,  53 .  22 
2186 ,  53 .  22 
2181 ,  53 .  52 
2129 ,  53 .  22 
2106 ,  53 .  22 
2173 ,  52 .  64 
2203 ,  53 .   8 
2184 ,  53 .   8 
2153 ,  54 .  39 
2182 ,  53 .   8 
2177 ,  53 .  22 
2124 ,  53 .  66 
2104 ,  53 .  81 
2172 ,  53 .   8 
2197 ,  52 .  93 
2176 ,  53 .  22 
2148 ,  53 .  95 
2180 ,  53 .  66 
2173 ,  53 .  22 
2120 ,  53 .  22 
2102 ,  53 .  66 
2170 ,  53 .   8 
2196 ,  53 .   8 
2176 ,  53 .  22 
2148 ,  53 .  81 
2181 ,  53 .   8 
2169 ,  53 .   8 
2118 ,  53 .  22 
2103 ,  53 .  81 
2171 ,  53 .   8 
2199 ,  53 .  22 
2176 ,  54 .  10 
2150 ,  53 .  81 
2179 ,  53 .  22 
2174 ,  53 .  95 
2117 ,  53 .   8 
2107 ,  52 .  93 
2174 ,  53 .  22 
2198 ,  52 .  50 
2169 ,  54 .  10 
2143 ,  52 .  64 
2174 ,  53 .  66 
2163 ,  52 .  93 
2105 ,  53 .  22 
2098 ,  52 .  64 
2166 ,  53 .  22 
2187 ,  52 .  79 
2165 ,  53 .  22 
2143 ,  53 .  22 
2173 ,  52 .  64 
2162 ,  53 .  66 
2103 ,  53 .  95 
2101 ,  52 .   6 
2168 ,  53 .  22 
2191 ,  53 .  22 
2164 ,  53 .  22 
2146 ,  54 .  39 
2173 ,  53 .   8 
2158 ,  53 .   8 
2101 ,  53 .  81 
2104 ,  53 .  81 
2171 ,  53 .  22 
2191 ,  52 .  50 
2162 ,  53 .   8 
2146 ,  54 .  82 
2174 ,  53 .  22 
2160 ,  53 .  22 
2100 ,  53 .   8 
2108 ,  53 .  81 
2173 ,  53 .  22 
2194 ,  53 .  22 
2161 ,  53 .  22 
2147 ,  53 .  22 
2178 ,  54 .  24 
2159 ,  52 .  93 
2101 ,  53 .  52 
2115 ,  53 .  81 
2179 ,  54 .  39 
2198 ,  53 .  81 
2163 ,  52 .  93 
2154 ,  52 .  35 
2182 ,  53 .  22 
2164 ,  53 .  22 
2102 ,  53 .   8 
2120 ,  52 .  64 
2183 ,  53 .  52 
2199 ,  53 .  22 
2168 ,  53 .  22 
2156 ,  53 .  22 
2182 ,  53 .  22 
2162 ,  53 .   8 
2103 ,  53 .  66 
2119 ,  53 .  22 
2182 ,  53 .  66 
2196 ,  52 .   6 
2163 ,  53 .  22 
2158 ,  54 .  24 
2182 ,  53 .  22 
2162 ,  52 .  64 
2099 ,  54 .  10 
2120 ,  53 .  22 
2184 ,  53 .  37 
2197 ,  52 .  93 
2163 ,  53 .  22 
2158 ,  53 .  22 
2182 ,  53 .  22 
2160 ,  53 .   8 
2096 ,  52 .  64 
2123 ,  53 .  66 
2182 ,  53 .  95 
2196 ,  53 .  22 
2162 ,  54 .  24 
2160 ,  52 .  93 
2182 ,  53 .  22 
2158 ,  54 .  39 
2096 ,  53 .   8 
2123 ,  53 .  22 
2183 ,  53 .  81 
2196 ,  53 .  22 
2159 ,  53 .  37 
2158 ,  53 .  22 
2182 ,  53 .  81 
2159 ,  53 .  22 
2090 ,  52 .  64 
2128 ,  53 .  37 
2184 ,  53 .  22 
2196 ,  53 .  81 
2156 ,  54 .  82 
2157 ,  53 .  81 
2181 ,  53 .  22 
2154 ,  53 .   8 
2086 ,  53 .  66 
2125 ,  53 .  22 
2181 ,  52 .  64 
2197 ,  53 .  66 
2154 ,  54 .  39 
2158 ,  52 .  64 
2178 ,  52 .  64 
2152 ,  53 .  22 
2087 ,  53 .  37 
2130 ,  53 .  37 
2184 ,  53 .  22 
2195 ,  53 .  22 
2153 ,  53 .  22 
2161 ,  53 .  81 
2182 ,  53 .  81 
2153 ,  53 .  81 
2085 ,  53 .   8 
2132 ,  53 .   8 
2187 ,  53 .  22 
2194 ,  53 .  95 
2151 ,  53 .  22 
2161 ,  53 .  81 
2182 ,  53 .  22 
2152 ,  53 .  22 
2086 ,  53 .  22 
2136 ,  54 .  39 
2191 ,  53 .  22 
2193 ,  53 .  22 
2152 ,  53 .  66 
2163 ,  53 .   8 
2181 ,  53 .   8 
2151 ,  53 .   8 
2086 ,  53 .   8 
2138 ,  53 .  22 
2189 ,  53 .  22 
2194 ,  53 .  66 
2152 ,  53 .  81 
2165 ,  52 .  79 
2182 ,  52 .  50 
2152 ,  54 .  39 
2087 ,  53 .  22 
2140 ,  52 .  64 
2191 ,  53 .  22 
2193 ,  53 .  22 
2148 ,  53 .  22 
2169 ,  53 .   8 
2182 ,  53 .  22 
2150 ,  52 .   6 
2084 ,  53 .  22 
2140 ,  52 .  64 
2192 ,  53 .  37 
2192 ,  52 .  93 
2147 ,  54 .  10 
2168 ,  53 .  81 
2182 ,  53 .  22 
2147 ,  52 .  64 
2088 ,  53 .  22 
2143 ,  53 .   8 
2192 ,  53 .  22 
2194 ,  53 .  81 
2148 ,  53 .  66 
2171 ,  53 .  81 
2182 ,  53 .  52 
2147 ,  53 .  22 
2083 ,  53 .   8 
2145 ,  53 .  22 
2194 ,  53 .   8 
2194 ,  54 .  10 
2145 ,  53 .  22 
2168 ,  53 .  22 
2175 ,  53 .  22 
2139 ,  53 .  22 
2082 ,  53 .  22 
2146 ,  52 .   6 
2195 ,  52 .  64 
2191 ,  53 .  22 
2145 ,  53 .   8 
2172 ,  53 .  22 
2180 ,  53 .  22 
2143 ,  53 .   8 
2088 ,  53 .  22 
2149 ,  52 .   6 
2194 ,  52 .  64 
2192 ,  53 .  81 
2144 ,  53 .   8 
2172 ,  53 .  22 
2181 ,  53 .   8 
2142 ,  53 .   8 
2087 ,  53 .  37 
2151 ,  52 .   6 
2194 ,  53 .  66 
2188 ,  53 .   8 
2144 ,  52 .   6 
2173 ,  53 .  22 
2181 ,  53 .  22 
2137 ,  53 .  22 
2088 ,  53 .  95 
2155 ,  52 .  79 
2197 ,  53 .  22 
2186 ,  54 .  39 
2143 ,  53 .   8 
2172 ,  53 .  22 
2179 ,  53 .   8 
2138 ,  52 .  93 
2091 ,  53 .  66 
2155 ,  53 .   8 
2197 ,  52 .  93 
2188 ,  52 .  79 
2145 ,  53 .  66 
2176 ,  54 .  10 
2179 ,  53 .  81 
2136 ,  53 .  22 
2092 ,  53 .  52 
2159 ,  52 .  64 
2200 ,  53 .  66 
2188 ,  53 .  37 
2145 ,  53 .  52 
2176 ,  53 .  81 
2178 ,  53 .  66 
2131 ,  53 .  22 
2090 ,  53 .   8 
2159 ,  53 .   8 
2198 ,  54 .  39 
2183 ,  53 .  95 
2143 ,  52 .   6 
2176 ,  53 .  22 
2173 ,  53 .  22 
2128 ,  53 .  22 
2094 ,  53 .  22 
2159 ,  53 .  22 
2198 ,  52 .  64 
2183 ,  53 .  66 
2144 ,  52 .  64 
2175 ,  53 .  22 
2175 ,  53 .   8 
2128 ,  53 .  22 
2094 ,  53 .  22 
2157 ,  53 .  22 
2195 ,  53 .  22 
2182 ,  53 .  22 
2143 ,  51 .  63 
2174 ,  52 .  64 
2172 ,  53 .  66 
2122 ,  52 .  64 
2091 ,  53 .   8 
2158 ,  54 .  39 
2197 ,  53 .  22 
2179 ,  53 .  22 
2144 ,  54 .  39 
2172 ,  53 .  81 
2173 ,  53 .  52 
2120 ,  53 .  22 
2092 ,  53 .  22 
2159 ,  53 .  22 
2193 ,  53 .  22 
2176 ,  52 .   6 
2143 ,  53 .  81 
2172 ,  53 .  52 
2168 ,  52 .  93 
2119 ,  52 .  93 
2094 ,  53 .  66 
2159 ,  53 .  22 
2192 ,  53 .  22 
2173 ,  53 .   8 
2140 ,  52 .  93 
2169 ,  52 .  93 
2166 ,  51 .  48 
2116 ,  53 .  22 
2094 ,  52 .  64 
2159 ,  53 .  22 
2195 ,  53 .  37 
2173 ,  53 .  22 
2144 ,  53 .  22 
2170 ,  53 .  66 
2164 ,  53 .  22 
2113 ,  53 .  81 
2098 ,  53 .  66 
2157 ,  52 .  64 
2192 ,  54 .  24 
2174 ,  53 .  95 
2143 ,  53 .  22 
2173 ,  53 .  81 
2167 ,  53 .  22 
2110 ,  53 .  22 
2101 ,  53 .  66 
2168 ,  53 .   8 
2194 ,  54 .  24 
2172 ,  52 .  93 
2147 ,  52 .  64 
2180 ,  53 .  22 
2165 ,  52 .  79 
2113 ,  53 .  22 
2106 ,  54 .  10 
2168 ,  52 .   6 
2198 ,  53 .   8 
2174 ,  54 .  24 
2148 ,  53 .  22 
2178 ,  53 .  66 
2168 ,  53 .  22 
2111 ,  53 .   8 
2104 ,  53 .  81 
2169 ,  52 .  64 
2196 ,  53 .   8 
2171 ,  53 .  22 
2148 ,  53 .  22 
2175 ,  53 .  22 
2164 ,  52 .  93 
2106 ,  53 .  22 
2107 ,  54 .  24 
2168 ,  53 .  22 
2194 ,  53 .   8 
2167 ,  53 .  22 
2148 ,  52 .  93 
2175 ,  53 .   8 
2161 ,  53 .   8 
2105 ,  53 .   8 
2110 ,  53 .  66 
2170 ,  53 .  81 
2192 ,  53 .  22 
2166 ,  53 .  22 
2149 ,  53 .  22 
2173 ,  53 .  81 
2160 ,  53 .  22 
2099 ,  53 .  22 
2105 ,  53 .  22 
2170 ,  54 .  10 
2191 ,  53 .   8 
2161 ,  52 .  64 
2152 ,  53 .  66 
2173 ,  53 .  22 
2159 ,  53 .  22 
2102 ,  53 .  37 
2111 ,  53 .  22 
2174 ,  53 .  66 
2194 ,  53 .  22 
2159 ,  52 .   6 
2150 ,  52 .  64 
2174 ,  53 .  22 
2157 ,  53 .   8 
2096 ,  53 .   8 
2112 ,  53 .  66 
2172 ,  53 .  22 
2192 ,  53 .  81 
2160 ,  53 .  66 
2150 ,  53 .  66 
2173 ,  52 .  93 
2157 ,  53 .  22 
2095 ,  53 .  22 
2116 ,  53 .  95 
2173 ,  53 .  37 
2192 ,  53 .  22 
2160 ,  53 .  22 
2154 ,  52 .   6 
2177 ,  53 .  22 
2157 ,  53 .  22 
2093 ,  53 .  22 
2114 ,  53 .  66 
2174 ,  52 .  50 
2193 ,  52 .  93 
2159 ,  53 .   8 
2152 ,  52 .  64 
2175 ,  54 .  39 
2154 ,  53 .  52 
2088 ,  52 .  64 
2115 ,  51 .  92 
2175 ,  54 .  10 
2191 ,  53 .  22 
2156 ,  52 .  64 
2154 ,  52 .  64 
2174 ,  53 .  81 
2152 ,  52 .   6 
2087 ,  52 .  64 
2120 ,  53 .  37 
2179 ,  52 .   6 
2192 ,  53 .  81 
2155 ,  53 .  22 
2156 ,  53 .  22 
2176 ,  53 .  81 
2154 ,  53 .  37 
2088 ,  52 .  64 
2123 ,  53 .  22 
2179 ,  54 .  10 
2193 ,  52 .  93 
2153 ,  52 .  93 
2158 ,  52 .  50 
2176 ,  54 .  10 
2153 ,  56 .  56 
2085 ,  53 .  22 
2130 ,  53 .  22 
2183 ,  51 .  92 
2192 ,  53 .  22 
2152 ,  53 .   8 
2154 ,  53 .  66 
2172 ,  52 .  64 
2150 ,  53 .  22 
2082 ,  53 .   8 
2127 ,  53 .  22 
2182 ,  53 .   8 
2191 ,  53 .  66 
2149 ,  53 .   8 
2157 ,  53 .   8 
2173 ,  53 .   8 
2146 ,  53 .  22 
2079 ,  53 .  22 
2128 ,  53 .  22 
2179 ,  53 .  22 
2189 ,  53 .  22 
2146 ,  53 .  22 
2157 ,  53 .   8 
2172 ,  53 .  22 
2146 ,  53 .  22 
2077 ,  53 .   8 
2128 ,  52 .  93 
2180 ,  52 .  50 
2187 ,  53 .  22 
2142 ,  52 .  64 
2157 ,  53 .  81 
2172 ,  53 .  22 
2142 ,  53 .  22 
2075 ,  53 .  22 
2131 ,  53 .  22 
2179 ,  52 .  93 
2185 ,  53 .  22 
2142 ,  53 .  22 
2157 ,  52 .  79 
2169 ,  53 .   8 
2139 ,  53 .  22 
2074 ,  53 .  22 
2125 ,  52 .  93 
2179 ,  52 .  93 
2184 ,  52 .  50 
2138 ,  53 .   8 
2157 ,  53 .  22 
2167 ,  52 .  93 
2137 ,  53 .   8 
2072 ,  53 .   8 
2130 ,  54 .  97 
2179 ,  52 .  50 
2183 ,  52 .  64 
2136 ,  53 .  22 
2158 ,  53 .   8 
2171 ,  53 .  22 
2138 ,  54 .  10 
2073 ,  52 .  64 
2134 ,  52 .  64 
2180 ,  53 .  22 
2182 ,  52 .  64 
2136 ,  53 .   8 
2157 ,  53 .   8 
2168 ,  52 .  93 
2135 ,  53 .   8 
2073 ,  53 .   8 
2137 ,  53 .   8 
2184 ,  54 .  24 
2181 ,  53 .  22 
2136 ,  53 .  81 
2159 ,  53 .  81 
2169 ,  52 .  50 
2131 ,  53 .  22 
2074 ,  54 .  24 
2137 ,  53 .  22 
2182 ,  53 .  81 
2180 ,  53 .  22 
2130 ,  53 .   8 
2157 ,  53 .  81 
2168 ,  53 .  81 
2132 ,  53 .  22 
2071 ,  52 .  64 
2134 ,  53 .  22 
2181 ,  52 .  50 
2180 ,  53 .  22 
2134 ,  53 .  22 
2156 ,  53 .  22 
2166 ,  53 .  22 
2129 ,  52 .   6 
2072 ,  52 .  64 
2140 ,  53 .  37 
2184 ,  52 .  64 
2181 ,  53 .  81 
2136 ,  53 .   8 
2163 ,  53 .   8 
2166 ,  53 .  22 
2127 ,  53 .   8 
2075 ,  53 .  22 
2143 ,  53 .  22 
2184 ,  53 .  66 
2181 ,  53 .  22 
2134 ,  53 .   8 
2165 ,  53 .  22 
2168 ,  53 .  22 
2124 ,  52 .  93 
2075 ,  52 .  93 
2144 ,  52 .  64 
2186 ,  53 .  22 
2177 ,  53 .  22 
2130 ,  53 .  22 
2163 ,  53 .  66 
2164 ,  53 .  22 
2124 ,  53 .  22 
2078 ,  53 .  37 
2145 ,  53 .  22 
2184 ,  53 .   8 
2178 ,  54 .  39 
2135 ,  52 .  93 
2163 ,  53 .  22 
2165 ,  54 .  39 
2123 ,  53 .  22 
2079 ,  53 .  22 
2151 ,  52 .  64 
2186 ,  54 .  24 
2177 ,  53 .  22 
2136 ,  52 .  50 
2167 ,  53 .  52 
2164 ,  53 .  22 
2123 ,  53 .  37 
2079 ,  53 .  22 
2150 ,  53 .  22 
2185 ,  53 .   8 
2175 ,  53 .  52 
2136 ,  53 .  22 
2167 ,  53 .  66 
2161 ,  52 .  79 
2118 ,  53 .  22 
2083 ,  52 .  79 
2154 ,  52 .  64 
2191 ,  52 .  79 
2170 ,  53 .  81 
2135 ,  52 .  64 
2170 ,  53 .  37 
2165 ,  53 .  52 
2121 ,  53 .  22 
2085 ,  53 .  22 
2153 ,  53 .  22 
2188 ,  53 .   8 
2175 ,  54 .  24 
2135 ,  52 .  64 
2170 ,  53 .  22 
2166 ,  53 .   8 
2116 ,  53 .  22 
2090 ,  52 .  79 
2156 ,  53 .  22 
2188 ,  53 .   8 
2174 ,  53 .  22 
2138 ,  52 .  64 
2170 ,  53 .   8 
2164 ,  53 .  66 
2116 ,  53 .  22 
2089 ,  53 .   8 
2158 ,  53 .   8 
2189 ,  52 .  64 
2173 ,  52 .  64 
2139 ,  52 .  64 
2172 ,  53 .  22 
2160 ,  52 .  64 
2115 ,  53 .  66 
2093 ,  53 .  66 
2161 ,  53 .  52 
2190 ,  54 .  24 
2175 ,  53 .  22 
2142 ,  53 .   8 
2175 ,  53 .  22 
2165 ,  53 .  22 
2113 ,  52 .  93 
2097 ,  53 .   8 
2166 ,  53 .  22 
2193 ,  52 .  64 
2172 ,  53 .  22 
2142 ,  53 .   8 
2174 ,  53 .   8 
2161 ,  52 .  79 
2111 ,  54 .  82 
2096 ,  53 .  81 
2165 ,  53 .  66 
2192 ,  53 .   8 
2172 ,  53 .  22 
2145 ,  53 .  66 
2172 ,  52 .  79 
2164 ,  53 .   8 
2112 ,  53 .  81 
2102 ,  54 .  10 
2165 ,  53 .  52 
2191 ,  53 .  22 
2172 ,  52 .  79 
2144 ,  52 .  64 
2176 ,  53 .  37 
2161 ,  53 .   8 
2107 ,  53 .  22 
2104 ,  53 .   8 
2167 ,  54 .  39 
2188 ,  53 .   8 
2167 ,  53 .  22 
2145 ,  53 .  22 
2175 ,  53 .  22 
2162 ,  53 .   8 
2105 ,  53 .  66 
2103 ,  53 .  22 
2167 ,  53 .  81 
2190 ,  53 .   8 
2166 ,  53 .  22 
2147 ,  53 .  22 
2175 ,  53 .  22 
2160 ,  53 .  22 
2103 ,  53 .  22 
2106 ,  53 .  22 
2167 ,  53 .  22 
2191 ,  53 .  22 
2163 ,  54 .  97 
2144 ,  53 .  22 
2174 ,  53 .   8 
2154 ,  53 .  95 
2100 ,  53 .  37 
2105 ,  53 .   8 
2170 ,  53 .   8 
2188 ,  53 .  22 
2160 ,  52 .  64 
2146 ,  52 .  64 
2173 ,  53 .   8 
2154 ,  52 .  35 
2098 ,  52 .  64 
2109 ,  53 .  22 
2172 ,  53 .  22 
2190 ,  53 .  66 
2161 ,  53 .   8 
2148 ,  52 .  93 
2175 ,  52 .  93 
2155 ,  54 .  10 
2098 ,  53 .   8 
2111 ,  53 .  95 
2173 ,  52 .   6 
2188 ,  53 .   8 
2162 ,  53 .  22 
2148 ,  53 .  22 
2172 ,  53 .  22 
2155 ,  52 .  93 
2094 ,  53 .  37 
2114 ,  53 .  22 
2176 ,  53 .  22 
2189 ,  54 .  39 
2156 ,  53 .  22 
2152 ,  53 .   8 
2176 ,  53 .  37 
2151 ,  52 .   6 
2094 ,  52 .  50 
2113 ,  53 .   8 
2174 ,  53 .  22 
2189 ,  53 .  22 
2153 ,  53 .  22 
2147 ,  53 .  22 
2174 ,  53 .  95 
2154 ,  53 .   8 
2088 ,  52 .  64 
2116 ,  53 .  22 
2173 ,  53 .  22 
2189 ,  53 .   8 
2154 ,  53 .   8 
2150 ,  53 .  66 
2173 ,  53 .  37 
2148 ,  53 .  22 
2086 ,  53 .  37 
2114 ,  52 .  64 
2175 ,  53 .   8 
2186 ,  52 .  93 
2150 ,  53 .  37 
2148 ,  53 .   8 
2172 ,  52 .  93 
2145 ,  53 .  81 
2082 ,  53 .  22 
2117 ,  52 .  79 
2174 ,  53 .  22 
2184 ,  53 .  22 
2147 ,  53 .   8 
2149 ,  53 .  22 
2174 ,  52 .   6 
2144 ,  53 .  22 
2081 ,  53 .  22 
2117 ,  52 .  93 
2175 ,  53 .  66 
2183 ,  52 .  64 
2147 ,  53 .  22 
2151 ,  53 .  22 
2169 ,  52 .  79 
2146 ,  53 .  66 
2077 ,  53 .   8 
2117 ,  52 .  64 
2175 ,  52 .  50 
2182 ,  53 .  22 
2141 ,  52 .  93 
2149 ,  52 .  93 
2168 ,  53 .   8 
2138 ,  53 .  22 
2073 ,  52 .  64 
2118 ,  53 .  22 
2176 ,  53 .   8 
2181 ,  53 .  22 
2140 ,  53 .   8 
2151 ,  53 .  22 
2168 ,  53 .  22 
2136 ,  53 .  22 
2072 ,  53 .   8 
2120 ,  53 .   8 
2176 ,  52 .   6 
2182 ,  53 .  22 
2137 ,  52 .  64 
2150 ,  52 .  93 
2168 ,  53 .  22 
2136 ,  53 .  22 
2071 ,  53 .  22 
2123 ,  53 .  22 
2176 ,  52 .  64 
2179 ,  53 .   8 
2137 ,  52 .  64 
2144 ,  52 .  64 
2161 ,  53 .   8 
2130 ,  52 .  64 
2062 ,  52 .  64 
2117 ,  53 .  81 
2170 ,  52 .   6 
2173 ,  52 .  64 
2128 ,  53 .  22 
2147 ,  53 .  37 
2161 ,  53 .  22 
2127 ,  53 .  66 
2064 ,  53 .  37 
2120 ,  53 .  22 
2176 ,  53 .   8 
2176 ,  53 .  66 
2131 ,  52 .  93 
2151 ,  52 .  50 
2167 ,  53 .  66 
2133 ,  53 .  22 
2068 ,  53 .   8 
2128 ,  52 .  50 
2179 ,  52 .  64 
2176 ,  53 .  22 
2133 ,  53 .  22 
2154 ,  53 .  66 
2169 ,  52 .  64 
2131 ,  53 .  81 
2071 ,  53 .  22 
2128 ,  52 .  50 
2177 ,  53 .   8 
2175 ,  53 .  22 
2129 ,  53 .  22 
2152 ,  53 .  22 
2164 ,  53 .  95 
2128 ,  52 .  64 
2065 ,  52 .   6 
2128 ,  53 .  66 
2177 ,  53 .  22 
2175 ,  52 .  50 
2128 ,  53 .   8 
2152 ,  53 .  22 
2165 ,  50 .  90 
2126 ,  53 .  22 
2065 ,  53 .  22 
2130 ,  52 .  35 
2180 ,  52 .  79 
2175 ,  52 .  64 
2130 ,  53 .  22 
2157 ,  52 .  93 
2167 ,  53 .  95 
2129 ,  52 .  64 
2072 ,  52 .  64 
2135 ,  53 .  22 
2181 ,  54 .  10 
2176 ,  53 .  22 
2133 ,  53 .   8 
2157 ,  53 .   8 
2168 ,  52 .  50 
2128 ,  53 .   8 
2071 ,  52 .  50 
2137 ,  53 .   8 
2182 ,  52 .  79 
2178 ,  52 .   6 
2132 ,  53 .   8 
2162 ,  52 .  79 
2169 ,  52 .  93 
2125 ,  52 .  64 
2074 ,  53 .  22 
2139 ,  53 .   8 
2185 ,  53 .  52 
2177 ,  53 .   8 
2134 ,  53 .  37 
2160 ,  52 .  93 
2166 ,  52 .   6 
2127 ,  53 .   8 
2074 ,  53 .  95 
2140 ,  52 .  93 
2183 ,  52 .   6 
2173 ,  52 .  50 
2130 ,  55 .  40 
2159 ,  52 .  79 
2168 ,  53 .   8 
2120 ,  54 .  24 
2071 ,  53 .  22 
2136 ,  53 .   8 
2184 ,  53 .  52 
2170 ,  53 .   8 
2128 ,  52 .  64 
2156 ,  54 .  39 
2163 ,  52 .  93 
2119 ,  53 .   8 
2071 ,  51 .  77 
2140 ,  53 .  22 
2183 ,  52 .  64 
2169 ,  53 .  22 
2130 ,  53 .  66 
2159 ,  52 .  79 
2161 ,  53 .  22 
2115 ,  53 .  81 
2073 ,  53 .  37 
2141 ,  53 .  22 
2184 ,  53 .  52 
2170 ,  53 .   8 
2128 ,  52 .   6 
2158 ,  53 .  22 
2161 ,  52 .  64 
2116 ,  53 .  22 
2074 ,  53 .  22 
2144 ,  52 .   6 
2184 ,  53 .  52 
2169 ,  52 .  64 
2128 ,  53 .  22 
2161 ,  52 .  79 
2161 ,  52 .  35 
2114 ,  53 .  66 
2074 ,  52 .  64 
2143 ,  52 .  35 
2184 ,  53 .  22 
2168 ,  52 .  50 
2130 ,  53 .   8 
2160 ,  53 .  22 
2157 ,  52 .  64 
2113 ,  52 .  64 
2072 ,  52 .   6 
2143 ,  52 .  93 
2179 ,  52 .  64 
2168 ,  53 .  81 
2127 ,  52 .  93 
2160 ,  53 .  81 
2157 ,  53 .  22 
2109 ,  53 .  22 
2075 ,  52 .  79 
2145 ,  52 .  64 
2184 ,  53 .  22 
2169 ,  52 .   6 
2131 ,  53 .  22 
2162 ,  53 .   8 
2163 ,  53 .   8 
2112 ,  53 .  22 
2080 ,  53 .  81 
2151 ,  53 .  22 
2185 ,  53 .  22 
2170 ,  52 .  93 
2134 ,  53 .  81 
2165 ,  53 .   8 
2161 ,  52 .  50 
2110 ,  53 .  22 
2083 ,  52 .  93 
2152 ,  52 .  93 
2187 ,  52 .  79 
2167 ,  53 .  22 
2134 ,  53 .  37 
2165 ,  53 .   8 
2162 ,  52 .  64 
2112 ,  53 .  66 
2085 ,  52 .  64 
2153 ,  52 .  50 
2187 ,  53 .  66 
2169 ,  52 .  64 
2133 ,  51 .  77 
2168 ,  53 .  22 
2161 ,  53 .  52 
2111 ,  52 .  64 
2087 ,  53 .   8 
2155 ,  52 .  50 
2186 ,  53 .  22 
2165 ,  52 .  50 
2133 ,  53 .  22 
2166 ,  53 .  22 
2161 ,  51 .  92 
2108 ,  52 .  64 
2088 ,  53 .  52 
2156 ,  52 .  79 
2187 ,  53 .  22 
2165 ,  52 .  79 
2133 ,  53 .   8 
2168 ,  53 .  66 
2160 ,  52 .  93 
2107 ,  54 .  53 
2087 ,  52 .  64 
2156 ,  53 .  22 
2185 ,  52 .  50 
2164 ,  54 .  24 
2134 ,  53 .   8 
2165 ,  52 .  79 
2159 ,  53 .  22 
2102 ,  53 .   8 
2085 ,  52 .  79 
2156 ,  52 .  64 
2186 ,  53 .   8 
2151 ,  52 .  64 
2113 ,  52 .  35 
2142 ,  53 .   8 
2130 ,  52 .  64 
2073 ,  53 .  22 
2060 ,  53 .   8 
2129 ,  53 .  81 
2160 ,  52 .  79 
2136 ,  52 .  50 
2107 ,  52 .  64 
2137 ,  53 .  22 
2131 ,  53 .  22 
2073 ,  52 .   6 
2062 ,  52 .  64 
2133 ,  52 .  50 
2161 ,  52 .  50 
2138 ,  53 .  22 
2109 ,  52 .  93 
2139 ,  51 .  63 
2131 ,  52 .  50 
2073 ,  53 .  22 
2064 ,  52 .  64 
2136 ,  52 .  93 
2166 ,  53 .  52 
2135 ,  52 .  93 
2111 ,  52 .   6 
2139 ,  53 .  22 
2128 ,  52 .  50 
2068 ,  52 .   6 
2066 ,  53 .   8 
2137 ,  52 .  64 
2161 ,  53 .   8 
2134 ,  53 .  22 
2112 ,  53 .  22 
2142 ,  53 .  22 
2128 ,  53 .  95 
2068 ,  53 .   8 
2067 ,  52 .  93 
2137 ,  52 .  50 
2160 ,  53 .   8 
2136 ,  53 .  37 
2111 ,  52 .  93 
2141 ,  52 .  64 
2127 ,  52 .  50 
2069 ,  52 .  93 
2069 ,  52 .  79 
2137 ,  52 .  50 
2162 ,  53 .  66 
2130 ,  52 .  64 
2113 ,  52 .  64 
2144 ,  53 .  95 
2125 ,  53 .   8 
2064 ,  52 .  64 
2071 ,  52 .  50 
2137 ,  53 .  22 
2162 ,  52 .   6 
2130 ,  54 .  24 
2111 ,  52 .  93 
2142 ,  52 .   6 
2126 ,  53 .  22 
2064 ,  53 .  52 
2072 ,  52 .  93 
2139 ,  52 .  64 
2163 ,  51 .  92 
2129 ,  52 .   6 
2112 ,  54 .  10 
2144 ,  53 .  22 
2126 ,  51 .  92 
2064 ,  52 .  93 
2069 ,  53 .  22 
2138 ,  53 .  22 
2160 ,  52 .   6 
2128 ,  52 .   6 
2114 ,  52 .  64 
2139 ,  52 .  93 
2123 ,  52 .  93 
2059 ,  53 .  22 
2075 ,  54 .  39 
2140 ,  52 .  79 
2162 ,  52 .  79 
2127 ,  53 .  22 
2114 ,  52 .  64 
2142 ,  52 .  50 
2121 ,  52 .  50 
2059 ,  52 .  64 
2075 ,  53 .  22 
2143 ,  52 .  64 
2161 ,  52 .  64 
2127 ,  53 .  22 
2117 ,  53 .   8 
2146 ,  52 .   6 
2125 ,  52 .  79 
2060 ,  53 .  22 
2080 ,  53 .  37 
2143 ,  52 .  79 
2164 ,  53 .   8 
2128 ,  53 .  22 
2118 ,  52 .  79 
2144 ,  53 .   8 
2126 ,  52 .  64 
2058 ,  52 .  64 
2080 ,  53 .  22 
2145 ,  52 .   6 
2161 ,  52 .   6 
2130 ,  53 .  22 
2121 ,  53 .  22 
2146 ,  53 .  22 
2125 ,  52 .  64 
2055 ,  52 .  50 
2082 ,  53 .  22 
2144 ,  52 .   6 
2162 ,  52 .  64 
2123 ,  53 .  22 
2121 ,  52 .   6 
2144 ,  52 .  64 
2122 ,  52 .  79 
2054 ,  52 .  64 
2083 ,  52 .  79 
2147 ,  52 .  64 
2162 ,  53 .  22 
2122 ,  53 .  22 
2122 ,  53 .   8 
2146 ,  53 .   8 
2121 ,  52 .   6 
2061 ,  51 .  77 
2094 ,  53 .  22 
2157 ,  54 .  97 
2171 ,  52 .  64 
2131 ,  53 .   8 
2130 ,  52 .   6 
2151 ,  52 .  64 
2131 ,  52 .   6 
2061 ,  52 .   6 
2096 ,  52 .  64 
2157 ,  53 .   8 
2172 ,  52 .  64 
2131 ,  52 .  50 
2129 ,  52 .  50 
2152 ,  52 .   6 
2128 ,  53 .   8 
2057 ,  52 .  79 
2096 ,  52 .  64 
2158 ,  52 .  79 
2169 ,  52 .  79 
2127 ,  53 .   8 
2132 ,  52 .  50 
2153 ,  52 .   6 
2126 ,  52 .  64 
2058 ,  53 .  66 
2096 ,  52 .   6 
2158 ,  53 .   8 
2168 ,  51 .  92 
2126 ,  54 .  39 
2133 ,  52 .  64 
2155 ,  52 .  64 
2127 ,  52 .  79 
2057 ,  52 .  50 
2104 ,  52 .  50 
2161 ,  52 .   6 
2171 ,  52 .  64 
2126 ,  52 .  79 
2133 ,  52 .  64 
2155 ,  53 .  22 
2128 ,  52 .  79 
2058 ,  52 .  64 
2102 ,  52 .   6 
2159 ,  51 .  48 
2168 ,  53 .   8 
2124 ,  53 .  37 
2132 ,  53 .  22 
2152 ,  52 .  64 
2121 ,  53 .  22 
2053 ,  53 .  22 
2104 ,  52 .   6 
2161 ,  51 .  77 
2172 ,  52 .  64 
2125 ,  52 .  50 
2135 ,  52 .  64 
2155 ,  53 .  22 
2127 ,  52 .  35 
2056 ,  53 .  22 
2103 ,  52 .   6 
2161 ,  52 .  50 
2171 ,  52 .  79 
2123 ,  53 .   8 
2137 ,  52 .  64 
2156 ,  52 .  79 
2128 ,  54 .  39 
2055 ,  53 .  22 
2110 ,  53 .  22 
2165 ,  51 .  92 
2169 ,  52 .  64 
2126 ,  53 .  52 
2137 ,  52 .  35 
2156 ,  52 .  64 
2123 ,  52 .   6 
2051 ,  52 .  64 
2110 ,  53 .  52 
2165 ,  53 .  37 
2172 ,  52 .  64 
2124 ,  52 .  79 
2137 ,  51 .  34 
2154 ,  53 .  22 
2123 ,  53 .   8 
2054 ,  53 .   8 
2111 ,  52 .  64 
2164 ,  53 .   8 
2169 ,  52 .   6 
2120 ,  52 .  64 
2137 ,  52 .   6 
2154 ,  52 .   6 
2123 ,  53 .  37 
2050 ,  52 .  64 
2111 ,  53 .   8 
2164 ,  53 .   8 
2168 ,  52 .   6 
2119 ,  53 .   8 
2139 ,  53 .   8 
2156 ,  53 .  66 
2122 ,  52 .   6 
2051 ,  53 .   8 
2112 ,  52 .  64 
2163 ,  52 .  64 
2168 ,  52 .  50 
2120 ,  52 .  64 
2140 ,  52 .  64 
2155 ,  52 .  64 
2120 ,  53 .  22 
2053 ,  52 .  64 
2115 ,  52 .  93 
2166 ,  53 .  22 
2169 ,  52 .   6 
2120 ,  53 .   8 
2144 ,  53 .  66 
2156 ,  52 .   6 
2121 ,  52 .   6 
2056 ,  53 .  37 
2119 ,  53 .   8 
2169 ,  52 .  64 
2170 ,  53 .  22 
2116 ,  52 .  64 
2142 ,  53 .   8 
2156 ,  53 .   8 
2120 ,  53 .  22 
2053 ,  52 .  64 
2118 ,  53 .  22 
2166 ,  52 .   6 
2169 ,  53 .   8 
2118 ,  53 .  22 
2141 ,  53 .  22 
2155 ,  52 .  64 
2119 ,  52 .   6 
2053 ,  53 .  22 
2120 ,  52 .   6 
2169 ,  52 .  50 
2168 ,  52 .   6 
2114 ,  53 .   8 
2143 ,  53 .   8 
2155 ,  52 .  50 
2118 ,  53 .   8 
2052 ,  53 .   8 
2116 ,  52 .  79 
2168 ,  53 .  22 
2165 ,  55 .  55 
2113 ,  53 .  22 
2140 ,  53 .   8 
2149 ,  52 .   6 
2112 ,  52 .   6 
2051 ,  53 .  22 
2120 ,  55 .  11 
2167 ,  52 .  93 
2161 ,  53 .   8 
2112 ,  53 .   8 
2142 ,  53 .  22 
2152 ,  52 .  64 
2114 ,  53 .   8 
2050 ,  53 .  22 
2119 ,  52 .   6 
2168 ,  53 .  22 
2162 ,  52 .  64 
2109 ,  53 .  52 
2142 ,  52 .  79 
2146 ,  52 .   6 
2110 ,  52 .   6 
2047 ,  52 .   6 
2116 ,  52 .   6 
2164 ,  52 .   6 
2158 ,  53 .   8 
2106 ,  53 .  22 
2140 ,  52 .  64 
2150 ,  53 .   8 
2109 ,  52 .  93 
2049 ,  53 .  22 
2121 ,  53 .   8 
2165 ,  53 .   8 
2162 ,  53 .  95 
2107 ,  53 .  22 
2141 ,  52 .  50 
2150 ,  53 .   8 
2108 ,  53 .  22 
2049 ,  53 .   8 
2122 ,  53 .   8 
2168 ,  53 .  52 
2157 ,  53 .   8 
2105 ,  52 .  64 
2140 ,  52 .   6 
2146 ,  51 .  92 
2105 ,  53 .  22 
2050 ,  53 .  95 
2120 ,  52 .  50 
2166 ,  52 .  93 
2158 ,  52 .  50 
2108 ,  53 .  52 
2141 ,  52 .   6 
2147 ,  52 .   6 
2103 ,  52 .  50 
2045 ,  52 .  64 
2119 ,  53 .   8 
2166 ,  53 .  22 
2155 ,  52 .  79 
2104 ,  52 .  64 
2142 ,  52 .  79 
2144 ,  52 .   6 
2101 ,  52 .  64 
2044 ,  52 .  93 
2119 ,  52 .  64 
2164 ,  52 .  79 
2153 ,  52 .  64 
2104 ,  54 .  24 
2137 ,  53 .  22 
2144 ,  52 .  50 
2102 ,  52 .  64 
2049 ,  52 .  93 
2122 ,  53 .   8 
2164 ,  52 .  50 
2154 ,  52 .  64 
2103 ,  52 .  93 
2140 ,  51 .  77 
2146 ,  52 .  93 
2098 ,  53 .   8 
2052 ,  52 .   6 
2124 ,  53 .  22 
2163 ,  53 .  52 
2157 ,  53 .  22 
2107 ,  53 .   8 
2142 ,  52 .  64 
2143 ,  51 .  63 
2099 ,  52 .  50 
2051 ,  53 .  22 
2127 ,  52 .  50 
2168 ,  53 .  52 
2156 ,  52 .  64 
2107 ,  52 .  64 
2145 ,  53 .  22 
2146 ,  52 .  64 
2102 ,  52 .  79 
2055 ,  52 .   6 
2130 ,  53 .   8 
2171 ,  52 .   6 
2155 ,  52 .  64 
2114 ,  53 .  66 
2147 ,  53 .  37 
2148 ,  51 .  19 
2098 ,  52 .  64 
2059 ,  53 .   8 
2131 ,  52 .  64 
2170 ,  53 .   8 
2158 ,  53 .  22 
2112 ,  51 .  48 
2145 ,  52 .   6 
2146 ,  52 .  79 
2097 ,  52 .  50 
2059 ,  54 .  24 
2133 ,  53 .  22 
2171 ,  52 .   6 
2156 ,  53 .   8 
2111 ,  53 .   8 
2147 ,  52 .   6 
2147 ,  52 .  64 
2097 ,  52 .  93 
2061 ,  53 .  22 
2134 ,  52 .  93 
2172 ,  54 .  39 
2158 ,  52 .  50 
2114 ,  53 .   8 
2149 ,  53 .  22 
2147 ,  52 .  64 
2099 ,  52 .   6 
2061 ,  52 .   6 
2136 ,  53 .  22 
2172 ,  52 .   6 
2157 ,  52 .  50 
2113 ,  52 .  64 
2153 ,  53 .   8 
2147 ,  52 .  50 
2098 ,  52 .  79 
2065 ,  52 .   6 
2138 ,  53 .   8 
2175 ,  52 .   6 
2156 ,  51 .  92 
2115 ,  52 .  50 
2150 ,  52 .  50 
2147 ,  52 .  64 
2100 ,  52 .  64 
2068 ,  53 .  22 
2138 ,  53 .   8 
2174 ,  53 .   8 
2154 ,  52 .  79 
2114 ,  53 .  22 
2152 ,  52 .  79 
2143 ,  52 .  64 
2094 ,  53 .   8 
2063 ,  52 .  79 
2135 ,  52 .   6 
2171 ,  53 .   8 
2155 ,  53 .   8 
2116 ,  52 .  93 
2149 ,  52 .  50 
2145 ,  53 .  22 
2094 ,  52 .  79 
2067 ,  53 .  22 
2140 ,  52 .  64 
2173 ,  51 .  92 
2154 ,  52 .   6 
2117 ,  53 .   8 
2146 ,  53 .   8 
2142 ,  52 .  64 
2093 ,  52 .  64 
2068 ,  53 .   8 
2139 ,  53 .  22 
2172 ,  51 .  92 
2150 ,  50 .  76 
2115 ,  52 .  79 
2148 ,  52 .  64 
2144 ,  53 .  22 
2089 ,  53 .  66 
2067 ,  52 .  35 
2140 ,  52 .  64 
2172 ,  52 .   6 
2146 ,  52 .  64 
2115 ,  53 .  22 
2151 ,  52 .  64 
2145 ,  53 .  22 
2091 ,  52 .   6 
2067 ,  53 .  22 
2142 ,  53 .  22 
2172 ,  51 .  77 
2151 ,  52 .  50 
2115 ,  52 .  79 
2148 ,  52 .   6 
2144 ,  52 .  35 
2087 ,  52 .   6 
2066 ,  53 .  22 
2140 ,  52 .  79 
2169 ,  52 .   6 
2148 ,  52 .  79 
2114 ,  53 .  22 
2150 ,  52 .  50 
2141 ,  52 .  64 
2088 ,  52 .   6 
2070 ,  52 .  93 
2144 ,  52 .  79 
2174 ,  52 .  64 
2150 ,  52 .  50 
2119 ,  52 .  50 
2152 ,  52 .  93 
2141 ,  52 .   6 
2086 ,  53 .  66 
2074 ,  53 .   8 
2144 ,  52 .  93 
2174 ,  51 .  63 
2147 ,  53 .  22 
2117 ,  52 .  64 
2153 ,  52 .   6 
2141 ,  52 .  64 
2082 ,  52 .   6 
2074 ,  53 .   8 
2146 ,  53 .   8 
2173 ,  52 .  64 
2143 ,  52 .   6 
2118 ,  53 .  52 
2149 ,  53 .  81 
2139 ,  51 .  92 
2086 ,  52 .  50 
2075 ,  52 .  93 
2147 ,  52 .  93 
2173 ,  52 .   6 
2147 ,  52 .   6 
2118 ,  53 .  66 
2151 ,  53 .   8 
2141 ,  52 .   6 
2083 ,  52 .  50 
2077 ,  52 .  50 
2146 ,  52 .  64 
2172 ,  52 .  93 
2146 ,  52 .  79 
2117 ,  52 .  93 
2152 ,  52 .  93 
2137 ,  52 .  35 
2083 ,  52 .  64 
2076 ,  52 .   6 
2148 ,  51 .  48 
2175 ,  52 .  50 
2143 ,  52 .  64 
2120 ,  53 .  81 
2155 ,  53 .   8 
2142 ,  52 .  35 
2081 ,  52 .   6 
2078 ,  52 .   6 
2146 ,  52 .  50 
2172 ,  52 .   6 
2144 ,  52 .  64 
2123 ,  52 .   6 
2152 ,  52 .  50 
2139 ,  52 .  50 
2077 ,  52 .  64 
2078 ,  53 .   8 
2147 ,  52 .   6 
2169 ,  52 .  64 
2138 ,  52 .  79 
2116 ,  51 .  92 
2147 ,  52 .  50 
2134 ,  52 .  50 
2073 ,  52 .   6 
2074 ,  52 .  64 
2140 ,  52 .  50 
2165 ,  52 .  35 
2135 ,  52 .   6 
2113 ,  52 .   6 
2146 ,  52 .  64 
2130 ,  52 .   6 
2065 ,  52 .   6 
2076 ,  54 .  24 
2142 ,  51 .  92 
2163 ,  50 .  76 
2132 ,  51 .  92 
2115 ,  52 .  64 
2141 ,  52 .   6 
2124 ,  52 .  50 
2064 ,  52 .  50 
2070 ,  52 .  64 
2142 ,  53 .   8 
2161 ,  52 .  64 
2132 ,  52 .   6 
2114 ,  53 .  22 
2144 ,  51 .  63 
2125 ,  52 .  64 
2062 ,  52 .  79 
2077 ,  52 .  50 
2142 ,  54 .  39 
2161 ,  52 .  50 
2126 ,  52 .  64 
2112 ,  53 .   8 
2142 ,  53 .   8 
2124 ,  52 .   6 
2062 ,  52 .  64 
2073 ,  51 .  92 
2142 ,  53 .  22 
2158 ,  52 .  64 
2125 ,  51 .  77 
2109 ,  51 .  92 
2140 ,  53 .  66 
2120 ,  52 .  93 
2058 ,  52 .  50 
2073 ,  52 .   6 
2140 ,  52 .   6 
2157 ,  52 .  79 
2123 ,  52 .  93 
2110 ,  52 .  93 
2140 ,  52 .  64 
2118 ,  53 .   8 
2055 ,  52 .   6 
2072 ,  52 .  64 
2140 ,  52 .  50 
2156 ,  52 .  50 
2120 ,  52 .   6 
2111 ,  52 .   6 
2137 ,  52 .  64 
2116 ,  52 .  64 
2049 ,  52 .   6 
2074 ,  52 .  50 
2135 ,  52 .  64 
2156 ,  53 .   8 
2120 ,  51 .  48 
2110 ,  52 .  93 
2138 ,  51 .  63 
2116 ,  52 .  50 
2050 ,  52 .   6 
2075 ,  52 .  93 
2141 ,  52 .  79 
2160 ,  53 .  22 
2123 ,  53 .  22 
2118 ,  52 .   6 
2142 ,  53 .  81 
2122 ,  53 .  22 
2050 ,  52 .  50 
2085 ,  52 .  50 
2149 ,  52 .   6 
2164 ,  51 .  19 
2126 ,  52 .   6 
2117 ,  51 .  92 
2142 ,  52 .  50 
2122 ,  53 .  22 
2048 ,  52 .  93 
2082 ,  51 .  48 
2149 ,  52 .  64 
2160 ,  53 .   8 
2124 ,  52 .   6 
2116 ,  52 .  50 
2144 ,  52 .  50 
2119 ,  52 .  64 
2054 ,  52 .  50 
2084 ,  52 .  93 
2148 ,  52 .  79 
2161 ,  52 .  64 
2120 ,  52 .  50 
2121 ,  53 .  22 
2144 ,  53 .   8 
2118 ,  52 .  93 
2051 ,  53 .   8 
2083 ,  52 .   6 
2146 ,  52 .   6 
2158 ,  52 .  93 
2118 ,  52 .   6 
2114 ,  52 .   6 
2139 ,  52 .  64 
2113 ,  53 .  22 
2045 ,  52 .   6 
2084 ,  53 .   8 
2146 ,  52 .  50 
2155 ,  52 .  64 
2114 ,  52 .   6 
2118 ,  53 .   8 
2141 ,  51 .  92 
2114 ,  52 .  50 
2044 ,  52 .   6 
2086 ,  52 .  50 
2148 ,  52 .  50 
2156 ,  52 .  64 
2116 ,  53 .  22 
2117 ,  52 .  64 
2139 ,  52 .  64 
2112 ,  53 .  22 
2041 ,  52 .   6 
2084 ,  52 .  64 
2146 ,  51 .  63 
2155 ,  52 .   6 
2112 ,  52 .  50 
2119 ,  52 .   6 
2136 ,  52 .  93 
2109 ,  52 .  93 
2041 ,  52 .  50 
2085 ,  53 .  22 
2152 ,  52 .  50 
2158 ,  51 .  34 
2115 ,  52 .  64 
2119 ,  52 .  64 
2140 ,  52 .  64 
2114 ,  52 .  79 
2040 ,  52 .  79 
2089 ,  52 .   6 
2150 ,  51 .  34 
2160 ,  52 .  50 
2111 ,  52 .   6 
2118 ,  53 .  81 
2139 ,  52 .  50 
2107 ,  52 .  64 
2040 ,  52 .  64 
2090 ,  53 .   8 
2148 ,  51 .  92 
2155 ,  52 .   6 
2110 ,  52 .  50 
2119 ,  51 .  34 
2140 ,  52 .   6 
2110 ,  53 .   8 
2037 ,  52 .  64 
2091 ,  52 .   6 
2149 ,  52 .  64 
2158 ,  53 .  22 
2110 ,  52 .  35 
2122 ,  53 .  22 
2143 ,  52 .  50 
2109 ,  52 .   6 
2040 ,  52 .  64 
2098 ,  52 .   6 
2151 ,  52 .   6 
2156 ,  52 .  50 
2108 ,  53 .   8 
2120 ,  52 .  50 
2140 ,  52 .  50 
2108 ,  53 .   8 
2041 ,  52 .  79 
2097 ,  52 .   6 
2152 ,  53 .   8 
2158 ,  52 .  79 
2106 ,  52 .  35 
2122 ,  52 .  64 
2142 ,  52 .  79 
2109 ,  52 .  50 
2042 ,  52 .  64 
2098 ,  52 .  79 
2155 ,  52 .  64 
2159 ,  52 .  50 
2109 ,  52 .  50 
2125 ,  52 .  64 
2146 ,  52 .  21 
2108 ,  52 .  35 
2039 ,  50 .  76 
2097 ,  53 .   8 
2155 ,  52 .   6 
2154 ,  53 .  22 
2107 ,  53 .  22 
2126 ,  53 .  22 
2143 ,  52 .  64 
2107 ,  52 .  64 
2040 ,  53 .   8 
2104 ,  52 .  64 
2153 ,  52 .  64 
2158 ,  52 .   6 
2107 ,  53 .  22 
2127 ,  52 .  64 
2143 ,  52 .  50 
2108 ,  52 .   6 
2041 ,  53 .  22 
2103 ,  53 .  81 
2158 ,  52 .  50 
2157 ,  52 .  64 
2103 ,  52 .   6 
2126 ,  54 .  39 
2137 ,  52 .  50 
2103 ,  53 .  22 
2038 ,  53 .   8 
2100 ,  52 .  64 
2153 ,  52 .  50 
2154 ,  53 .  22 
2102 ,  52 .   6 
2123 ,  52 .  64 
2138 ,  52 .  50 
2100 ,  52 .  35 
2039 ,  52 .   6 
2101 ,  52 .  64 
2156 ,  53 .  37 
2154 ,  52 .  35 
2102 ,  52 .  64 
2128 ,  53 .  22 
2140 ,  52 .   6 
2104 ,  53 .  22 
2040 ,  52 .   6 
2103 ,  52 .   6 
2154 ,  53 .  22 
2152 ,  52 .  35 
2099 ,  53 .   8 
2128 ,  52 .   6 
2141 ,  52 .  50 
2103 ,  53 .   8 
2040 ,  52 .  50 
2107 ,  52 .  64 
2157 ,  53 .  22 
2156 ,  52 .   6 
2104 ,  52 .  79 
2128 ,  51 .  77 
2142 ,  53 .   8 
2105 ,  52 .  79 
2041 ,  52 .   6 
2109 ,  52 .   6 
2158 ,  53 .   8 
2154 ,  52 .  50 
2103 ,  52 .  50 
2130 ,  52 .  64 
2141 ,  52 .  64 
2098 ,  52 .  64 
2040 ,  53 .   8 
2106 ,  53 .   8 
2156 ,  52 .  50 
2150 ,  52 .   6 
2099 ,  53 .  66 
2128 ,  53 .  37 
2141 ,  52 .  79 
2099 ,  52 .  64 
2040 ,  52 .   6 
2108 ,  52 .   6 
2157 ,  52 .   6 
2154 ,  52 .  93 
2102 ,  52 .  50 
2130 ,  51 .  19 
2142 ,  52 .  64 
2101 ,  52 .  79 
2043 ,  52 .   6 
2110 ,  52 .  64 
2160 ,  52 .  79 
2152 ,  52 .   6 
2100 ,  53 .   8 
2127 ,  52 .  93 
2138 ,  52 .  50 
2095 ,  52 .   6 
2042 ,  52 .  64 
2110 ,  52 .   6 
2160 ,  53 .   8 
2150 ,  52 .   6 
2104 ,  53 .  22 
2132 ,  52 .  64 
2141 ,  52 .  64 
2099 ,  52 .  79 
2046 ,  52 .   6 
2115 ,  52 .  50 
2163 ,  52 .  50 
2151 ,  52 .   6 
2105 ,  52 .  64 
2136 ,  53 .   8 
2143 ,  52 .   6 
2097 ,  52 .  64 
2048 ,  52 .  79 
2114 ,  52 .  93 
2160 ,  51 .  48 
2151 ,  52 .  64 
2102 ,  52 .  64 
2133 ,  52 .  50 
2143 ,  52 .  64 
2097 ,  52 .  64 
2049 ,  51 .  48 
2119 ,  52 .  50 
2161 ,  52 .   6 
2151 ,  51 .  92 
2106 ,  52 .  64 
2134 ,  52 .  93 
2145 ,  52 .  79 
2098 ,  51 .  92 
2051 ,  53 .   8 
2116 ,  51 .  92 
2162 ,  53 .   8 
2152 ,  52 .  35 
2106 ,  51 .  48 
2136 ,  53 .  66 
2140 ,  52 .   6 
2093 ,  51 .  19 
2048 ,  53 .  52 
2117 ,  52 .  64 
2163 ,  52 .  64 
2149 ,  52 .  93 
2103 ,  52 .  93 
2133 ,  53 .  66 
2139 ,  51 .  92 
2092 ,  52 .   6 
2048 ,  53 .  66 
2122 ,  52 .   6 
2164 ,  52 .   6 
2150 ,  52 .  50 
2104 ,  52 .  50 
2138 ,  52 .  50 
2141 ,  53 .   8 
2092 ,  52 .   6 
2053 ,  52 .   6 
2123 ,  53 .  81 
2163 ,  52 .   6 
2146 ,  53 .   8 
2105 ,  52 .  93 
2134 ,  54 .  10 
2139 ,  52 .   6 
2090 ,  53 .  22 
2052 ,  51 .  92 
2124 ,  52 .  93 
2163 ,  52 .   6 
2150 ,  52 .  64 
2105 ,  52 .  93 
2136 ,  53 .  22 
2140 ,  52 .   6 
2094 ,  52 .  50 
2054 ,  52 .  93 
2124 ,  52 .  50 
2164 ,  52 .  50 
2146 ,  53 .  66 
2107 ,  52 .  64 
2138 ,  53 .  22 
2141 ,  52 .  64 
2089 ,  52 .  50 
2056 ,  52 .  79 
2121 ,  52 .  79 
2163 ,  52 .  50 
2145 ,  52 .   6 
2104 ,  52 .  35 
2138 ,  52 .  79 
2137 ,  52 .   6 
2086 ,  52 .  64 
2053 ,  52 .  50 
2121 ,  52 .  64 
2163 ,  52 .  79 
2145 ,  52 .   6 
2106 ,  52 .   6 
2136 ,  53 .   8 
2137 ,  52 .  93 
2087 ,  52 .   6 
2058 ,  52 .  21 
2124 ,  52 .  79 
2161 ,  52 .   6 
2142 ,  52 .  64 
2104 ,  52 .  64 
2135 ,  52 .  50 
2130 ,  53 .  22 
2080 ,  51 .  92 
2051 ,  52 .   6 
2120 ,  52 .  79 
2159 ,  52 .  93 
2139 ,  51 .  92 
2101 ,  53 .  22 
2133 ,  53 .  22 
2132 ,  52 .  64 
2080 ,  51 .  48 
2056 ,  53 .  22 
2124 ,  52 .   6 
2163 ,  52 .  21 
2138 ,  52 .  79 
2104 ,  52 .  93 
2136 ,  52 .   6 
2132 ,  52 .  64 
2078 ,  52 .  35 
2057 ,  53 .   8 
2128 ,  52 .  64 
2163 ,  51 .  77 
2140 ,  52 .   6 
2107 ,  53 .   8 
2135 ,  53 .   8 
2133 ,  52 .   6 
2078 ,  53 .  81 
2059 ,  53 .   8 
2128 ,  52 .  93 
2165 ,  52 .   6 
2140 ,  51 .  92 
2110 ,  53 .   8 
2142 ,  53 .  22 
2136 ,  52 .   6 
2082 ,  52 .  50 
2062 ,  53 .  22 
2133 ,  52 .   6 
2163 ,  52 .  79 
2142 ,  52 .   6 
2114 ,  52 .  64 
2140 ,  52 .   6 
2137 ,  52 .  50 
2082 ,  52 .   6 
2067 ,  53 .  81 
2130 ,  52 .  50 
2166 ,  52 .  35 
2138 ,  52 .   6 
2110 ,  52 .  64 
2140 ,  52 .  64 
2133 ,  52 .  64 
2080 ,  53 .  81 
2069 ,  52 .   6 
2132 ,  52 .  64 
2166 ,  53 .  22 
2140 ,  52 .   6 
2114 ,  53 .   8 
2144 ,  53 .  37 
2137 ,  52 .   6 
2078 ,  52 .  64 
2068 ,  52 .  64 
2138 ,  52 .   6 
2168 ,  53 .   8 
2140 ,  52 .  50 
2113 ,  52 .  79 
2146 ,  53 .   8 
2130 ,  52 .  64 
2075 ,  52 .   6 
2068 ,  53 .  22 
2135 ,  52 .   6 
2166 ,  52 .   6 
2138 ,  52 .  64 
2115 ,  52 .  50 
2144 ,  52 .  50 
2133 ,  52 .   6 
2076 ,  52 .   6 
2075 ,  52 .  79 
2138 ,  52 .  64 
2168 ,  53 .  22 
2138 ,  52 .  64 
2118 ,  52 .   6 
2145 ,  52 .  93 
2135 ,  52 .  79 
2075 ,  52 .   6 
2078 ,  53 .  22 
2141 ,  53 .  22 
2171 ,  51 .  48 
2139 ,  53 .  22 
2116 ,  52 .  64 
2146 ,  53 .  81 
2136 ,  52 .  50 
2073 ,  52 .   6 
2080 ,  52 .  64 
2142 ,  53 .   8 
2167 ,  52 .   6 
2138 ,  53 .   8 
2122 ,  52 .   6 
2146 ,  51 .  77 
2134 ,  52 .  64 
2074 ,  52 .   6 
2081 ,  52 .  64 
2146 ,  52 .  93 
2171 ,  52 .  79 
2137 ,  52 .   6 
2122 ,  52 .  50 
2146 ,  52 .  79 
2135 ,  52 .   6 
2074 ,  53 .  22 
2080 ,  52 .   6 
2143 ,  53 .   8 
2170 ,  53 .  22 
2136 ,  51 .  34 
2120 ,  52 .  50 
2145 ,  52 .  50 
2131 ,  52 .  64 
2072 ,  52 .  50 
2079 ,  52 .   6 
2147 ,  52 .  64 
2170 ,  52 .   6 
2133 ,  52 .  64 
2126 ,  52 .  93 
2150 ,  53 .  52 
2134 ,  52 .  35 
2072 ,  52 .  50 
2087 ,  52 .  79 
2148 ,  52 .   6 
2172 ,  53 .  95 
2136 ,  52 .   6 
2125 ,  52 .  64 
2153 ,  52 .  50 
2131 ,  52 .  64 
2067 ,  52 .   6 
2086 ,  52 .  35 
2149 ,  53 .  22 
2168 ,  52 .  79 
2132 ,  52 .  64 
2126 ,  52 .   6 
2149 ,  52 .   6 
2132 ,  52 .  93 
2068 ,  52 .  50 
2091 ,  52 .  79 
2150 ,  52 .   6 
2169 ,  52 .  35 
2132 ,  52 .  35 
2125 ,  52 .  50 
2150 ,  53 .   8 
2129 ,  52 .   6 
2066 ,  52 .  64 
2090 ,  51 .  92 
2150 ,  52 .  79 
2169 ,  52 .   6 
2131 ,  52 .   6 
2125 ,  53 .  22 
2147 ,  54 .  82 
2130 ,  52 .  50 
2063 ,  52 .   6 
2086 ,  53 .  22 
2152 ,  52 .   6 
2169 ,  52 .   6 
2131 ,  53 .  22 
2126 ,  53 .  22 
2150 ,  52 .  64 
2128 ,  52 .  50 
2061 ,  52 .  64 
2094 ,  52 .  93 
2154 ,  52 .  64 
2169 ,  52 .   6 
2128 ,  53 .   8 
2128 ,  53 .   8 
2149 ,  52 .   6 
2126 ,  52 .   6 
2062 ,  52 .  93 
2091 ,  53 .  22 
2148 ,  52 .  64 
2165 ,  53 .   8 
2124 ,  53 .  22 
2127 ,  53 .   8 
2147 ,  52 .  93 
2125 ,  53 .   8 
2058 ,  52 .  64 
2096 ,  52 .   6 
2151 ,  53 .  22 
2166 ,  53 .  22 
2122 ,  52 .  64 
2126 ,  51 .  48 
2146 ,  53 .  95 
2123 ,  53 .  66 
2055 ,  52 .  64 
2094 ,  53 .   8 
2154 ,  52 .  50 
2165 ,  52 .   6 
2122 ,  53 .  22 
2128 ,  50 .  90 
2144 ,  52 .  64 
2120 ,  52 .  64 
2052 ,  53 .  22 
2092 ,  52 .  64 
2154 ,  52 .  93 
2160 ,  54 .  10 
2117 ,  52 .   6 
2124 ,  53 .  22 
2144 ,  52 .   6 
2117 ,  52 .   6 
2048 ,  53 .  22 
2099 ,  52 .  64 
2154 ,  52 .  64 
2162 ,  51 .  77 
2117 ,  53 .   8 
2128 ,  52 .   6 
2143 ,  51 .  92 
2116 ,  52 .   6 
2050 ,  53 .  22 
2095 ,  52 .   6 
2155 ,  53 .  22 
2162 ,  52 .  50 
2113 ,  52 .  64 
2126 ,  53 .  22 
2143 ,  53 .  66 
2114 ,  52 .   6 
2046 ,  52 .  64 
2098 ,  53 .   8 
2152 ,  52 .  64 
2161 ,  52 .   6 
2114 ,  53 .  22 
2128 ,  52 .  50 
2142 ,  52 .  93 
2113 ,  52 .   6 
2050 ,  53 .  22 
2103 ,  52 .   6 
2156 ,  52 .  64 
2160 ,  52 .  93 
2114 ,  52 .  79 
2125 ,  53 .   8 
2146 ,  53 .   8 
2114 ,  52 .  50 
2044 ,  53 .  22 
2104 ,  52 .  64 
2154 ,  52 .  64 
2157 ,  52 .  50 
2109 ,  53 .   8 
2133 ,  52 .  64 
2143 ,  52 .  79 
2111 ,  52 .  64 
2048 ,  53 .  22 
2106 ,  52 .   6 
2156 ,  53 .  81 
2162 ,  52 .   6 
2110 ,  52 .   6 
2134 ,  53 .   8 
2144 ,  54 .  39 
2113 ,  52 .  50 
2044 ,  52 .  93 
2110 ,  52 .  50 
2155 ,  52 .  50 
2162 ,  53 .  22 
2108 ,  52 .  64 
2134 ,  52 .  50 
2144 ,  52 .   6 
2110 ,  52 .   6 
2046 ,  52 .  64 
2110 ,  53 .   8 
2156 ,  52 .  93 
2158 ,  52 .  50 
2105 ,  53 .   8 
2135 ,  53 .   8 
2147 ,  53 .  22 
2102 ,  52 .   6 
2043 ,  53 .   8 
2110 ,  52 .  64 
2156 ,  53 .   8 
2157 ,  52 .   6 
2105 ,  53 .   8 
2136 ,  53 .   8 
2142 ,  52 .  64 
2104 ,  52 .  50 
2043 ,  53 .   8 
2112 ,  52 .   6 
2155 ,  53 .   8 
2156 ,  52 .  50 
2099 ,  53 .   8 
2131 ,  52 .  50 
2135 ,  53 .  22 
2098 ,  52 .   6 
2042 ,  52 .   6 
2107 ,  53 .   8 
2153 ,  52 .   6 
2151 ,  52 .   6 
2102 ,  53 .  52 
2128 ,  53 .  22 
2138 ,  52 .  64 
2100 ,  52 .  35 
2044 ,  52 .  64 
2113 ,  52 .   6 
2158 ,  52 .  93 
2152 ,  52 .   6 
2103 ,  52 .   6 
2136 ,  52 .  64 
2139 ,  52 .  64 
2097 ,  52 .  64 
2046 ,  52 .  93 
2109 ,  52 .  64 
2154 ,  53 .  37 
2151 ,  52 .   6 
2102 ,  52 .  50 
2135 ,  52 .   6 
2135 ,  52 .   6 
2098 ,  53 .   8 
2044 ,  52 .  64 
2116 ,  53 .   8 
2155 ,  52 .   6 
2150 ,  53 .   8 
2104 ,  53 .  22 
2137 ,  52 .  64 
2138 ,  53 .   8 
2098 ,  53 .  22 
2046 ,  52 .  64 
2117 ,  52 .   6 
2158 ,  53 .   8 
2150 ,  52 .  79 
2103 ,  52 .  35 
2136 ,  53 .  81 
2134 ,  53 .   8 
2092 ,  52 .  64 
2045 ,  52 .  93 
2119 ,  51 .  92 
2160 ,  52 .   6 
2148 ,  53 .   8 
2104 ,  53 .   8 
2133 ,  52 .  64 
2133 ,  53 .  22 
2091 ,  53 .  22 
2049 ,  52 .  50 
2121 ,  53 .  81 
2162 ,  53 .   8 
2149 ,  52 .  93 
2103 ,  52 .   6 
2139 ,  52 .  50 
2136 ,  52 .  64 
2092 ,  52 .   6 
2053 ,  52 .  64 
2124 ,  50 .  90 
2157 ,  53 .  22 
2145 ,  52 .  50 
2102 ,  52 .   6 
2133 ,  52 .  64 
2134 ,  53 .   8 
2087 ,  52 .   6 
2048 ,  52 .  50 
2123 ,  53 .   8 
2157 ,  53 .  22 
2144 ,  51 .  48 
2106 ,  52 .  64 
2139 ,  53 .  22 
2135 ,  52 .  64 
2088 ,  53 .  22 
2054 ,  52 .   6 
2127 ,  53 .   8 
2159 ,  52 .  79 
2144 ,  52 .   6 
2107 ,  52 .  64 
2139 ,  52 .   6 
2133 ,  52 .  64 
2088 ,  53 .  22 
2052 ,  52 .   6 
2124 ,  52 .  64 
2154 ,  52 .  50 
2140 ,  52 .  64 
2104 ,  52 .  64 
2137 ,  52 .   6 
2134 ,  52 .  50 
2081 ,  52 .   6 
2055 ,  52 .  64 
2130 ,  52 .  79 
2159 ,  53 .  52 
2142 ,  52 .  50 
2105 ,  52 .  64 
2133 ,  52 .  64 
2134 ,  53 .  66 
2083 ,  52 .   6 
2061 ,  52 .  64 
2131 ,  53 .  37 
2157 ,  52 .   6 
2144 ,  52 .  64 
2109 ,  52 .  79 
2141 ,  52 .  93 
2128 ,  52 .  64 
2080 ,  52 .  79 
2060 ,  52 .   6 
2131 ,  52 .  50 
2159 ,  52 .   6 
2142 ,  53 .  22 
2112 ,  52 .  64 
2143 ,  52 .   6 
2135 ,  52 .  64 
2081 ,  52 .   6 
2065 ,  52 .  64 
2136 ,  53 .   8 
2161 ,  52 .  79 
2143 ,  52 .  64 
2114 ,  53 .  22 
2148 ,  52 .   6 
2136 ,  52 .  50 
2082 ,  52 .  64 
2064 ,  51 .  48 
2140 ,  52 .  64 
2163 ,  53 .  66 
2141 ,  52 .  64 
2112 ,  52 .  50 
2144 ,  52 .   6 
2131 ,  52 .  64 
2080 ,  52 .   6 
2070 ,  52 .  64 
2140 ,  52 .  21 
2165 ,  52 .  93 
2142 ,  53 .   8 
2116 ,  51 .  92 
2146 ,  52 .  64 
2131 ,  52 .  50 
2076 ,  53 .   8 
2071 ,  53 .   8 
2141 ,  52 .  50 
2166 ,  52 .  79 
2135 ,  52 .  64 
2114 ,  52 .  50 
2146 ,  52 .   6 
2132 ,  52 .  93 
2079 ,  52 .  64 
2074 ,  52 .  93 
2142 ,  52 .  79 
2161 ,  52 .  50 
2138 ,  52 .  64 
2117 ,  53 .  52 
2146 ,  51 .  48 
2129 ,  53 .  22 
2072 ,  53 .  22 
2075 ,  53 .  81 
2144 ,  52 .  64 
2165 ,  52 .  64 
2133 ,  52 .  64 
2118 ,  52 .  79 
2145 ,  52 .  93 
2126 ,  52 .  50 
2070 ,  52 .  50 
2076 ,  52 .  50 
2143 ,  52 .   6 
2162 ,  53 .  81 
2133 ,  52 .  50 
2117 ,  52 .  64 
2146 ,  52 .  64 
2124 ,  51 .  77 
2064 ,  53 .  22 
2077 ,  52 .  64 
2143 ,  52 .   6 
2162 ,  52 .  64 
2131 ,  52 .   6 
2117 ,  52 .  64 
2148 ,  52 .  64 
2125 ,  52 .  64 
2066 ,  52 .  79 
2082 ,  52 .   6 
2148 ,  52 .  64 
2162 ,  52 .  79 
2129 ,  52 .  64 
2122 ,  51 .  77 
2148 ,  52 .  64 
2123 ,  52 .  50 
2065 ,  53 .   8 
2084 ,  52 .  64 
2148 ,  52 .  50 
2162 ,  53 .  81 
2125 ,  52 .  64 
2114 ,  51 .  48 
2148 ,  53 .  22 
2122 ,  52 .   6 
2062 ,  53 .  22 
2087 ,  52 .   6 
2149 ,  52 .   6 
2168 ,  52 .   6 
2129 ,  52 .   6 
2124 ,  52 .  64 
2149 ,  52 .  79 
2123 ,  53 .   8 
2063 ,  52 .   6 
2091 ,  52 .  50 
2151 ,  52 .   6 
2164 ,  53 .  22 
2125 ,  52 .  64 
2124 ,  52 .  50 
2145 ,  52 .  50 
2119 ,  52 .  79 
2056 ,  52 .  50 
2088 ,  51 .  77 
2150 ,  52 .  50 
2156 ,  52 .  93 
2120 ,  52 .   6 
2121 ,  52 .   6 
2143 ,  52 .  50 
2115 ,  52 .   6 
2054 ,  52 .  64 
2090 ,  51 .  77 
2145 ,  52 .  64 
2158 ,  53 .  22 
2119 ,  52 .  50 
2126 ,  52 .  50 
2144 ,  52 .   6 
2113 ,  51 .  34 
2050 ,  53 .  66 
2092 ,  53 .   8 
2152 ,  52 .   6 
2154 ,  52 .   6 
2117 ,  52 .  64 
2124 ,  52 .   6 
2144 ,  52 .   6 
2111 ,  53 .  22 
2043 ,  51 .  48 
2091 ,  52 .  35 
2150 ,  53 .  22 
2155 ,  52 .  64 
2112 ,  52 .   6 
2125 ,  52 .   6 
2144 ,  52 .   6 
2110 ,  53 .  37 
2043 ,  52 .  64 
2097 ,  51 .  34 
2154 ,  52 .  64 
2156 ,  52 .  93 
2114 ,  51 .  48 
2128 ,  52 .  64 
2145 ,  53 .   8 
2109 ,  53 .   8 
2043 ,  52 .  64 
2099 ,  52 .  50 
2154 ,  52 .  35 
2154 ,  53 .  22 
2108 ,  52 .   6 
2126 ,  53 .   8 
2142 ,  53 .   8 
2105 ,  52 .  93 
2042 ,  52 .   6 
2099 ,  51 .  77 
2152 ,  52 .  64 
2154 ,  53 .  22 
2108 ,  52 .  50 
2130 ,  52 .  64 
2144 ,  52 .   6 
2105 ,  52 .   6 
2046 ,  53 .   8 
2104 ,  52 .   6 
2156 ,  52 .  50 
2153 ,  51 .  48 
2109 ,  51 .  92 
2132 ,  51 .  92 
2144 ,  53 .  22 
2107 ,  52 .  64 
2043 ,  52 .  79 
2106 ,  52 .  50 
2156 ,  52 .  50 
2152 ,  52 .  50 
2106 ,  51 .  92 
2131 ,  51 .  63 
2144 ,  52 .  64 
2107 ,  52 .  50 
2042 ,  52 .   6 
2107 ,  51 .  48 
2158 ,  53 .   8 
2155 ,  52 .  79 
2104 ,  51 .  34 
2134 ,  51 .  92 
2146 ,  52 .  79 
2102 ,  52 .   6 
2048 ,  52 .  50 
2113 ,  51 .  92 
2161 ,  51 .  48 
2157 ,  52 .   6 
2106 ,  52 .  50 
2134 ,  52 .   6 
2146 ,  52 .  50 
2100 ,  52 .  64 
2041 ,  52 .  50 
2112 ,  52 .  64 
2158 ,  52 .  79 
2152 ,  52 .  93 
2103 ,  53 .  22 
2136 ,  52 .  64 
2145 ,  52 .  50 
2100 ,  52 .   6 
2048 ,  52 .  79 
2116 ,  52 .   6 
2162 ,  52 .  64 
2158 ,  52 .   6 
2106 ,  52 .  64 
2138 ,  52 .  93 
2147 ,  53 .  66 
2099 ,  52 .  50 
2049 ,  52 .  50 
2120 ,  52 .  50 
2165 ,  52 .  64 
2154 ,  53 .  81 
2106 ,  52 .  79 
2137 ,  52 .  93 
2143 ,  52 .   6 
2098 ,  53 .  37 
2048 ,  52 .  64 
2120 ,  52 .  64 
2164 ,  55 .  26 
2152 ,  52 .   6 
2110 ,  52 .  64 
2143 ,  52 .  50 
2149 ,  52 .   6 
2098 ,  53 .  81 
2055 ,  51 .  63 
2125 ,  52 .  64 
2168 ,  53 .   8 
2150 ,  52 .  50 
2107 ,  52 .   6 
2142 ,  51 .  92 
2144 ,  52 .  35 
2099 ,  51 .  34 
2056 ,  52 .  50 
2123 ,  52 .   6 
2163 ,  52 .   6 
2147 ,  52 .  93 
2105 ,  52 .  79 
2137 ,  52 .  50 
2139 ,  52 .  79 
2089 ,  52 .  93 
2053 ,  51 .  92 
2123 ,  52 .  64 
2163 ,  52 .  93 
2150 ,  54 .  24 
2108 ,  52 .   6 
2142 ,  52 .  50 
2139 ,  52 .  64 
2089 ,  52 .  50 
2056 ,  52 .  79 
2124 ,  51 .  77 
2163 ,  51 .  92 
2146 ,  52 .  64 
2106 ,  52 .  64 
2140 ,  52 .  64 
2138 ,  52 .  64 
2086 ,  52 .  64 
2056 ,  52 .  79 
2126 ,  52 .  93 
2159 ,  52 .  64 
2138 ,  52 .  64 
2105 ,  53 .   8 
2140 ,  52 .   6 
2136 ,  52 .   6 
2083 ,  53 .  22 
2057 ,  52 .  50 
2127 ,  53 .   8 
2164 ,  52 .  64 
2139 ,  52 .  64 
2110 ,  53 .   8 
2142 ,  52 .   6 
2140 ,  51 .  77 
2082 ,  52 .   6 
2061 ,  52 .   6 
2134 ,  52 .  64 
2164 ,  52 .   6 
2134 ,  50 .  90 
2107 ,  52 .  50 
2141 ,  52 .   6 
2133 ,  52 .   6 
2078 ,  52 .  50 
2060 ,  51 .  19 
2134 ,  52 .  64 
2161 ,  52 .  64 
2133 ,  53 .   8 
2106 ,  52 .   6 
2139 ,  52 .   6 
2129 ,  52 .   6 
2072 ,  53 .   8 
2062 ,  51 .  63 
2131 ,  51 .  63 
2158 ,  53 .  22 
2134 ,  52 .  64 
2108 ,  52 .  50 
2141 ,  52 .  93 
2130 ,  52 .   6 
2069 ,  53 .  22 
2060 ,  52 .  64 
2128 ,  51 .  92 
2157 ,  50 .  90 
2128 ,  53 .   8 
2106 ,  52 .  79 
2139 ,  52 .  35 
2129 ,  52 .  50 
2066 ,  52 .  50 
2063 ,  52 .  64 
2131 ,  53 .   8 
2161 ,  52 .  64 
2128 ,  52 .  64 
2110 ,  52 .  79 
2140 ,  52 .   6 
2126 ,  51 .  92 
2066 ,  53 .  22 
2064 ,  53 .  37 
2136 ,  52 .  64 
2160 ,  52 .  79 
2125 ,  52 .   6 
2108 ,  53 .  22 
2139 ,  52 .   6 
2120 ,  52 .  64 
2064 ,  52 .   6 
2065 ,  52 .  50 
2136 ,  52 .  79 
2159 ,  52 .  64 
2128 ,  52 .  50 
2108 ,  52 .   6 
2140 ,  52 .   6 
2123 ,  52 .  50 
2059 ,  49 .  74 
2072 ,  51 .  92 
2139 ,  53 .  22 
2161 ,  51 .  92 
2125 ,  52 .  35 
2114 ,  52 .  93 
2142 ,  52 .  64 
2125 ,  52 .  50 
2058 ,  52 .  50 
2075 ,  52 .   6 
2140 ,  52 .  64 
2159 ,  52 .  93 
2124 ,  52 .   6 
2110 ,  53 .   8 
2139 ,  52 .   6 
2122 ,  52 .  50 
2057 ,  53 .  66 
2076 ,  52 .   6 
2142 ,  52 .  93 
2159 ,  53 .  81 
2121 ,  53 .   8 
2113 ,  51 .  92 
2141 ,  51 .  63 
2122 ,  52 .   6 
2052 ,  52 .  64 
2078 ,  52 .  50 
2141 ,  52 .   6 
2159 ,  52 .   6 
2122 ,  53 .   8 
2113 ,  52 .  50 
2140 ,  52 .  64 
2116 ,  53 .  37 
2053 ,  52 .   6 
2079 ,  51 .  48 
2142 ,  52 .  79 
2157 ,  52 .  64 
2114 ,  53 .  22 
2113 ,  52 .   6 
2140 ,  53 .   8 
2117 ,  53 .  22 
2045 ,  51 .  92 
2080 ,  52 .  79 
2142 ,  53 .  22 
2158 ,  52 .  50 
2114 ,  53 .  95 
2113 ,  52 .  64 
2142 ,  52 .  64 
2116 ,  52 .  79 
2045 ,  52 .  79 
2084 ,  52 .   6 
2146 ,  52 .  64 
2157 ,  52 .  50 
2114 ,  53 .   8 
2118 ,  52 .  64 
2137 ,  52 .   6 
2110 ,  52 .  64 
2039 ,  52 .   6 
2079 ,  52 .   6 
2143 ,  52 .  50 
2158 ,  53 .  22 
2113 ,  52 .   6 
2120 ,  52 .   6 
2140 ,  52 .  35 
2112 ,  51 .  63 
2044 ,  52 .  50 
2083 ,  52 .  93 
2148 ,  52 .  79 
2152 ,  52 .  64 
2110 ,  53 .  22 
2121 ,  52 .  79 
2141 ,  52 .   6 
2114 ,  52 .  93 
2040 ,  54 .  82 
2094 ,  52 .  64 
2149 ,  52 .  93 
2154 ,  51 .  77 
2107 ,  53 .   8 
2120 ,  53 .  66 
2142 ,  52 .  79 
2109 ,  52 .   6 
2035 ,  52 .  64 
2091 ,  52 .  64 
2148 ,  52 .  50 
2153 ,  52 .  35 
2106 ,  52 .  93 
2122 ,  52 .  93 
2142 ,  53 .   8 
2108 ,  52 .  50 
2035 ,  50 .  90 
2093 ,  52 .  64 
2149 ,  52 .  50 
2152 ,  52 .  64 
2100 ,  51 .  92 
2122 ,  52 .  64 
2140 ,  52 .  50 
2107 ,  52 .  64 
2034 ,  53 .  81 
2094 ,  52 .   6 
2146 ,  52 .   6 
2151 ,  51 .  92 
2103 ,  52 .  64 
2121 ,  52 .   6 
2137 ,  52 .   6 
2106 ,  53 .  22 
2033 ,  52 .   6 
2096 ,  52 .   6 
2150 ,  53 .  66 
2152 ,  52 .  79 
2097 ,  52 .   6 
2125 ,  52 .  50 
2139 ,  52 .   6 
2103 ,  52 .   6 
2034 ,  53 .  22 
2102 ,  53 .  22 
2153 ,  52 .   6 
2152 ,  52 .  50 
2096 ,  53 .  52 
2125 ,  52 .  50 
2136 ,  52 .   6 
2089 ,  51 .  77 
2018 ,  52 .   6 
2087 ,  52 .  64 
2141 ,  51 .  92 
2137 ,  52 .   6 
2083 ,  52 .  50 
2113 ,  52 .   6 
2125 ,  52 .   6 
2086 ,  52 .  64 
2020 ,  52 .  64 
2093 ,  52 .   6 
2142 ,  52 .  64 
2141 ,  52 .  50 
2091 ,  52 .  50 
2118 ,  52 .  79 
2132 ,  52 .   6 
2096 ,  53 .  22 
2031 ,  52 .  64 
2102 ,  52 .  35 
2151 ,  52 .  50 
2146 ,  52 .  79 
2091 ,  51 .  77 
2124 ,  52 .  64 
2130 ,  51 .  63 
2090 ,  52 .  93 
2033 ,  52 .   6 
2105 ,  52 .   6 
2154 ,  52 .   6 
2145 ,  52 .   6 
2093 ,  52 .  50 
2128 ,  52 .  64 
2133 ,  52 .  64 
2090 ,  52 .  79 
2032 ,  52 .   6 
2106 ,  52 .   6 
2150 ,  52 .  64 
2145 ,  52 .  50 
2091 ,  52 .  50 
2126 ,  53 .  22 
2132 ,  52 .   6 
2086 ,  52 .  64 
2028 ,  52 .  93 
2104 ,  52 .  64 
2148 ,  52 .  64 
2140 ,  52 .   6 
2088 ,  53 .  66 
2125 ,  53 .  22 
2129 ,  51 .  92 
2086 ,  52 .  64 
2038 ,  52 .  64 
2109 ,  52 .   6 
2150 ,  52 .  93 
2140 ,  52 .  35 
2090 ,  53 .   8 
2128 ,  52 .  64 
2130 ,  52 .   6 
2086 ,  52 .  64 
2052 ,  52 .  64 
2132 ,  52 .   6 
2172 ,  52 .  64 
2161 ,  52 .   6 
2114 ,  52 .  79 
2148 ,  52 .   6 
2153 ,  53 .   8 
2106 ,  52 .  79 
2061 ,  52 .   6 
2136 ,  52 .   6 
2172 ,  52 .   6 
2159 ,  52 .  93 
2113 ,  51 .  48 
2154 ,  52 .  50 
2152 ,  53 .   8 
2104 ,  51 .  34 
2062 ,  53 .   8 
2140 ,  53 .  22 
2174 ,  52 .   6 
2161 ,  52 .  64 
2120 ,  52 .  79 
2153 ,  52 .   6 
2154 ,  53 .  37 
2102 ,  51 .  63 
2067 ,  52 .  64 
2141 ,  52 .   6 
2175 ,  53 .  22 
2158 ,  52 .  50 
2115 ,  52 .  64 
2155 ,  52 .  64 
2152 ,  52 .  50 
2102 ,  52 .  93 
2071 ,  52 .  93 
2145 ,  52 .  64 
2180 ,  53 .  22 
2159 ,  52 .  64 
2120 ,  52 .   6 
2156 ,  52 .  79 
2153 ,  53 .  22 
2104 ,  52 .  79 
2073 ,  52 .   6 
2148 ,  52 .  64 
2179 ,  53 .   8 
2161 ,  51 .  92 
2124 ,  52 .  50 
2162 ,  53 .  22 
2156 ,  52 .  93 
2101 ,  52 .  50 
2075 ,  52 .  64 
2148 ,  52 .   6 
2180 ,  52 .  64 
2159 ,  53 .  22 
2124 ,  52 .  93 
2161 ,  52 .   6 
2155 ,  52 .  50 
2101 ,  52 .  50 
2080 ,  52 .  50 
2154 ,  53 .   8 
2183 ,  52 .  64 
2160 ,  52 .  64 
2127 ,  52 .  93 
2164 ,  51 .  92 
2153 ,  53 .  52 
2100 ,  52 .  50 
2084 ,  53 .  22 
2156 ,  52 .   6 
2184 ,  52 .  64 
2161 ,  53 .   8 
2129 ,  52 .  93 
2160 ,  52 .  64 
2151 ,  52 .  64 
2093 ,  52 .  64 
2083 ,  52 .  64 
2157 ,  53 .   8 
2183 ,  53 .   8 
2150 ,  53 .   8 
2127 ,  52 .   6 
2165 ,  52 .  64 
2149 ,  52 .   6 
2094 ,  53 .  22 
2089 ,  52 .  35 
2158 ,  52 .  50 
2186 ,  53 .   8 
2156 ,  52 .   6 
2130 ,  53 .  22 
2166 ,  52 .  93 
2152 ,  53 .   8 
2090 ,  52 .  79 
2091 ,  52 .  50 
2162 ,  52 .  50 
2183 ,  52 .   6 
2154 ,  52 .  64 
2132 ,  53 .  22 
2161 ,  52 .  93 
2144 ,  51 .  77 
2090 ,  52 .  79 
2090 ,  52 .   6 
2162 ,  53 .  81 
2184 ,  53 .   8 
2145 ,  53 .  22 
2131 ,  52 .  64 
2166 ,  52 .  64 
2147 ,  52 .   6 
2086 ,  52 .   6 
2095 ,  52 .  93 
2162 ,  52 .  93 
2181 ,  52 .  35 
2149 ,  52 .   6 
2134 ,  52 .  64 
2164 ,  52 .   6 
2146 ,  52 .  64 
2082 ,  52 .   6 
2097 ,  52 .   6 
2167 ,  52 .  79 
2183 ,  52 .   6 
2150 ,  52 .  64 
2135 ,  52 .  93 
2165 ,  52 .  64 
2145 ,  52 .  64 
2084 ,  53 .  22 
2100 ,  51 .  92 
2167 ,  52 .   6 
2182 ,  52 .  79 
2144 ,  52 .   6 
2136 ,  53 .   8 
2166 ,  53 .  22 
2143 ,  52 .   6 
2076 ,  52 .  64 
2101 ,  53 .  22 
2165 ,  52 .   6 
2179 ,  52 .  79 
2143 ,  52 .  35 
2138 ,  53 .  22 
2166 ,  52 .  64 
2143 ,  52 .  50 
2076 ,  52 .  64 
2106 ,  50 .  61 
2168 ,  53 .  22 
2181 ,  53 .   8 
2141 ,  52 .   6 
2139 ,  52 .  64 
2165 ,  52 .  50 
2138 ,  52 .  64 
2074 ,  53 .   8 
2107 ,  52 .   6 
2167 ,  52 .  64 
2178 