8 .  87 
 938 ,  49 .   2 
 979 ,  48 .  87 
1014 ,  48 .  58 
1056 ,  49 .  74 
1088 ,  49 .  16 
1124 ,  48 .  44 
1163 ,  49 .  60 
1204 ,  47 .  42 
1258 ,  50 .  32 
1301 ,  49 .  16 
1334 ,  48 .  44 
1360 ,  49 .  74 
1383 ,  48 .  58 
1407 ,  48 .  58 
1436 ,  48 .  58 
1466 ,  49 .   2 
1496 ,  49 .  74 
1522 ,  49 .  31 
1552 ,  48 .  73 
1582 ,  49 .  60 
1608 ,  48 .  73 
1634 ,  48 .  73 
1651 ,  49 .  16 
1664 ,  47 .  86 
1673 ,  48 .  58 
1681 ,  49 .  60 
1684 ,  49 .  74 
1681 ,  49 .   2 
1680 ,  48 .  58 
1676 ,  49 .  60 
1675 ,  49 .   2 
1682 ,  48 .  58 
1688 ,  49 .   2 
1707 ,  48 .  44 
1722 ,  49 .  74 
1740 ,  49 .  16 
1762 ,  49 .  60 
1780 ,  49 .  60 
1802 ,  49 .   2 
1814 ,  48 .  44 
1826 ,  48 .  73 
1834 ,  49 .   2 
1838 ,  48 .  73 
1848 ,  48 .  73 
1848 ,  49 .   2 
1851 ,  48 .  44 
1854 ,  48 .  44 
1852 ,  49 .  16 
1854 ,  49 .   2 
1858 ,  48 .  44 
1856 ,  49 .  74 
1862 ,  49 .  16 
1872 ,  49 .  16 
1885 ,  49 .  60 
1903 ,  49 .  16 
1930 ,  49 .  16 
1958 ,  49 .  16 
1992 ,  49 .  16 
2019 ,  49 .  16 
2050 ,  48 .   0 
2082 ,  49 .  60 
2107 ,  48 .  29 
2126 ,  49 .  74 
2143 ,  49 .  60 
2160 ,  48 .  73 
2162 ,  50 .  18 
2168 ,  49 .  45 
2175 ,  48 .  73 
2177 ,  47 .  42 
2179 ,  49 .  16 
2182 ,  48 .  44 
2180 ,  49 .  16 
2180 ,  49 .  60 
2177 ,  49 .  31 
2169 ,  47 .  42 
2165 ,  48 .   0 
2166 ,  49 .  60 
2165 ,  48 .  58 
2165 ,  48 .  44 
2171 ,  49 .  60 
2168 ,  48 .  58 
2167 ,  48 .  58 
2161 ,  48 .  73 
2155 ,  47 .  28 
2156 ,  49 .  16 
2156 ,  49 .   2 
2151 ,  48 .  58 
2149 ,  48 .  44 
2155 ,  49 .  16 
2153 ,  48 .  29 
2148 ,  48 .   0 
2146 ,  47 .  28 
2146 ,  48 .  58 
2149 ,  49 .  74 
2158 ,  49 .  60 
2160 ,  49 .  16 
2170 ,  48 .  44 
2177 ,  48 .  58 
2175 ,  49 .   2 
2178 ,  49 .  16 
2180 ,  49 .  16 
2181 ,  49 .  45 
2179 ,  49 .   2 
2181 ,  48 .  58 
2185 ,  49 .  74 
2188 ,  49 .  60 
2189 ,  49 .  74 
2187 ,  49 .  16 
2193 ,  49 .  31 
2201 ,  48 .  58 
2209 ,  47 .  86 
2221 ,  48 .  58 
2231 ,  48 .  44 
2234 ,  48 .  29 
2241 ,  48 .  87 
2243 ,  49 .   2 
2250 ,  46 .  12 
2256 ,  48 .  58 
2262 ,  49 .   2 
2263 ,  49 .  16 
2273 ,  48 .   0 
2276 ,  49 .  74 
2281 ,  48 .  58 
2272 ,  48 .  58 
2272 ,  48 .   0 
2275 ,  48 .  58 
2272 ,  48 .  58 
2265 ,  50 .  18 
2261 ,  48 .  58 
2250 ,  48 .   0 
2238 ,  48 .  58 
2218 ,  48 .  58 
2205 ,  48 .   0 
2186 ,  48 .  58 
2170 ,  50 .  18 
2156 ,  49 .  16 
2148 ,  49 .  16 
2146 ,  48 .  87 
2148 ,  48 .  58 
2148 ,  48 .  44 
2158 ,  49 .   2 
2166 ,  48 .  58 
2174 ,  46 .  99 
2184 ,  48 .  87 
2202 ,  48 .  44 
2217 ,  48 .  29 
2231 ,  48 .  73 
2248 ,  48 .  15 
2264 ,  49 .  16 
2279 ,  48 .  44 
2291 ,  50 .  18 
2296 ,  48 .  44 
2310 ,  48 .  87 
2314 ,  48 .   0 
2312 ,  49 .  31 
2311 ,  49 .  74 
2308 ,  49 .   2 
2305 ,  48 .   0 
2301 ,  47 .  42 
2306 ,  48 .  44 
2312 ,  48 .   0 
2311 ,  48 .  87 
2310 ,  48 .  73 
2313 ,  47 .  42 
2316 ,  48 .  87 
2319 ,  49 .   2 
2321 ,  49 .   2 
2325 ,  48 .  58 
2334 ,  47 .  28 
2340 ,  48 .  15 
2342 ,  48 .  87 
2339 ,  49 .  16 
2337 ,  48 .  58 
2329 ,  47 .  42 
2322 ,  49 .  16 
2317 ,  48 .  29 
2317 ,  48 .  58 
2315 ,  49 .  16 
2313 ,  48 .  58 
2321 ,  49 .   2 
2322 ,  49 .   2 
2326 ,  49 .  31 
2340 ,  49 .   2 
2349 ,  48 .  44 
2359 ,  48 .  44 
2366 ,  48 .  44 
2374 ,  49 .  74 
2371 ,  48 .  58 
2375 ,  48 .   0 
2374 ,  49 .  16 
2375 ,  48 .  58 
2376 ,  47 .  28 
2381 ,  48 .  73 
2381 ,  48 .  44 
2381 ,  47 .  42 
2380 ,  48 .  44 
2383 ,  49 .   2 
2386 ,  48 .  73 
2393 ,  48 .  58 
2398 ,  48 .   0 
2412 ,  49 .  16 
2420 ,  49 .  16 
2427 ,  48 .  58 
2427 ,  48 .  58 
2434 ,  49 .  60 
2431 ,  47 .  42 
2432 ,  48 .  29 
2434 ,  47 .  42 
2440 ,  49 .  74 
2444 ,  48 .   0 
2447 ,  49 .  31 
2445 ,  47 .  42 
2450 ,  47 .  42 
2448 ,  49 .  16 
2450 ,  48 .   0 
2446 ,  46 .  84 
2454 ,  48 .  44 
2451 ,  48 .  58 
2458 ,  49 .  45 
2451 ,  46 .  70 
2453 ,  47 .  28 
2448 ,  47 .  42 
2444 ,  48 .  58 
2447 ,  48 .  44 
2451 ,  47 .  42 
2454 ,  49 .   2 
2452 ,  47 .  42 
2450 ,  48 .  73 
2454 ,  47 .  42 
2449 ,  48 .   0 
2448 ,  48 .   0 
2450 ,  49 .  31 
2455 ,  48 .   0 
2452 ,  47 .  28 
2458 ,  48 .   0 
2456 ,  49 .  31 
2458 ,  48 .  15 
2457 ,  48 .  29 
2457 ,  49 .  31 
2455 ,  48 .  29 
2462 ,  47 .  28 
2466 ,  49 .  74 
2464 ,  48 .  87 
2463 ,  47 .  42 
2468 ,  48 .  29 
2462 ,  46 .  26 
2462 ,  48 .  44 
2463 ,  47 .  42 
2466 ,  48 .  29 
2466 ,  48 .  15 
2469 ,  48 .  58 
2465 ,  48 .   0 
2468 ,  47 .  86 
2464 ,  48 .   0 
2460 ,  49 .  31 
2456 ,  48 .  58 
2465 ,  47 .  71 
2470 ,  47 .  86 
2472 ,  47 .  86 
2472 ,  48 .   0 
2478 ,  47 .  42 
2473 ,  46 .  99 
2468 ,  47 .  86 
2463 ,  48 .  44 
2470 ,  48 .  15 
2470 ,  47 .  42 
2474 ,  48 .  44 
2472 ,  48 .  15 
2476 ,  48 .   0 
2476 ,  47 .  86 
2469 ,  47 .  57 
2461 ,  47 .  42 
2468 ,  48 .   0 
2468 ,  48 .   0 
2470 ,  48 .  44 
2474 ,  47 .  13 
2477 ,  47 .  42 
2478 ,  48 .  58 
2470 ,  47 .  42 
2467 ,  47 .  86 
2468 ,  48 .   0 
2468 ,  46 .  70 
2468 ,  48 .  58 
2464 ,  47 .  13 
2469 ,  48 .  44 
2472 ,  48 .  44 
2469 ,  46 .  84 
2465 ,  48 .  58 
2474 ,  47 .  28 
2476 ,  47 .  42 
2475 ,  48 .  29 
2478 ,  48 .  44 
2480 ,  47 .  42 
2479 ,  48 .   0 
2472 ,  48 .  58 
2469 ,  48 .  29 
2476 ,  47 .  42 
2480 ,  48 .  44 
2479 ,  47 .  28 
2480 ,  47 .  42 
2483 ,  47 .  86 
2481 ,  47 .  42 
2473 ,  46 .  84 
2468 ,  46 .  84 
2474 ,  48 .  58 
2475 ,  49 .  60 
2475 ,  46 .  55 
2474 ,  48 .  44 
2476 ,  48 .   0 
2472 ,  48 .  15 
2466 ,  48 .  58 
2454 ,  48 .  29 
2455 ,  48 .  15 
2456 ,  48 .  58 
2455 ,  47 .  86 
2457 ,  47 .  86 
2461 ,  47 .  86 
2457 ,  48 .  29 
2460 ,  47 .  71 
2454 ,  48 .   0 
2453 ,  47 .  86 
2452 ,  47 .  86 
2449 ,  47 .  42 
2449 ,  46 .  12 
2454 ,  48 .  58 
2453 ,  47 .  42 
2454 ,  47 .  42 
2450 ,  49 .  74 
2457 ,  47 .  42 
2461 ,  48 .   0 
2462 ,  48 .  44 
2460 ,  47 .  13 
2462 ,  48 .  58 
2460 ,  47 .  28 
2455 ,  45 .  97 
2449 ,  47 .  28 
2453 ,  47 .  42 
2455 ,  46 .  99 
2457 ,  47 .  86 
2455 ,  46 .  84 
2460 ,  48 .  58 
2462 ,  48 .   0 
2458 ,  47 .  86 
2454 ,  48 .  87 
2453 ,  48 .  44 
2455 ,  48 .  15 
2456 ,  49 .  16 
2452 ,  47 .  42 
2452 ,  49 .   2 
2451 ,  48 .   0 
2449 ,  48 .  87 
2445 ,  48 .  29 
2443 ,  48 .  29 
2444 ,  47 .  42 
2442 ,  48 .  44 
2443 ,  49 .  16 
2449 ,  48 .  58 
2450 ,  48 .   0 
2448 ,  48 .  58 
2445 ,  48 .   0 
2443 ,  48 .   0 
2443 ,  48 .  87 
2446 ,  47 .  42 
2442 ,  49 .   2 
2447 ,  48 .   0 
2448 ,  48 .  44 
2445 ,  48 .  58 
2444 ,  48 .   0 
2444 ,  48 .   0 
2447 ,  48 .  44 
2445 ,  48 .  58 
2449 ,  47 .  28 
2453 ,  48 .  44 
2452 ,  47 .  86 
2449 ,  47 .  42 
2448 ,  48 .  44 
2446 ,  48 .  44 
2447 ,  46 .  99 
2446 ,  47 .  86 
2448 ,  48 .   0 
2454 ,  48 .  44 
2451 ,  48 .  58 
2456 ,  49 .   2 
2447 ,  48 .  44 
2447 ,  47 .  13 
2441 ,  48 .   0 
2448 ,  48 .  44 
2448 ,  49 .   2 
2452 ,  48 .  44 
2454 ,  49 .   2 
2451 ,  46 .  70 
2448 ,  47 .  42 
2450 ,  48 .  29 
2448 ,  47 .  42 
2452 ,  48 .  44 
2451 ,  49 .  60 
2455 ,  46 .  26 
2458 ,  48 .  58 
2454 ,  48 .   0 
2453 ,  48 .   0 
2453 ,  48 .  29 
2454 ,  48 .  58 
2454 ,  48 .  15 
2455 ,  48 .  29 
2459 ,  48 .  15 
2459 ,  47 .  42 
2456 ,  49 .  16 
2457 ,  48 .  44 
2455 ,  46 .  84 
2453 ,  48 .  73 
2450 ,  48 .  58 
2455 ,  47 .  42 
2460 ,  47 .  86 
2462 ,  48 .   0 
2458 ,  48 .  58 
2456 ,  47 .  13 
2456 ,  47 .  13 
2453 ,  47 .  42 
2456 ,  48 .  44 
2459 ,  48 .  29 
2458 ,  48 .   0 
2462 ,  49 .  31 
2460 ,  48 .  44 
2461 ,  48 .   0 
2462 ,  47 .  86 
2458 ,  49 .   2 
2459 ,  48 .  58 
2456 ,  47 .  42 
2462 ,  47 .  86 
2464 ,  48 .  44 
2461 ,  48 .  44 
2461 ,  48 .   0 
2465 ,  48 .   0 
2459 ,  48 .  44 
2455 ,  48 .  58 
2455 ,  48 .  58 
2464 ,  48 .  44 
2459 ,  47 .  42 
2463 ,  48 .   0 
2460 ,  48 .   0 
2458 ,  47 .  86 
2458 ,  49 .   2 
2453 ,  47 .  42 
2453 ,  49 .  60 
2459 ,  47 .  28 
2459 ,  47 .  42 
2459 ,  48 .  44 
2456 ,  47 .  42 
2460 ,  47 .  86 
2456 ,  47 .  86 
2455 ,  48 .   0 
2456 ,  49 .   2 
2460 ,  47 .  86 
2461 ,  46 .  84 
2457 ,  46 .  26 
2458 ,  49 .  16 
2456 ,  47 .  42 
2456 ,  48 .   0 
2453 ,  48 .   0 
2451 ,  47 .  42 
2457 ,  46 .  84 
2462 ,  47 .  86 
2464 ,  48 .   0 
2459 ,  48 .  15 
2461 ,  49 .  45 
2456 ,  48 .  44 
2451 ,  48 .  44 
2449 ,  46 .  84 
2454 ,  48 .   0 
2458 ,  49 .   2 
2454 ,  48 .   0 
2456 ,  48 .  58 
2462 ,  48 .   0 
2459 ,  49 .   2 
2453 ,  47 .  28 
2454 ,  47 .  86 
2457 ,  48 .  44 
2461 ,  48 .  15 
2456 ,  46 .  84 
2458 ,  48 .  44 
2460 ,  47 .  42 
2460 ,  48 .   0 
2454 ,  47 .  86 
2454 ,  48 .  44 
2457 ,  48 .   0 
2458 ,  46 .  55 
2457 ,  47 .  86 
2461 ,  48 .   0 
2459 ,  47 .  42 
2462 ,  47 .  42 
2454 ,  47 .  28 
2453 ,  48 .  44 
2457 ,  47 .  42 
2461 ,  48 .  44 
2461 ,  47 .  42 
2460 ,  49 .   2 
2465 ,  47 .  42 
2463 ,  48 .   0 
2460 ,  47 .  42 
2453 ,  47 .  86 
2460 ,  48 .  44 
2461 ,  47 .  28 
2464 ,  48 .  29 
2459 ,  47 .  86 
2465 ,  49 .  16 
2466 ,  48 .   0 
2462 ,  48 .  44 
2455 ,  48 .  15 
2460 ,  48 .  58 
2462 ,  48 .  44 
2466 ,  47 .  42 
2457 ,  48 .  73 
2464 ,  48 .  29 
2464 ,  47 .  42 
2462 ,  48 .  44 
2461 ,  47 .  42 
2467 ,  48 .   0 
2470 ,  48 .  58 
2468 ,  48 .  29 
2469 ,  48 .   0 
2472 ,  49 .   2 
2473 ,  47 .  86 
2465 ,  48 .  29 
2467 ,  48 .   0 
2474 ,  48 .   0 
2478 ,  48 .  29 
2473 ,  47 .  42 
2475 ,  47 .  86 
2476 ,  48 .   0 
2474 ,  47 .  42 
2471 ,  48 .  58 
2463 ,  47 .  86 
2471 ,  49 .   2 
2475 ,  49 .  60 
2472 ,  48 .   0 
2471 ,  48 .  29 
2474 ,  48 .  58 
2473 ,  48 .  58 
2468 ,  49 .  60 
2459 ,  47 .  86 
2466 ,  49 .   2 
2469 ,  48 .  44 
2471 ,  46 .  70 
2470 ,  48 .  58 
2475 ,  47 .  42 
2474 ,  48 .   0 
2474 ,  47 .  86 
2464 ,  47 .  42 
2465 ,  49 .  45 
2467 ,  48 .  29 
2470 ,  48 .  15 
2468 ,  48 .  29 
2474 ,  48 .  44 
2475 ,  48 .  15 
2476 ,  49 .   2 
2472 ,  48 .  44 
2472 ,  47 .  42 
2474 ,  47 .  86 
2478 ,  47 .  42 
2472 ,  48 .  44 
2475 ,  48 .  29 
2475 ,  48 .  58 
2474 ,  48 .   0 
2468 ,  47 .  42 
2472 ,  47 .  86 
2477 ,  47 .  86 
2477 ,  47 .  86 
2477 ,  47 .  42 
2483 ,  47 .  42 
2481 ,  49 .  60 
2482 ,  48 .  44 
2470 ,  47 .  42 
2469 ,  48 .   0 
2472 ,  48 .  58 
2473 ,  46 .  84 
2472 ,  48 .  44 
2480 ,  49 .  74 
2480 ,  49 .  16 
2481 ,  49 .  16 
2477 ,  48 .  58 
2475 ,  48 .  29 
2475 ,  47 .  42 
2474 ,  48 .  15 
2471 ,  47 .  42 
2475 ,  49 .  16 
2474 ,  49 .  74 
2471 ,  47 .  13 
2471 ,  48 .  44 
2471 ,  46 .  26 
2473 ,  47 .  86 
2474 ,  47 .  86 
2475 ,  48 .  58 
2481 ,  47 .  86 
2478 ,  47 .  28 
2475 ,  48 .  29 
2471 ,  47 .  42 
2472 ,  48 .  44 
2473 ,  48 .  58 
2476 ,  47 .  42 
2478 ,  48 .  15 
2478 ,  47 .  28 
2478 ,  47 .  28 
2478 ,  48 .   0 
2473 ,  47 .  28 
2474 ,  47 .  86 
2473 ,  47 .  28 
2471 ,  48 .  44 
2472 ,  48 .  58 
2476 ,  47 .  86 
2474 ,  48 .   0 
2466 ,  48 .  44 
2459 ,  47 .  42 
2453 ,  46 .  12 
2439 ,  48 .  58 
2429 ,  48 .  58 
2417 ,  48 .  58 
2414 ,  48 .  73 
2407 ,  48 .  44 
2402 ,  48 .  29 
2400 ,  49 .  74 
2397 ,  48 .  44 
2402 ,  48 .   0 
2408 ,  48 .  58 
2415 ,  49 .  16 
2417 ,  47 .  42 
2415 ,  49 .  45 
2416 ,  49 .   2 
2411 ,  47 .  28 
2411 ,  48 .  58 
2405 ,  48 .   0 
2408 ,  49 .  16 
2410 ,  48 .  29 
2416 ,  48 .  15 
2419 ,  49 .   2 
2417 ,  48 .  29 
2416 ,  48 .   0 
2418 ,  47 .  42 
2412 ,  48 .  44 
2409 ,  48 .  29 
2411 ,  49 .  31 
2413 ,  48 .   0 
2411 ,  47 .  42 
2408 ,  49 .   2 
2407 ,  47 .  42 
2405 ,  47 .  42 
2412 ,  49 .   2 
2402 ,  48 .  58 
2405 ,  48 .  44 
2414 ,  48 .  58 
2416 ,  49 .  45 
2412 ,  48 .   0 
2414 ,  47 .  86 
2415 ,  48 .  73 
2413 ,  48 .  58 
2411 ,  48 .  58 
2415 ,  49 .   2 
2424 ,  49 .   2 
2426 ,  47 .  42 
2428 ,  47 .  86 
2430 ,  49 .  60 
2429 ,  47 .  28 
2427 ,  49 .  31 
2422 ,  48 .  73 
2427 ,  48 .  58 
2432 ,  47 .  42 
2438 ,  48 .  73 
2433 ,  48 .  44 
2436 ,  47 .  86 
2439 ,  48 .   0 
2436 ,  48 .  58 
2434 ,  48 .  58 
2437 ,  47 .  42 
2444 ,  47 .  42 
2448 ,  48 .  58 
2448 ,  47 .  42 
2445 ,  47 .  42 
2447 ,  48 .  58 
2441 ,  49 .  74 
2437 ,  48 .   0 
2437 ,  48 .  73 
2442 ,  48 .  44 
2444 ,  47 .  42 
2450 ,  49 .   2 
2446 ,  47 .  86 
2448 ,  47 .  86 
2442 ,  47 .  42 
2442 ,  48 .   0 
2440 ,  48 .  73 
2445 ,  48 .  58 
2446 ,  47 .  86 
2443 ,  47 .  42 
2450 ,  49 .   2 
2447 ,  48 .  58 
2441 ,  47 .  42 
2440 ,  48 .  29 
2437 ,  48 .   0 
2441 ,  47 .  28 
2446 ,  49 .  60 
2448 ,  48 .  58 
2445 ,  48 .  58 
2450 ,  48 .  58 
2447 ,  49 .   2 
2439 ,  48 .  29 
2442 ,  48 .  44 
2445 ,  48 .  44 
2445 ,  48 .  29 
2444 ,  49 .   2 
2448 ,  47 .  86 
2450 ,  48 .  58 
2448 ,  47 .  86 
2445 ,  48 .   0 
2442 ,  48 .  73 
2448 ,  48 .  58 
2449 ,  49 .  45 
2452 ,  48 .   0 
2449 ,  47 .  71 
2453 ,  46 .  99 
2451 ,  49 .  16 
2446 ,  49 .  60 
2442 ,  47 .  42 
2447 ,  47 .  86 
2448 ,  47 .  86 
2450 ,  48 .  58 
2447 ,  49 .  31 
2451 ,  48 .   0 
2448 ,  48 .   0 
2445 ,  49 .  16 
2446 ,  49 .  74 
2448 ,  49 .  74 
2450 ,  49 .  16 
2445 ,  47 .  42 
2444 ,  48 .  58 
2448 ,  49 .   2 
2448 ,  48 .  58 
2441 ,  47 .  13 
2439 ,  47 .  42 
2444 ,  48 .  58 
2445 ,  48 .  58 
2447 ,  48 .  44 
2443 ,  49 .  16 
2449 ,  47 .  42 
2448 ,  48 .   0 
2446 ,  48 .  73 
2440 ,  47 .  42 
2444 ,  48 .  44 
2446 ,  48 .  44 
2445 ,  48 .  58 
2442 ,  46 .  99 
2444 ,  48 .   0 
2446 ,  48 .  58 
2439 ,  47 .  71 
2435 ,  47 .  86 
2437 ,  47 .  42 
2442 ,  48 .  29 
2440 ,  48 .  58 
2441 ,  47 .  71 
2443 ,  48 .  58 
2445 ,  47 .  86 
2443 ,  49 .  45 
2435 ,  46 .  84 
2441 ,  48 .  87 
2440 ,  47 .  57 
2444 ,  47 .  28 
2441 ,  48 .   0 
2446 ,  49 .   2 
2444 ,  47 .  42 
2443 ,  48 .   0 
2442 ,  49 .  74 
2439 ,  48 .  29 
2441 ,  48 .   0 
2443 ,  48 .  44 
2439 ,  48 .  29 
2448 ,  49 .   2 
2446 ,  48 .  58 
2443 ,  48 .   0 
2439 ,  48 .   0 
2443 ,  48 .  73 
2444 ,  48 .  15 
2443 ,  48 .  58 
2444 ,  47 .  86 
2449 ,  49 .   2 
2449 ,  48 .   0 
2448 ,  48 .  29 
2441 ,  48 .  73 
2442 ,  48 .  15 
2445 ,  47 .  42 
2454 ,  48 .  44 
2448 ,  48 .   0 
2453 ,  47 .  86 
2453 ,  49 .  16 
2454 ,  48 .  44 
2444 ,  48 .  29 
2446 ,  48 .  73 
2448 ,  49 .  74 
2449 ,  48 .   0 
2450 ,  47 .  86 
2452 ,  48 .   0 
2454 ,  48 .  58 
2451 ,  47 .  42 
2444 ,  47 .  86 
2443 ,  47 .  42 
2447 ,  48 .  58 
2444 ,  48 .   0 
2445 ,  48 .   0 
2451 ,  47 .  86 
2451 ,  48 .  29 
2450 ,  48 .  58 
2443 ,  48 .  58 
2441 ,  48 .  58 
2444 ,  48 .  29 
2443 ,  48 .  58 
2444 ,  48 .  15 
2447 ,  48 .  58 
2449 ,  48 .   0 
2444 ,  48 .  15 
2444 ,  47 .  42 
2440 ,  48 .  44 
2439 ,  49 .   2 
2443 ,  48 .  44 
2444 ,  48 .  58 
2451 ,  47 .  86 
2452 ,  48 .  58 
2450 ,  47 .  42 
2446 ,  47 .  86 
2447 ,  47 .  86 
2446 ,  48 .   0 
2448 ,  49 .  60 
2445 ,  48 .   0 
2449 ,  48 .  29 
2450 ,  49 .   2 
2446 ,  47 .  86 
2446 ,  47 .  42 
2448 ,  47 .  28 
2449 ,  48 .  15 
2453 ,  48 .   0 
2458 ,  48 .   0 
2458 ,  48 .  15 
2456 ,  47 .  42 
2458 ,  48 .  44 
2453 ,  47 .  42 
2455 ,  47 .  42 
2456 ,  49 .  31 
2453 ,  46 .  70 
2457 ,  48 .  15 
2464 ,  49 .   2 
2464 ,  47 .  42 
2460 ,  48 .   0 
2462 ,  49 .   2 
2461 ,  48 .  15 
2459 ,  46 .  84 
2459 ,  49 .  16 
2460 ,  47 .  42 
2467 ,  47 .  86 
2466 ,  48 .   0 
2466 ,  48 .  15 
2466 ,  47 .  42 
2467 ,  47 .  86 
2464 ,  48 .   0 
2458 ,  48 .  58 
2460 ,  47 .  28 
2464 ,  47 .  42 
2466 ,  49 .   2 
2468 ,  49 .   2 
2464 ,  48 .   0 
2466 ,  49 .   2 
2460 ,  47 .  42 
2456 ,  48 .  44 
2455 ,  49 .  31 
2460 ,  48 .  58 
2462 ,  48 .  15 
2464 ,  48 .  15 
2460 ,  47 .  42 
2464 ,  48 .  73 
2459 ,  48 .  58 
2453 ,  49 .   2 
2459 ,  49 .  60 
2461 ,  48 .  58 
2462 ,  48 .   0 
2458 ,  48 .   0 
2460 ,  44 .  38 
2461 ,  49 .   2 
2455 ,  49 .   2 
2450 ,  47 .  86 
2452 ,  48 .  58 
2457 ,  47 .  42 
2460 ,  48 .  87 
2458 ,  47 .  42 
2460 ,  48 .  58 
2462 ,  48 .  29 
2457 ,  46 .  26 
2455 ,  47 .  42 
2453 ,  48 .  29 
2458 ,  48 .  58 
2459 ,  50 .  90 
2460 ,  48 .  58 
2457 ,  48 .  44 
2464 ,  48 .  44 
2460 ,  46 .  26 
2459 ,  48 .   0 
2462 ,  48 .  58 
2467 ,  46 .  84 
2469 ,  46 .  55 
2472 ,  47 .  86 
2468 ,  47 .  86 
2475 ,  47 .  86 
2474 ,  48 .  44 
2469 ,  47 .  42 
2468 ,  47 .  42 
2474 ,  49 .   2 
2476 ,  47 .  13 
2476 ,  47 .  13 
2475 ,  48 .   0 
2480 ,  49 .   2 
2477 ,  46 .  84 
2469 ,  47 .  13 
2472 ,  48 .   0 
2476 ,  49 .   2 
2477 ,  48 .  29 
2480 ,  48 .   0 
2475 ,  48 .  58 
2477 ,  47 .  28 
2475 ,  49 .   2 
2472 ,  47 .  28 
2465 ,  49 .  74 
2473 ,  48 .   0 
2474 ,  48 .  29 
2471 ,  48 .  58 
2473 ,  48 .  29 
2475 ,  48 .  44 
2474 ,  47 .  42 
2467 ,  49 .   2 
2468 ,  48 .  44 
2471 ,  48 .  87 
2473 ,  47 .  86 
2472 ,  47 .  86 
2472 ,  48 .   0 
2476 ,  47 .  42 
2472 ,  47 .  42 
2468 ,  47 .  86 
2462 ,  48 .   0 
2470 ,  48 .  15 
2471 ,  46 .  99 
2466 ,  49 .  60 
2470 ,  49 .  60 
2471 ,  48 .  15 
2470 ,  46 .  12 
2466 ,  47 .  42 
2459 ,  48 .  58 
2464 ,  47 .  86 
2466 ,  49 .  16 
2468 ,  47 .  42 
2465 ,  48 .   0 
2470 ,  48 .   0 
2470 ,  47 .  42 
2466 ,  48 .   0 
2457 ,  50 .  76 
2465 ,  46 .  84 
2466 ,  48 .  58 
2468 ,  48 .  58 
2465 ,  47 .  42 
2471 ,  48 .   0 
2472 ,  49 .   2 
2464 ,  48 .  44 
2462 ,  48 .  58 
2460 ,  48 .  15 
2466 ,  47 .  71 
2466 ,  49 .  16 
2465 ,  47 .  86 
2471 ,  48 .  15 
2471 ,  48 .  58 
2470 ,  48 .  44 
2459 ,  47 .  42 
2464 ,  47 .  42 
2465 ,  48 .  58 
2468 ,  48 .  44 
2464 ,  48 .   0 
2469 ,  48 .  44 
2471 ,  47 .  42 
2469 ,  47 .  42 
2464 ,  48 .  15 
2466 ,  48 .  44 
2469 ,  47 .  42 
2470 ,  47 .  42 
2467 ,  48 .  29 
2472 ,  49 .  16 
2471 ,  47 .  28 
2466 ,  48 .   0 
2462 ,  49 .  31 
2465 ,  47 .  42 
2468 ,  47 .  42 
2467 ,  49 .  31 
2467 ,  48 .  58 
2470 ,  48 .  58 
2468 ,  48 .  73 
2470 ,  48 .  58 
2459 ,  48 .  58 
2464 ,  46 .  70 
2466 ,  46 .  26 
2465 ,  48 .  29 
2469 ,  48 .  58 
2466 ,  49 .   2 
2469 ,  48 .   0 
2465 ,  48 .  58 
2460 ,  48 .  58 
2462 ,  47 .  42 
2466 ,  48 .  58 
2468 ,  48 .  29 
2467 ,  48 .  44 
2471 ,  47 .  28 
2469 ,  48 .   0 
2470 ,  48 .  73 
2463 ,  48 .  15 
2462 ,  47 .  86 
2463 ,  48 .  58 
2468 ,  48 .  73 
2468 ,  47 .  42 
2470 ,  47 .  42 
2472 ,  48 .  44 
2467 ,  47 .  42 
2465 ,  48 .  44 
2465 ,  47 .  42 
2464 ,  47 .  42 
2470 ,  48 .  44 
2462 ,  46 .  99 
2469 ,  47 .  28 
2470 ,  48 .  87 
2469 ,  47 .  86 
2464 ,  47 .  86 
2460 ,  49 .   2 
2461 ,  47 .  28 
2464 ,  48 .  58 
2459 ,  48 .  58 
2466 ,  48 .  58 
2465 ,  48 .   0 
2460 ,  49 .   2 
2465 ,  48 .  58 
2457 ,  46 .  70 
2458 ,  47 .  86 
2462 ,  48 .   0 
2462 ,  49 .  31 
2465 ,  48 .   0 
2465 ,  47 .  28 
2466 ,  49 .  16 
2459 ,  48 .   0 
2458 ,  47 .  42 
2458 ,  48 .   0 
2459 ,  49 .  31 
2457 ,  48 .  44 
2464 ,  48 .  44 
2466 ,  48 .  58 
2463 ,  46 .  99 
2461 ,  46 .  70 
2459 ,  46 .  84 
2458 ,  48 .  58 
2461 ,  47 .  28 
2459 ,  47 .  13 
2466 ,  48 .   0 
2468 ,  48 .  58 
2467 ,  48 .  29 
2465 ,  47 .  42 
2465 ,  48 .  44 
2463 ,  47 .  42 
2460 ,  47 .  86 
2462 ,  49 .  16 
2468 ,  48 .   0 
2467 ,  49 .  74 
2466 ,  48 .  44 
2468 ,  47 .  42 
2461 ,  48 .  58 
2462 ,  47 .  86 
2463 ,  48 .  73 
2467 ,  47 .  86 
2469 ,  46 .  84 
2470 ,  47 .  42 
2472 ,  48 .   0 
2467 ,  48 .  58 
2471 ,  48 .  58 
2466 ,  48 .  29 
2468 ,  48 .   0 
2468 ,  48 .  87 
2476 ,  47 .  86 
2477 ,  48 .  58 
2481 ,  48 .   0 
2473 ,  47 .  42 
2480 ,  48 .  15 
2476 ,  46 .  70 
2474 ,  47 .  86 
2475 ,  50 .  18 
2483 ,  46 .  84 
2483 ,  47 .  42 
2484 ,  48 .  44 
2477 ,  47 .  42 
2477 ,  46 .  84 
2472 ,  48 .   0 
2470 ,  48 .  44 
2468 ,  48 .  29 
2470 ,  48 .   0 
2474 ,  49 .  16 
2468 ,  50 .  61 
2472 ,  49 .   2 
2470 ,  47 .  42 
2463 ,  48 .  44 
2464 ,  48 .  44 
2463 ,  47 .  42 
2470 ,  48 .  44 
2469 ,  48 .  29 
2468 ,  47 .  86 
2464 ,  48 .  44 
2470 ,  48 .  58 
2465 ,  48 .  44 
2463 ,  49 .  16 
2466 ,  49 .  16 
2470 ,  47 .  86 
2473 ,  47 .  86 
2471 ,  47 .  42 
2474 ,  47 .  86 
2474 ,  48 .  58 
2472 ,  48 .  44 
2464 ,  47 .  86 
2466 ,  47 .  13 
2471 ,  48 .  29 
2474 ,  49 .  60 
2473 ,  48 .  29 
2474 ,  47 .  42 
2477 ,  48 .  44 
2472 ,  48 .   0 
2466 ,  49 .  60 
2467 ,  48 .  29 
2474 ,  47 .  42 
2478 ,  48 .  87 
2480 ,  48 .   0 
2474 ,  44 .  96 
2479 ,  48 .   0 
2471 ,  47 .  71 
2468 ,  48 .  58 
2471 ,  48 .  29 
2467 ,  47 .  42 
2475 ,  48 .  58 
2478 ,  47 .  42 
2475 ,  47 .  42 
2480 ,  48 .   0 
2477 ,  47 .  86 
2468 ,  48 .  44 
2466 ,  48 .  58 
2474 ,  48 .   0 
2476 ,  46 .  12 
2477 ,  47 .  28 
2474 ,  48 .  44 
2477 ,  48 .  44 
2475 ,  48 .  58 
2466 ,  48 .  44 
2465 ,  48 .  44 
2472 ,  47 .  86 
2476 ,  48 .   0 
2477 ,  47 .  86 
2476 ,  48 .  44 
2478 ,  47 .  71 
2476 ,  48 .  15 
2470 ,  49 .   2 
2465 ,  48 .   0 
2470 ,  47 .  86 
2475 ,  46 .  84 
2477 ,  48 .   0 
2474 ,  48 .  58 
2478 ,  48 .  29 
2475 ,  47 .  13 
2472 ,  47 .  42 
2465 ,  49 .  60 
2471 ,  47 .  42 
2474 ,  48 .  58 
2475 ,  47 .  86 
2473 ,  48 .  15 
2477 ,  49 .   2 
2478 ,  49 .  60 
2473 ,  48 .  29 
2466 ,  47 .  86 
2472 ,  48 .   0 
2474 ,  48 .  87 
2473 ,  47 .  42 
2471 ,  47 .  42 
2478 ,  48 .  58 
2475 ,  49 .  60 
2468 ,  48 .  58 
2464 ,  49 .   2 
2469 ,  49 .   2 
2469 ,  48 .   0 
2467 ,  48 .  87 
2470 ,  48 .  58 
2473 ,  48 .  29 
2471 ,  47 .  42 
2472 ,  48 .   0 
2462 ,  47 .  42 
2464 ,  48 .  44 
2468 ,  49 .  60 
2464 ,  47 .  42 
2466 ,  48 .   0 
2472 ,  48 .  58 
2468 ,  48 .  44 
2469 ,  48 .  29 
2460 ,  47 .  42 
2463 ,  48 .  58 
2465 ,  48 .   0 
2468 ,  48 .   0 
2471 ,  47 .  71 
2471 ,  47 .  42 
2471 ,  47 .  86 
2470 ,  47 .  86 
2463 ,  47 .  86 
2465 ,  47 .  28 
2468 ,  47 .  42 
2469 ,  48 .   0 
2467 ,  49 .   2 
2472 ,  47 .  42 
2475 ,  47 .  42 
2471 ,  48 .  58 
2464 ,  48 .  44 
2467 ,  48 .   0 
2464 ,  49 .  16 
2469 ,  48 .  29 
2467 ,  48 .   0 
2472 ,  48 .   0 
2472 ,  48 .  58 
2470 ,  48 .   0 
2465 ,  48 .  58 
2465 ,  48 .  44 
2464 ,  48 .  87 
2467 ,  48 .  58 
2464 ,  48 .  29 
2468 ,  49 .  74 
2468 ,  48 .  15 
2465 ,  48 .  58 
2464 ,  48 .   0 
2464 ,  48 .  44 
2464 ,  47 .  28 
2468 ,  48 .  44 
2465 ,  48 .  44 
2470 ,  48 .   0 
2472 ,  47 .  42 
2469 ,  47 .  13 
2469 ,  47 .  42 
2464 ,  48 .   0 
2467 ,  49 .  45 
2467 ,  47 .  42 
2468 ,  48 .   0 
2474 ,  48 .  58 
2474 ,  48 .   0 
2474 ,  47 .  86 
2469 ,  47 .  42 
2472 ,  49 .   2 
2471 ,  48 .  15 
2472 ,  48 .  58 
2472 ,  48 .  73 
2477 ,  47 .  42 
2477 ,  46 .  12 
2478 ,  47 .  71 
2472 ,  48 .  29 
2473 ,  47 .  86 
2473 ,  47 .  86 
2475 ,  47 .  42 
2474 ,  48 .  44 
2480 ,  48 .   0 
2479 ,  48 .   0 
2476 ,  49 .  74 
2472 ,  48 .  29 
2472 ,  48 .  73 
2469 ,  48 .  29 
2469 ,  47 .  86 
2469 ,  48 .   0 
2468 ,  48 .  73 
2472 ,  48 .  29 
2473 ,  47 .  42 
2468 ,  48 .  58 
2469 ,  46 .  84 
2465 ,  47 .  71 
2469 ,  48 .  44 
2465 ,  48 .  58 
2471 ,  48 .  44 
2472 ,  47 .  86 
2470 ,  48 .  44 
2471 ,  46 .  26 
2469 ,  48 .  29 
2467 ,  48 .  15 
2465 ,  48 .  15 
2468 ,  48 .   0 
2475 ,  48 .  87 
2476 ,  48 .   0 
2477 ,  47 .  42 
2474 ,  47 .  86 
2474 ,  48 .   0 
2470 ,  48 .  44 
2473 ,  47 .  13 
2471 ,  48 .   0 
2475 ,  49 .  16 
2476 ,  47 .  42 
2477 ,  47 .  42 
2474 ,  48 .  15 
2474 ,  47 .  28 
2470 ,  48 .  73 
2469 ,  48 .  44 
2466 ,  48 .  58 
2474 ,  47 .  42 
2473 ,  47 .  42 
2475 ,  47 .  42 
2472 ,  48 .  58 
2473 ,  46 .  84 
2471 ,  46 .  99 
2470 ,  48 .  29 
2474 ,  48 .  44 
2480 ,  47 .  42 
2480 ,  48 .  73 
2481 ,  48 .  44 
2484 ,  48 .  73 
2488 ,  49 .   2 
2486 ,  47 .  42 
2489 ,  48 .   0 
2490 ,  49 .   2 
2497 ,  48 .  15 
2501 ,  45 .  54 
2501 ,  47 .  42 
2499 ,  47 .  13 
2500 ,  49 .  16 
2495 ,  47 .  42 
2490 ,  47 .  42 
2491 ,  49 .   2 
2498 ,  48 .  29 
2500 ,  47 .  42 
2502 ,  46 .  70 
2500 ,  48 .   0 
2504 ,  48 .   0 
2502 ,  48 .  58 
2497 ,  48 .   0 
2499 ,  47 .  42 
2504 ,  47 .  86 
2507 ,  47 .  86 
2504 ,  48 .   0 
2506 ,  49 .  45 
2506 ,  47 .  42 
2504 ,  47 .  86 
2500 ,  48 .  44 
2498 ,  47 .  28 
2505 ,  47 .  42 
2504 ,  48 .  29 
2506 ,  48 .   0 
2500 ,  47 .  42 
2507 ,  47 .  28 
2503 ,  46 .  99 
2496 ,  47 .  42 
2496 ,  47 .  42 
2501 ,  48 .  15 
2500 ,  47 .  42 
2500 ,  46 .  84 
2494 ,  47 .  42 
2497 ,  48 .   0 
2496 ,  47 .  86 
2488 ,  47 .  71 
2480 ,  47 .  86 
2485 ,  46 .  84 
2485 ,  47 .  86 
2485 ,  47 .  86 
2481 ,  48 .   0 
2486 ,  47 .  28 
2481 ,  48 .  29 
2477 ,  48 .  44 
2474 ,  48 .  58 
2480 ,  47 .  42 
2480 ,  47 .  42 
2480 ,  48 .  15 
2474 ,  48 .  44 
2481 ,  47 .  28 
2476 ,  47 .  28 
2470 ,  46 .  26 
2464 ,  49 .  74 
2469 ,  47 .  42 
2474 ,  47 .  86 
2474 ,  47 .  42 
2476 ,  47 .  42 
2476 ,  47 .  42 
2476 ,  48 .  58 
2472 ,  47 .  86 
2465 ,  47 .  42 
2473 ,  47 .  42 
2474 ,  48 .  58 
2477 ,  48 .   0 
2475 ,  46 .  55 
2482 ,  48 .  44 
2481 ,  48 .  29 
2480 ,  47 .  42 
2478 ,  48 .  15 
2478 ,  48 .  29 
2483 ,  48 .  44 
2481 ,  47 .  28 
2483 ,  47 .  42 
2490 ,  48 .   0 
2487 ,  48 .  15 
2492 ,  47 .  42 
2486 ,  48 .  87 
2493 ,  46 .  26 
2500 ,  48 .  29 
2504 ,  48 .  58 
2501 ,  47 .  42 
2506 ,  47 .  42 
2507 ,  48 .  15 
2504 ,  47 .  42 
2494 ,  47 .  28 
2500 ,  47 .  28 
2503 ,  47 .  42 
2506 ,  48 .   0 
2502 ,  48 .   0 
2508 ,  47 .  13 
2506 ,  47 .  42 
2508 ,  48 .  44 
2497 ,  47 .  42 
2501 ,  47 .  42 
2500 ,  46 .  26 
2501 ,  48 .   0 
2504 ,  47 .  86 
2508 ,  47 .  42 
2505 ,  48 .  58 
2505 ,  47 .  42 
2497 ,  48 .  44 
2496 ,  48 .  29 
2500 ,  47 .  42 
2500 ,  48 .  58 
2499 ,  47 .  86 
2502 ,  47 .  86 
2506 ,  47 .  86 
2498 ,  48 .   0 
2494 ,  47 .  42 
2498 ,  48 .  44 
2500 ,  48 .  15 
2499 ,  48 .   0 
2501 ,  48 .   0 
2506 ,  48 .   0 
2504 ,  47 .  71 
2499 ,  46 .  70 
2496 ,  48 .  44 
2495 ,  47 .  28 
2498 ,  47 .  86 
2498 ,  47 .  28 
2501 ,  48 .  15 
2503 ,  47 .  42 
2504 ,  49 .  45 
2501 ,  47 .  42 
2499 ,  46 .  70 
2489 ,  48 .  15 
2493 ,  47 .  42 
2498 ,  48 .  87 
2497 ,  48 .   0 
2500 ,  47 .  13 
2503 ,  48 .  58 
2504 ,  47 .  42 
2496 ,  48 .   0 
2492 ,  47 .  28 
2492 ,  48 .   0 
2495 ,  48 .  15 
2492 ,  48 .   0 
2497 ,  47 .  42 
2500 ,  48 .   0 
2496 ,  48 .   0 
2496 ,  47 .  42 
2496 ,  48 .   0 
2495 ,  49 .  16 
2494 ,  48 .   0 
2496 ,  47 .  86 
2500 ,  47 .  13 
2500 ,  47 .  42 
2501 ,  48 .  44 
2496 ,  48 .  44 
2495 ,  48 .  44 
2493 ,  47 .  13 
2494 ,  48 .  58 
2496 ,  48 .   0 
2502 ,  48 .  15 
2498 ,  47 .  42 
2498 ,  47 .  42 
2493 ,  47 .  71 
2493 ,  46 .  26 
2490 ,  48 .  29 
2487 ,  47 .  42 
2496 ,  48 .   0 
2499 ,  47 .  42 
2498 ,  47 .  42 
2496 ,  47 .  86 
2496 ,  48 .   0 
2495 ,  48 .   0 
2490 ,  47 .  42 
2495 ,  48 .  44 
2498 ,  48 .  15 
2499 ,  47 .  13 
2500 ,  49 .  74 
2499 ,  47 .  86 
2498 ,  48 .  58 
2497 ,  48 .  58 
2492 ,  46 .  84 
2494 ,  47 .  42 
2494 ,  49 .  45 
2499 ,  48 .  29 
2501 ,  47 .  86 
2502 ,  46 .  84 
2499 ,  48 .  15 
2499 ,  49 .   2 
2494 ,  46 .  26 
2490 ,  47 .  42 
2494 ,  47 .  42 
2504 ,  48 .  29 
2503 ,  46 .  70 
2506 ,  48 .   0 
2502 ,  48 .  44 
2502 ,  48 .  44 
2496 ,  47 .  86 
2496 ,  47 .  28 
2499 ,  47 .  71 
2500 ,  47 .  42 
2502 ,  48 .  15 
2502 ,  47 .  42 
2498 ,  47 .  57 
2501 ,  47 .  28 
2497 ,  47 .  28 
2494 ,  49 .   2 
2496 ,  47 .  86 
2503 ,  47 .  28 
2504 ,  48 .   0 
2506 ,  48 .   0 
2500 ,  48 .  29 
2503 ,  47 .  71 
2500 ,  47 .  86 
2494 ,  46 .  99 
2496 ,  48 .   0 
2504 ,  49 .  74 
2510 ,  48 .   0 
2504 ,  47 .  86 
2504 ,  49 .  45 
2504 ,  48 .   0 
2503 ,  48 .  58 
2501 ,  46 .  84 
2500 ,  49 .  31 
2506 ,  48 .   0 
2509 ,  47 .  13 
2508 ,  48 .  44 
2506 ,  47 .  42 
2507 ,  48 .   0 
2502 ,  47 .  28 
2499 ,  47 .  28 
2499 ,  46 .  41 
2505 ,  47 .  42 
2506 ,  49 .   2 
2502 ,  47 .  42 
2504 ,  47 .  42 
2505 ,  48 .   0 
2504 ,  47 .  28 
2500 ,  48 .   0 
2498 ,  48 .  58 
2503 ,  48 .   0 
2503 ,  47 .  13 
2505 ,  47 .  13 
2502 ,  48 .   0 
2506 ,  47 .  86 
2506 ,  47 .  86 
2498 ,  48 .  15 
2498 ,  46 .  55 
2502 ,  48 .   0 
2505 ,  48 .  15 
2506 ,  48 .   0 
2505 ,  48 .   0 
2510 ,  47 .  42 
2505 ,  48 .  58 
2503 ,  47 .  13 
2497 ,  48 .  44 
2504 ,  48 .   0 
2503 ,  48 .  58 
2501 ,  48 .   0 
2501 ,  48 .   0 
2507 ,  48 .   0 
2507 ,  48 .  58 
2499 ,  48 .  29 
2495 ,  47 .  86 
2501 ,  48 .   0 
2503 ,  47 .  42 
2505 ,  47 .  28 
2507 ,  46 .  84 
2506 ,  48 .   0 
2504 ,  48 .  58 
2500 ,  47 .  42 
2494 ,  47 .  86 
2501 ,  48 .  29 
2502 ,  48 .  44 
2498 ,  48 .  58 
2501 ,  48 .   0 
2506 ,  48 .   0 
2506 ,  48 .  15 
2500 ,  47 .  42 
2494 ,  47 .  42 
2499 ,  50 .  32 
2501 ,  46 .  84 
2504 ,  47 .  42 
2501 ,  47 .  42 
2503 ,  47 .  86 
2503 ,  47 .  13 
2498 ,  47 .  86 
2494 ,  48 .  73 
2499 ,  47 .  86 
2502 ,  48 .  73 
2502 ,  48 .  15 
2500 ,  48 .  44 
2506 ,  47 .  71 
2507 ,  47 .  28 
2505 ,  47 .  42 
2497 ,  48 .   0 
2504 ,  47 .  86 
2509 ,  47 .  28 
2511 ,  47 .  42 
2516 ,  48 .  44 
2524 ,  48 .  58 
2531 ,  47 .  86 
2529 ,  45 .  83 
2527 ,  47 .  42 
2536 ,  47 .  86 
2540 ,  48 .  58 
2543 ,  48 .   0 
2541 ,  48 .   0 
2547 ,  47 .  42 
2547 ,  47 .  28 
2545 ,  47 .  13 
2537 ,  47 .  13 
2537 ,  46 .  99 
2530 ,  46 .  12 
2513 ,  47 .  42 
2486 ,  47 .  42 
2460 ,  46 .  99 
2419 ,  47 .  28 
2368 ,  47 .  42 
2296 ,  50 .  32 
2225 ,  48 .  29 
2138 ,  47 .  42 
2043 ,  49 .  16 
1936 ,  47 .  86 
1834 ,  48 .  73 
1736 ,  46 .  26 
1653 ,  50 .  90 
1592 ,  49 .  16 
1557 ,  48 .  58 
1536 ,  48 .  44 
1509 ,  48 .  87 
1462 ,  49 .  45 
1378 ,  49 .  16 
1259 ,  49 .  60 
1138 ,  48 .  44 
1035 ,  48 .  29 
 936 ,  48 .  15 
 828 ,  49 .   2 
 711 ,  46 .  99 
 607 ,  48 .  44 
 536 ,  48 .  58 
 479 ,  47 .  42 
 432 ,  45 .  10 
 402 ,  50 .  47 
 370 ,  47 .  42 
 350 ,  48 .   0 
 338 ,  48 .  15 
 329 ,  48 .   0 
 319 ,  48 .   0 
 306 ,  48 .  44 
 297 ,  47 .  42 
 293 ,  48 .   0 
 292 ,  48 .  73 
 300 ,  49 .  74 
 314 ,  49 .  16 
 339 ,  48 .  44 
 366 ,  48 .  29 
 392 ,  47 .  86 
 432 ,  48 .  58 
 474 ,  49 .   2 
 525 ,  48 .  44 
 572 ,  48 .   0 
 614 ,  47 .  42 
 639 ,  47 .  42 
 651 ,  49 .   2 
 656 ,  48 .  58 
 675 ,  48 .  58 
 709 ,  49 .  16 
 766 ,  48 .  58 
 855 ,  47 .  86 
 947 ,  51 .  48 
1056 ,  48 .  87 
1209 ,  48 .   0 
1408 ,  48 .   0 
1624 ,  48 .  58 
1844 ,  49 .  16 
2033 ,  49 .  16 
2188 ,  49 .  16 
2318 ,  49 .  60 
2415 ,  49 .  16 
2493 ,  48 .  44 
2548 ,  48 .  58 
2584 ,  48 .  15 
2610 ,  46 .  84 
2630 ,  47 .  42 
2640 ,  48 .   0 
2650 ,  47 .  42 
2658 ,  48 .   0 
2662 ,  46 .  99 
2661 ,  46 .  26 
2653 ,  47 .  42 
2650 ,  47 .  42 
2645 ,  47 .  42 
2642 ,  45 .  54 
2634 ,  48 .  58 
2631 ,  46 .  84 
2633 ,  47 .  13 
2635 ,  48 .   0 
2634 ,  46 .  99 
2635 ,  47 .  13 
2639 ,  47 .  42 
2647 ,  47 .  42 
2657 ,  48 .  44 
2663 ,  47 .  28 
2670 ,  46 .  70 
2670 ,  47 .  13 
2674 ,  48 .  29 
2671 ,  48 .   0 
2677 ,  47 .  86 
2680 ,  47 .  28 
2684 ,  48 .  15 
2694 ,  47 .  86 
2702 ,  47 .  71 
2705 ,  47 .  42 
2708 ,  48 .   0 
2706 ,  48 .  15 
2708 ,  48 .  15 
2704 ,  47 .  86 
2702 ,  48 .   0 
2707 ,  47 .  86 
2714 ,  47 .  86 
2722 ,  47 .  86 
2719 ,  47 .  42 
2722 ,  48 .  29 
2726 ,  46 .  70 
2724 ,  47 .  42 
2725 ,  47 .  28 
2730 ,  48 .  44 
2735 ,  47 .  42 
2736 ,  47 .  86 
2736 ,  48 .  44 
2731 ,  47 .  86 
2734 ,  48 .   0 
2731 ,  47 .  42 
2734 ,  48 .   0 
2734 ,  48 .  44 
2742 ,  47 .  42 
2747 ,  48 .   0 
2747 ,  48 .  44 
2746 ,  46 .  84 
2745 ,  47 .  28 
2740 ,  48 .  44 
2738 ,  48 .  44 
2736 ,  49 .   2 
2741 ,  47 .  42 
2742 ,  48 .  87 
2744 ,  48 .   0 
2742 ,  48 .  58 
2748 ,  47 .  28 
2744 ,  48 .  29 
2742 ,  47 .  86 
2740 ,  48 .  44 
2742 ,  48 .  15 
2739 ,  48 .  44 
2732 ,  48 .  58 
2724 ,  48 .  44 
2725 ,  47 .  86 
2718 ,  47 .  86 
2706 ,  48 .  44 
2702 ,  48 .  15 
2701 ,  47 .  28 
2700 ,  47 .  86 
2692 ,  47 .  42 
2681 ,  48 .  29 
2678 ,  47 .  86 
2666 ,  48 .   0 
2650 ,  47 .  71 
2640 ,  48 .  58 
2637 ,  47 .  86 
2631 ,  48 .   0 
2626 ,  48 .  58 
2621 ,  48 .  44 
2621 ,  47 .  42 
2616 ,  47 .  42 
2619 ,  47 .  42 
2614 ,  48 .   0 
2619 ,  45 .  68 
2620 ,  48 .  58 
2617 ,  48 .   0 
2601 ,  48 .  29 
2587 ,  46 .  70 
2555 ,  47 .  42 
2512 ,  47 .  42 
2458 ,  49 .  45 
2401 ,  47 .  42 
2342 ,  48 .  44 
2283 ,  48 .  58 
2224 ,  47 .  28 
2178 ,  46 .  84 
2132 ,  49 .  31 
2084 ,  48 .   0 
2029 ,  49 .  16 
1962 ,  48 .  58 
1893 ,  48 .  58 
1830 ,  49 .  45 
1784 ,  49 .  60 
1744 ,  48 .  44 
1704 ,  48 .  15 
1666 ,  48 .  58 
1636 ,  49 .  74 
1626 ,  49 .   2 
1624 ,  49 .  74 
1632 ,  48 .  44 
1647 ,  49 .   2 
1669 ,  49 .  60 
1696 ,  47 .  86 
1717 ,  48 .  15 
1729 ,  47 .  42 
1739 ,  49 .   2 
1748 ,  48 .  29 
1767 ,  49 .  45 
1807 ,  47 .  42 
1868 ,  48 .  15 
1937 ,  49 .   2 
2013 ,  48 .  29 
2087 ,  48 .  58 
2171 ,  49 .   2 
2250 ,  49 .  74 
2324 ,  49 .  16 
2383 ,  48 .  73 
2439 ,  49 .   2 
2477 ,  49 .  45 
2500 ,  48 .  87 
2516 ,  48 .  15 
2535 ,  47 .  13 
2552 ,  47 .  28 
2561 ,  46 .  26 
2557 ,  48 .  58 
2568 ,  47 .  86 
2564 ,  47 .  28 
2555 ,  47 .  28 
2551 ,  47 .  42 
2552 ,  48 .   0 
2551 ,  46 .  84 
2547 ,  47 .  42 
2550 ,  46 .  84 
2556 ,  48 .  58 
2563 ,  48 .  15 
2565 ,  47 .  42 
2571 ,  47 .  86 
2590 ,  47 .  42 
2602 ,  46 .  99 
2617 ,  48 .   0 
2629 ,  48 .   0 
2646 ,  47 .  42 
2655 ,  47 .  42 
2654 ,  48 .   0 
2638 ,  47 .  28 
2626 ,  47 .  28 
2603 ,  47 .  42 
2571 ,  46 .  99 
2526 ,  47 .  42 
2490 ,  48 .   0 
2451 ,  48 .  15 
2410 ,  48 .   0 
2380 ,  48 .   0 
2358 ,  50 .  76 
2344 ,  49 .  60 
2331 ,  48 .  29 
2322 ,  49 .  16 
2329 ,  49 .   2 
2339 ,  48 .  58 
2352 ,  47 .  42 
2374 ,  48 .  29 
2405 ,  48 .  87 
2438 ,  49 .  74 
2470 ,  47 .  42 
2500 ,  49 .   2 
2538 ,  49 .  16 
2565 ,  46 .  84 
2587 ,  47 .  42 
2609 ,  48 .  58 
2631 ,  47 .  42 
2652 ,  47 .  42 
2667 ,  48 .  44 
2669 ,  47 .  13 
2671 ,  47 .  28 
2658 ,  48 .  58 
2628 ,  47 .  13 
2596 ,  47 .  42 
2558 ,  47 .  28 
2515 ,  47 .  42 
2472 ,  46 .  26 
2426 ,  48 .  15 
2384 ,  48 .  58 
2345 ,  47 .  71 
2307 ,  49 .  74 
2277 ,  48 .  44 
2261 ,  49 .   2 
2251 ,  48 .  58 
2255 ,  48 .  58 
2265 ,  48 .  58 
2293 ,  49 .  60 
2320 ,  48 .  58 
2345 ,  49 .  74 
2382 ,  49 .   2 
2419 ,  49 .  74 
2457 ,  48 .  58 
2495 ,  49 .  16 
2533 ,  47 .  42 
2576 ,  47 .  42 
2611 ,  47 .  86 
2640 ,  48 .   0 
2656 ,  48 .   0 
2672 ,  47 .  42 
2677 ,  46 .  26 
2688 ,  47 .  42 
2685 ,  47 .  86 
2687 ,  48 .  58 
2684 ,  48 .   0 
2674 ,  47 .  86 
2668 ,  50 .   3 
2665 ,  48 .  29 
2661 ,  47 .  86 
2656 ,  47 .  42 
2658 ,  48 .  44 
2661 ,  47 .  13 
2658 ,  47 .  71 
2654 ,  47 .  86 
2643 ,  47 .  86 
2638 ,  48 .  58 
2628 ,  47 .  28 
2615 ,  47 .  13 
2610 ,  47 .  86 
2607 ,  47 .  42 
2599 ,  48 .  58 
2589 ,  48 .  29 
2588 ,  47 .  28 
2584 ,  47 .  42 
2584 ,  48 .  58 
2592 ,  48 .  44 
2591 ,  48 .   0 
2601 ,  47 .  42 
2611 ,  47 .  28 
2615 ,  50 .  90 
2623 ,  48 .   0 
2636 ,  47 .  28 
2644 ,  47 .  42 
2651 ,  48 .  15 
2656 ,  47 .  42 
2661 ,  47 .  57 
2659 ,  47 .  42 
2652 ,  46 .  84 
2647 ,  47 .  42 
2631 ,  46 .  55 
2618 ,  47 .  86 
2602 ,  47 .  28 
2583 ,  46 .  26 
2570 ,  47 .  28 
2554 ,  47 .  28 
2538 ,  47 .  42 
2531 ,  48 .  15 
2537 ,  46 .  70 
2546 ,  46 .  70 
2564 ,  46 .  70 
2580 ,  47 .  86 
2606 ,  46 .  26 
2624 ,  46 .  99 
2641 ,  47 .  42 
2653 ,  47 .  13 
2671 ,  47 .  28 
2681 ,  46 .  70 
2686 ,  47 .  42 
2698 ,  47 .  86 
2706 ,  48 .  15 
2705 ,  46 .  84 
2700 ,  47 .  42 
2688 ,  48 .  44 
2673 ,  46 .  26 
2653 ,  48 .   0 
2627 ,  48 .  15 
2597 ,  46 .  26 
2569 ,  47 .  86 
2533 ,  47 .  86 
2498 ,  46 .  55 
2460 ,  48 .  15 
2433 ,  48 .  44 
2410 ,  48 .   0 
2389 ,  48 .  44 
2389 ,  48 .  58 
2398 ,  48 .   0 
2418 ,  48 .  44 
2441 ,  47 .  42 
2464 ,  47 .  86 
2499 ,  48 .  58 
2526 ,  49 .  31 
2548 ,  48 .  15 
2573 ,  47 .  86 
2597 ,  47 .  86 
2611 ,  46 .  84 
2614 ,  47 .  86 
2606 ,  48 .   0 
2595 ,  48 .  15 
2578 ,  47 .  42 
2552 ,  47 .  42 
2540 ,  48 .  15 
2533 ,  47 .  13 
2528 ,  47 .  86 
2526 ,  47 .  42 
2525 ,  48 .  29 
2531 ,  46 .  26 
2532 ,  48 .  58 
2528 ,  48 .  29 
2525 ,  48 .  58 
2528 ,  48 .  44 
2523 ,  47 .  42 
2517 ,  47 .  42 
2514 ,  48 .  29 
2512 ,  47 .  42 
2514 ,  47 .  86 
2518 ,  47 .  57 
2531 ,  47 .  42 
2544 ,  48 .  15 
2568 ,  48 .  58 
2580 ,  47 .  42 
2593 ,  48 .   0 
2613 ,  47 .  86 
2618 ,  47 .  86 
2620 ,  47 .  28 
2615 ,  47 .  42 
2617 ,  48 .  87 
2611 ,  47 .  42 
2597 ,  48 .   0 
2583 ,  47 .  42 
2579 ,  47 .  42 
2565 ,  47 .  42 
2549 ,  48 .  58 
2552 ,  47 .  86 
2547 ,  48 .  73 
2547 ,  48 .  44 
2541 ,  47 .  42 
2536 ,  47 .  86 
2538 ,  47 .  86 
2531 ,  48 .  15 
2523 ,  48 .  58 
2521 ,  47 .  42 
2532 ,  47 .  86 
2544 ,  48 .  29 
2560 ,  48 .  29 
2576 ,  48 .   0 
2602 ,  48 .  44 
2618 ,  46 .  84 
2629 ,  47 .  71 
2636 ,  50 .  90 
2642 ,  46 .  99 
2640 ,  46 .  84 
2629 ,  47 .  13 
2616 ,  47 .  28 
2603 ,  47 .  42 
2582 ,  47 .  28 
2560 ,  48 .  29 
2535 ,  46 .  84 
2517 ,  47 .  42 
2499 ,  48 .  44 
2480 ,  48 .  29 
2458 ,  47 .  86 
2441 ,  47 .  42 
2423 ,  47 .  28 
2401 ,  48 .  87 
2389 ,  48 .  73 
2384 ,  49 .  45 
2387 ,  49 .   2 
2402 ,  49 .  31 
2422 ,  49 .  16 
2460 ,  47 .  86 
2505 ,  48 .   0 
2550 ,  49 .   2 
2595 ,  48 .   0 
2633 ,  48 .   0 
2656 ,  49 .  74 
2667 ,  47 .  28 
2657 ,  47 .  57 
2643 ,  46 .  70 
2617 ,  46 .  84 
2588 ,  47 .  42 
2550 ,  47 .  42 
2525 ,  47 .  28 
2503 ,  48 .   0 
2482 ,  47 .  86 
2477 ,  45 .  54 
2473 ,  48 .  44 
2485 ,  48 .  87 
2498 ,  49 .  16 
2515 ,  48 .  44 
2531 ,  48 .   0 
2544 ,  47 .  42 
2557 ,  48 .  15 
2563 ,  47 .  42 
2572 ,  48 .   0 
2573 ,  47 .  42 
2573 ,  48 .  29 
2566 ,  48 .  15 
2566 ,  49 .  60 
2568 ,  47 .  28 
2570 ,  47 .  28 
2577 ,  49 .   2 
2590 ,  46 .  84 
2603 ,  47 .  42 
2615 ,  46 .  26 
2627 ,  48 .  44 
2643 ,  47 .  42 
2654 ,  46 .  84 
2662 ,  48 .  44 
2653 ,  47 .  42 
2644 ,  47 .  28 
2620 ,  46 .  84 
2581 ,  47 .  42 
2549 ,  47 .  86 
2518 ,  47 .  28 
2495 ,  46 .  26 
2484 ,  47 .  42 
2482 ,  48 .  58 
2497 ,  47 .  71 
2517 ,  48 .   0 
2532 ,  47 .  28 
2548 ,  48 .  15 
2563 ,  47 .  42 
2574 ,  47 .  86 
2586 ,  48 .   0 
2596 ,  47 .  42 
2613 ,  47 .  42 
2621 ,  49 .  31 
2620 ,  47 .  42 
2612 ,  47 .  28 
2603 ,  47 .  86 
2586 ,  47 .  86 
2568 ,  48 .  15 
2549 ,  47 .  42 
2539 ,  47 .  28 
2528 ,  46 .  99 
2515 ,  47 .  42 
2508 ,  48 .   0 
2514 ,  47 .  57 
2519 ,  48 .   0 
2533 ,  48 .  44 
2553 ,  48 .  58 
2580 ,  47 .  42 
2601 ,  47 .  42 
2618 ,  48 .  15 
2633 ,  46 .  99 
2640 ,  47 .  13 
2639 ,  45 .  68 
2634 ,  47 .  42 
2624 ,  46 .  84 
2619 ,  46 .  84 
2606 ,  47 .  42 
2591 ,  48 .  44 
2583 ,  47 .  42 
2575 ,  47 .  86 
2580 ,  46 .  55 
2586 ,  47 .  13 
2597 ,  46 .  26 
2622 ,  48 .   0 
2640 ,  47 .  28 
2659 ,  46 .  84 
2674 ,  48 .   0 
2686 ,  48 .  44 
2690 ,  46 .  84 
2689 ,  47 .  42 
2680 ,  48 .  44 
2673 ,  45 .  68 
2653 ,  47 .  42 
2630 ,  48 .   0 
2593 ,  47 .  42 
2564 ,  47 .  42 
2534 ,  48 .  58 
2497 ,  46 .  84 
2476 ,  48 .  44 
2453 ,  48 .  44 
2431 ,  48 .  29 
2411 ,  49 .   2 
2402 ,  49 .  74 
2404 ,  48 .  44 
2411 ,  48 .   0 
2422 ,  49 .  45 
2440 ,  48 .  58 
2468 ,  50 .  32 
2495 ,  48 .  44 
2524 ,  48 .  29 
2555 ,  48 .  44 
2587 ,  48 .  58 
2611 ,  47 .  42 
2629 ,  44 .  38 
2637 ,  47 .  86 
2644 ,  48 .  29 
2637 ,  47 .  42 
2621 ,  47 .  86 
2598 ,  48 .  29 
2577 ,  46 .  84 
2553 ,  47 .  13 
2532 ,  47 .  86 
2517 ,  48 .   0 
2516 ,  47 .  42 
2520 ,  48 .   0 
2533 ,  48 .   0 
2550 ,  48 .   0 
2572 ,  48 .  44 
2587 ,  46 .  26 
2598 ,  48 .   0 
2604 ,  46 .  26 
2614 ,  47 .  42 
2615 ,  47 .  42 
2606 ,  46 .  99 
2589 ,  47 .  86 
2574 ,  47 .  42 
2553 ,  47 .  86 
2530 ,  47 .  42 
2507 ,  48 .  44 
2492 ,  47 .  28 
2486 ,  48 .   0 
2484 ,  47 .  42 
2486 ,  48 .  73 
2504 ,  48 .  44 
2522 ,  48 .  29 
2543 ,  48 .   0 
2566 ,  48 .  44 
2591 ,  47 .  28 
2614 ,  48 .  44 
2633 ,  47 .  86 
2638 ,  48 .  29 
2645 ,  47 .  42 
2640 ,  47 .  42 
2624 ,  48 .   0 
2605 ,  47 .  42 
2596 ,  48 .   0 
2581 ,  47 .  28 
2571 ,  47 .  42 
2564 ,  48 .  58 
2570 ,  47 .  86 
2577 ,  48 .   0 
2584 ,  46 .  84 
2583 ,  48 .  58 
2593 ,  47 .  86 
2593 ,  47 .  86 
2592 ,  48 .  44 
2591 ,  46 .  99 
2590 ,  47 .  28 
2590 ,  46 .  84 
2587 ,  47 .  28 
2577 ,  47 .  42 
2578 ,  48 .  58 
2574 ,  47 .  86 
2571 ,  48 .  29 
2569 ,  47 .  42 
2571 ,  46 .  84 
2574 ,  48 .  44 
2571 ,  47 .  42 
2570 ,  47 .  86 
2573 ,  46 .  84 
2575 ,  48 .  44 
2576 ,  46 .  26 
2573 ,  48 .   0 
2571 ,  47 .  42 
2570 ,  46 .  26 
2566 ,  47 .  42 
2560 ,  48 .  15 
2562 ,  46 .  26 
2566 ,  47 .  42 
2566 ,  48 .  29 
2565 ,  47 .  86 
2570 ,  46 .  70 
2568 ,  47 .  42 
2564 ,  47 .  42 
2562 ,  46 .  12 
2561 ,  47 .  42 
2563 ,  46 .  84 
2568 ,  47 .  28 
2564 ,  47 .  13 
2572 ,  47 .  28 
2574 ,  47 .  86 
2574 ,  47 .  42 
2566 ,  48 .   0 
2567 ,  46 .  26 
2574 ,  46 .  99 
2573 ,  47 .  28 
2573 ,  46 .  26 
2579 ,  47 .  42 
2576 ,  47 .  13 
2575 ,  47 .  42 
2572 ,  48 .  58 
2576 ,  47 .  28 
2580 ,  46 .  84 
2586 ,  48 .   0 
2584 ,  47 .  86 
2592 ,  48 .  15 
2590 ,  46 .  70 
2592 ,  47 .  86 
2588 ,  50 .  76 
2590 ,  48 .  15 
2589 ,  46 .  99 
2591 ,  47 .  86 
2591 ,  47 .  42 
2596 ,  47 .  42 
2596 ,  47 .  42 
2598 ,  46 .  70 
2593 ,  46 .  84 
2596 ,  45 .  97 
2596 ,  47 .  42 
2602 ,  48 .  15 
2597 ,  46 .  84 
2604 ,  47 .  42 
2606 ,  48 .  44 
2608 ,  47 .  42 
2603 ,  48 .  44 
2602 ,  47 .  42 
2604 ,  47 .  71 
2608 ,  47 .  42 
2605 ,  47 .  42 
2611 ,  47 .  86 
2610 ,  47 .  42 
2612 ,  47 .  86 
2607 ,  48 .   0 
2609 ,  46 .  55 
2610 ,  47 .  42 
2613 ,  47 .  42 
2613 ,  47 .  86 
2620 ,  48 .  58 
2624 ,  47 .  86 
2623 ,  46 .  84 
2622 ,  48 .  44 
2618 ,  47 .  13 
2618 ,  48 .   0 
2622 ,  47 .  86 
2619 ,  47 .  57 
2626 ,  47 .  28 
2627 ,  47 .  42 
2628 ,  47 .  42 
2621 ,  48 .  58 
2623 ,  46 .  99 
2622 ,  46 .  70 
2623 ,  46 .  84 
2619 ,  47 .  42 
2626 ,  47 .  28 
2624 ,  48 .   0 
2624 ,  47 .  42 
2622 ,  48 .   0 
2623 ,  49 .   2 
2618 ,  47 .  42 
2622 ,  47 .  86 
2618 ,  46 .  84 
2626 ,  46 .  99 
2625 ,  48 .  15 
2623 ,  48 .  58 
2620 ,  48 .  73 
2620 ,  48 .  15 
2617 ,  47 .  28 
2618 ,  48 .  15 
2621 ,  47 .  42 
2624 ,  47 .  28 
2624 ,  47 .  42 
2624 ,  46 .  55 
2624 ,  47 .  86 
2625 ,  48 .  15 
2617 ,  48 .   0 
2621 ,  47 .  42 
2617 ,  48 .  44 
2622 ,  47 .  13 
2620 ,  47 .  28 
2622 ,  48 .   0 
2618 ,  48 .  29 
2622 ,  46 .  84 
2621 ,  48 .   0 
2619 ,  48 .   0 
2619 ,  46 .  26 
2627 ,  46 .  84 
2629 ,  47 .  28 
2629 ,  47 .  42 
2628 ,  47 .  42 
2634 ,  47 .  86 
2632 ,  48 .  44 
2627 ,  47 .  13 
2619 ,  47 .  42 
2619 ,  47 .  28 
2615 ,  47 .  42 
2616 ,  47 .  86 
2616 ,  47 .  86 
2620 ,  46 .  84 
2618 ,  46 .  99 
2612 ,  47 .  28 
2595 ,  47 .  42 
2587 ,  47 .  86 
2573 ,  48 .  29 
2550 ,  47 .  42 
2534 ,  48 .   0 
2526 ,  49 .  16 
2514 ,  48 .  58 
2508 ,  48 .   0 
2507 ,  47 .  28 
2509 ,  47 .  42 
2507 ,  47 .  42 
2502 ,  48 .  44 
2484 ,  48 .  15 
2475 ,  48 .  44 
2462 ,  48 .  29 
2451 ,  49 .  16 
2442 ,  50 .   3 
2441 ,  48 .   0 
2439 ,  45 .  97 
2438 ,  47 .  42 
2438 ,  48 .  58 
2439 ,  47 .  86 
2433 ,  48 .   0 
2430 ,  48 .   0 
2421 ,  48 .   0 
2431 ,  47 .  28 
2434 ,  46 .  26 
2442 ,  48 .  73 
2446 ,  47 .  42 
2453 ,  47 .  42 
2452 ,  48 .  44 
2450 ,  47 .  86 
2446 ,  47 .  42 
2456 ,  48 .   0 
2466 ,  48 .  44 
2473 ,  48 .   0 
2473 ,  47 .  42 
2477 ,  48 .  44 
2471 ,  47 .  42 
2460 ,  47 .  86 
2446 ,  48 .  29 
2442 ,  48 .  58 
2433 ,  47 .  42 
2427 ,  47 .  42 
2422 ,  49 .  16 
2420 ,  48 .  58 
2416 ,  49 .   2 
2412 ,  48 .   0 
2408 ,  48 .  58 
2413 ,  48 .  58 
2423 ,  48 .  44 
2431 ,  47 .  86 
2440 ,  49 .   2 
2457 ,  47 .  42 
2465 ,  49 .  60 
2465 ,  48 .  44 
2460 ,  48 .  44 
2464 ,  49 .  31 
2462 ,  48 .  15 
2463 ,  48 .   0 
2466 ,  47 .  86 
2471 ,  49 .   2 
2473 ,  47 .  28 
2473 ,  48 .  44 
2472 ,  48 .  44 
2469 ,  46 .  99 
2471 ,  47 .  42 
2474 ,  47 .  71 
2473 ,  47 .  42 
2482 ,  47 .  86 
2483 ,  47 .  28 
2485 ,  47 .  42 
2480 ,  47 .  86 
2487 ,  48 .   0 
2492 ,  48 .   0 
2496 ,  48 .  87 
2498 ,  46 .  26 
2499 ,  46 .  84 
2501 ,  49 .   2 
2497 ,  47 .  42 
2489 ,  48 .  44 
2494 ,  48 .  58 
2492 ,  47 .  42 
2491 ,  45 .  68 
2488 ,  49 .   2 
2493 ,  47 .  13 
2493 ,  47 .  13 
2493 ,  48 .   0 
2492 ,  47 .  86 
2496 ,  49 .  16 
2502 ,  48 .   0 
2512 ,  47 .  13 
2512 ,  47 .  42 
2518 ,  49 .   2 
2517 ,  47 .  13 
2515 ,  48 .   0 
2506 ,  48 .   0 
2506 ,  47 .  42 
2503 ,  46 .  99 
2501 ,  48 .   0 
2500 ,  47 .  42 
2507 ,  48 .  15 
2509 ,  47 .  86 
2512 ,  47 .  13 
2508 ,  47 .  86 
2513 ,  46 .  84 
2512 ,  48 .  15 
2511 ,  47 .  42 
2508 ,  47 .  86 
2512 ,  48 .   0 
2514 ,  48 .  15 
2510 ,  48 .   0 
2509 ,  48 .   0 
2508 ,  48 .  73 
2510 ,  47 .  86 
2513 ,  48 .  29 
2512 ,  47 .  86 
2513 ,  47 .  28 
2514 ,  48 .  15 
2511 ,  47 .  42 
2506 ,  49 .  60 
2506 ,  47 .  42 
2508 ,  48 .   0 
2512 ,  47 .  86 
2512 ,  48 .  44 
2520 ,  49 .  31 
2522 ,  47 .  42 
2525 ,  46 .  12 
2517 ,  48 .  58 
2517 ,  47 .  42 
2514 ,  48 .   0 
2518 ,  48 .  15 
2512 ,  47 .  28 
2518 ,  48 .  73 
2517 ,  46 .  99 
2515 ,  48 .  29 
2510 ,  49 .  16 
2512 ,  48 .  15 
2509 ,  48 .  58 
2510 ,  49 .   2 
2509 ,  46 .  84 
2516 ,  47 .  42 
2518 ,  47 .  86 
2516 ,  48 .   0 
2515 ,  48 .  44 
2509 ,  47 .  42 
2511 ,  47 .  86 
2513 ,  48 .   0 
2515 ,  47 .  86 
2518 ,  48 .  44 
2518 ,  46 .  26 
2520 ,  47 .  42 
2520 ,  48 .  44 
2517 ,  48 .   0 
2516 ,  47 .  71 
2515 ,  47 .  42 
2513 ,  47 .  42 
2520 ,  48 .  29 
2519 ,  48 .  29 
2520 ,  48 .  73 
2513 ,  48 .  58 
2517 ,  48 .   0 
2516 ,  48 .  58 
2518 ,  47 .  42 
2516 ,  46 .  12 
2523 ,  48 .   0 
2527 ,  47 .  86 
2526 ,  47 .  86 
2523 ,  47 .  28 
2523 ,  47 .  13 
2520 ,  46 .  84 
2519 ,  48 .  58 
2520 ,  47 .  86 
2526 ,  47 .  28 
2525 ,  47 .  13 
2526 ,  46 .  26 
2525 ,  47 .  86 
2526 ,  47 .  57 
2521 ,  48 .   0 
2520 ,  47 .  71 
2519 ,  47 .  86 
2526 ,  46 .  26 
2527 ,  46 .  26 
2525 ,  48 .  15 
2526 ,  48 .  15 
2525 ,  46 .  70 
2523 ,  46 .  70 
2520 ,  47 .  42 
2518 ,  47 .  42 
2526 ,  47 .  28 
2525 ,  46 .  70 
2525 ,  48 .   0 
2526 ,  48 .  58 
2525 ,  47 .  71 
2522 ,  47 .  42 
2522 ,  49 .  16 
2522 ,  47 .  28 
2523 ,  47 .  86 
2526 ,  47 .  86 
2526 ,  48 .  44 
2524 ,  48 .   0 
2527 ,  47 .  42 
2523 ,  47 .  42 
2518 ,  48 .  15 
2517 ,  48 .  29 
2522 ,  48 .  58 
2520 ,  47 .  42 
2521 ,  48 .   0 
2520 ,  48 .  58 
2524 ,  49 .  74 
2522 ,  47 .  28 
2518 ,  48 .  73 
2517 ,  47 .  28 
2518 ,  47 .  42 
2522 ,  48 .   0 
2519 ,  48 .  15 
2517 ,  48 .   0 
2520 ,  49 .  16 
2517 ,  48 .  44 
2515 ,  48 .  29 
2511 ,  49 .  16 
2516 ,  47 .  28 
2518 ,  48 .   0 
2518 ,  48 .  44 
2513 ,  47 .  13 
2517 ,  47 .  13 
2516 ,  47 .  42 
2511 ,  46 .  84 
2507 ,  47 .  71 
2513 ,  47 .  57 
2516 ,  47 .  42 
2512 ,  48 .  58 
2515 ,  48 .  44 
2517 ,  47 .  42 
2515 ,  47 .  42 
2512 ,  48 .  58 
2507 ,  48 .  58 
2513 ,  47 .  42 
2514 ,  47 .  86 
2515 ,  48 .  44 
2511 ,  48 .  44 
2516 ,  48 .   0 
2513 ,  49 .   2 
2508 ,  49 .  31 
2505 ,  47 .  42 
2507 ,  47 .  42 
2508 ,  48 .  58 
2505 ,  48 .   0 
2510 ,  49 .  16 
2510 ,  48 .  58 
2511 ,  47 .  71 
2503 ,  48 .   0 
2498 ,  47 .  86 
2502 ,  47 .  42 
2501 ,  47 .  42 
2503 ,  47 .  42 
2503 ,  49 .  16 
2506 ,  48 .  29 
2506 ,  47 .  28 
2501 ,  48 .  58 
2499 ,  46 .  99 
2497 ,  47 .  42 
2500 ,  47 .  42 
2501 ,  48 .  58 
2499 ,  48 .  58 
2503 ,  47 .  86 
2500 ,  47 .  42 
2496 ,  48 .  58 
2487 ,  48 .   0 
2490 ,  48 .  58 
2492 ,  47 .  86 
2489 ,  48 .   0 
2488 ,  48 .  58 
2488 ,  47 .  42 
2485 ,  47 .  86 
2481 ,  48 .  44 
2474 ,  49 .  74 
2477 ,  48 .  15 
2478 ,  47 .  86 
2479 ,  48 .   0 
2482 ,  47 .  42 
2479 ,  48 .  29 
2476 ,  48 .  44 
2479 ,  47 .  42 
2473 ,  48 .  29 
2475 ,  48 .  44 
2480 ,  48 .   0 
2483 ,  48 .   0 
2484 ,  48 .   0 
2488 ,  47 .  13 
2489 ,  47 .  86 
2486 ,  48 .  29 
2481 ,  48 .  44 
2483 ,  48 .  58 
2484 ,  47 .  42 
2487 ,  47 .  42 
2483 ,  48 .  44 
2489 ,  48 .  15 
2489 ,  48 .   0 
2483 ,  49 .  16 
2485 ,  47 .  86 
2483 ,  46 .  99 
2485 ,  47 .  42 
2486 ,  48 .  58 
2481 ,  48 .  29 
2485 ,  48 .  29 
2488 ,  48 .  15 
2485 ,  47 .  42 
2481 ,  47 .  86 
2483 ,  50 .  32 
2482 ,  49 .  74 
2487 ,  48 .  58 
2484 ,  48 .  44 
2489 ,  49 .  16 
2491 ,  46 .  84 
2490 ,  47 .  86 
2488 ,  48 .  44 
2483 ,  48 .  29 
2481 ,  48 .   0 
2488 ,  48 .   0 
2482 ,  49 .  60 
2488 ,  46 .  84 
2488 ,  48 .  29 
2491 ,  48 .  44 
2483 ,  48 .   0 
2485 ,  47 .  42 
2484 ,  48 .  58 
2487 ,  48 .  15 
2486 ,  48 .  44 
2494 ,  46 .  70 
2493 ,  46 .  99 
2496 ,  47 .  42 
2496 ,  48 .   0 
2494 ,  47 .  28 
2495 ,  47 .  42 
2498 ,  48 .  44 
2503 ,  47 .  13 
2507 ,  47 .  42 
2510 ,  47 .  42 
2515 ,  47 .  86 
2515 ,  48 .  44 
2524 ,  46 .  70 
2530 ,  47 .  28 
2537 ,  47 .  28 
2543 ,  49 .   2 
2551 ,  48 .  29 
2557 ,  47 .  42 
2559 ,  47 .  42 
2558 ,  47 .  42 
2555 ,  48 .  15 
2548 ,  47 .  42 
2546 ,  46 .  84 
2542 ,  50 .  90 
2545 ,  45 .  10 
2547 ,  47 .  42 
2547 ,  47 .  42 
2541 ,  47 .  86 
2546 ,  47 .  42 
2545 ,  47 .  42 
2547 ,  48 .  29 
2547 ,  47 .  42 
2552 ,  46 .  70 
2550 ,  47 .  28 
2549 ,  47 .  86 
2546 ,  47 .  86 
2548 ,  48 .  44 
2545 ,  46 .  70 
2546 ,  46 .  84 
2547 ,  48 .   0 
2550 ,  47 .  57 
2551 ,  45 .  10 
2552 ,  48 .   0 
2546 ,  47 .  86 
2548 ,  48 .  44 
2544 ,  47 .  13 
2543 ,  46 .  84 
2547 ,  48 .   0 
2548 ,  48 .   0 
2547 ,  46 .  70 
2550 ,  47 .  42 
2546 ,  48 .   0 
2551 ,  47 .  13 
2547 ,  47 .  13 
2545 ,  47 .  86 
2545 ,  47 .  28 
2550 ,  48 .  15 
2549 ,  47 .  42 
2552 ,  49 .  16 
2548 ,  47 .  42 
2549 ,  48 .   0 
2548 ,  47 .  86 
2547 ,  48 .   0 
2546 ,  48 .  44 
2552 ,  48 .   0 
2552 ,  46 .  26 
2552 ,  47 .  86 
2552 ,  48 .  58 
2553 ,  47 .  86 
2549 ,  47 .  28 
2548 ,  47 .  42 
2544 ,  48 .  15 
2550 ,  46 .  84 
2553 ,  47 .  13 
2554 ,  48 .   0 
2552 ,  47 .  42 
2551 ,  48 .  44 
2550 ,  47 .  86 
2546 ,  47 .  42 
2545 ,  47 .  42 
2549 ,  47 .  86 
2551 ,  47 .  42 
2548 ,  48 .  15 
2545 ,  47 .  42 
2552 ,  47 .  42 
2549 ,  47 .  42 
2545 ,  46 .  26 
2542 ,  48 .  15 
2546 ,  48 .  29 
2544 ,  49 .   2 
2549 ,  48 .   0 
2544 ,  48 .  15 
2547 ,  48 .   0 
2546 ,  47 .  42 
2542 ,  48 .   0 
2537 ,  48 .   0 
2542 ,  47 .  86 
2544 ,  48 .   0 
2544 ,  48 .  58 
2538 ,  48 .  29 
2541 ,  47 .  42 
2542 ,  49 .  16 
2537 ,  48 .  44 
2534 ,  49 .  60 
2540 ,  47 .  42 
2543 ,  47 .  28 
2546 ,  48 .  29 
2542 ,  46 .  84 
2547 ,  47 .  28 
2548 ,  48 .  44 
2547 ,  47 .  28 
2539 ,  49 .   2 
2548 ,  47 .  86 
2549 ,  46 .  99 
2551 ,  48 .   0 
2547 ,  48 .  29 
2552 ,  47 .  42 
2550 ,  46 .  55 
2548 ,  47 .  86 
2543 ,  49 .   2 
2549 ,  47 .  13 
2550 ,  47 .  42 
2551 ,  47 .  42 
2548 ,  48 .  15 
2552 ,  47 .  42 
2552 ,  45 .  83 
2549 ,  47 .  42 
2542 ,  47 .  13 
2548 ,  46 .  70 
2550 ,  47 .  42 
2551 ,  47 .  28 
2547 ,  48 .  58 
2552 ,  47 .  28 
2549 ,  47 .  42 
2547 ,  47 .  86 
2542 ,  48 .  58 
2546 ,  48 .   0 
2548 ,  46 .  26 
2546 ,  48 .   0 
2552 ,  49 .  74 
2552 ,  48 .  58 
2551 ,  48 .   0 
2551 ,  47 .  86 
2542 ,  49 .   2 
2547 ,  47 .  42 
2548 ,  47 .  42 
2552 ,  48 .   0 
2549 ,  48 .   0 
2551 ,  47 .  42 
2553 ,  45 .  68 
2552 ,  47 .  71 
2544 ,  47 .  42 
2547 ,  46 .  84 
2548 ,  48 .  44 
2551 ,  48 .  58 
2549 ,  46 .  26 
2555 ,  47 .  57 
2554 ,  47 .  42 
2554 ,  46 .  84 
2547 ,  47 .  42 
2549 ,  47 .  86 
2551 ,  47 .  42 
2550 ,  46 .  84 
2552 ,  48 .  58 
2556 ,  47 .  42 
2557 ,  47 .  13 
2556 ,  47 .  86 
2554 ,  49 .   2 
2556 ,  47 .  42 
2559 ,  47 .  42 
2566 ,  48 .  58 
2565 ,  46 .  70 
2573 ,  47 .  42 
2579 ,  47 .  86 
2584 ,  48 .  58 
2584 ,  47 .  42 
2593 ,  46 .  70 
2602 ,  47 .  42 
2607 ,  47 .  13 
2605 ,  47 .  42 
2610 ,  48 .  44 
2608 ,  47 .  13 
2601 ,  47 .  71 
2594 ,  48 .  29 
2587 ,  46 .  84 
2583 ,  47 .  42 
2579 ,  47 .  86 
2578 ,  48 .  29 
2577 ,  46 .  99 
2573 ,  47 .  42 
2574 ,  48 .  58 
2565 ,  47 .  42 
2565 ,  47 .  42 
2565 ,  47 .  57 
2560 ,  47 .  42 
2564 ,  48 .   0 
2568 ,  48 .  15 
2566 ,  47 .  13 
2565 ,  47 .  42 
2562 ,  48 .  58 
2561 ,  46 .  84 
2561 ,  47 .  28 
2563 ,  48 .  73 
2561 ,  48 .  58 
2564 ,  47 .  13 
2566 ,  47 .  42 
2566 ,  48 .  58 
2561 ,  47 .  28 
2560 ,  47 .  86 
2558 ,  47 .  42 
2560 ,  47 .  86 
2561 ,  49 .   2 
2561 ,  48 .   0 
2564 ,  48 .  58 
2562 ,  47 .  86 
2556 ,  48 .   0 
2556 ,  47 .  86 
2550 ,  48 .  15 
2555 ,  48 .   0 
2553 ,  49 .   2 
2560 ,  47 .  86 
2558 ,  48 .  15 
2556 ,  48 .  29 
2554 ,  48 .  87 
2554 ,  47 .  86 
2550 ,  49 .  60 
2550 ,  47 .  42 
2548 ,  46 .  84 
2552 ,  48 .  58 
2549 ,  47 .  28 
2551 ,  47 .  28 
2546 ,  48 .  58 
2545 ,  48 .   0 
2541 ,  47 .  42 
2538 ,  48 .  44 
2537 ,  48 .  87 
2539 ,  47 .  28 
2539 ,  48 .   0 
2538 ,  48 .  15 
2531 ,  47 .  86 
2535 ,  49 .  16 
2530 ,  48 .   0 
2530 ,  48 .  58 
2527 ,  48 .   0 
2533 ,  48 .   0 
2535 ,  48 .   0 
2536 ,  47 .  28 
2530 ,  49 .  60 
2532 ,  48 .  29 
2528 ,  48 .  58 
2524 ,  47 .  86 
2524 ,  48 .   0 
2528 ,  48 .  29 
2530 ,  48 .  73 
2531 ,  47 .  86 
2528 ,  47 .  42 
2528 ,  46 .  70 
2528 ,  48 .  58 
2527 ,  46 .  26 
2529 ,  47 .  42 
2534 ,  48 .  44 
2535 ,  46 .  26 
2536 ,  47 .  28 
2537 ,  48 .  29 
2540 ,  48 .   0 
2541 ,  48 .  58 
2538 ,  48 .  15 
2533 ,  46 .  84 
2539 ,  48 .  44 
2542 ,  49 .   2 
2545 ,  47 .  42 
2544 ,  48 .   0 
2554 ,  48 .  15 
2558 ,  46 .  84 
2571 ,  47 .  86 
2583 ,  47 .  42 
2610 ,  45 .  10 
2624 ,  46 .  84 
2630 ,  47 .  13 
2628 ,  49 .   2 
2617 ,  48 .  44 
2593 ,  47 .  42 
2562 ,  45 .  54 
2520 ,  47 .  42 
2488 ,  48 .  58 
2453 ,  49 .  31 
2421 ,  48 .  44 
2391 ,  48 .   0 
2377 ,  47 .  28 
2367 ,  47 .  42 
2364 ,  49 .   2 
2372 ,  48 .  58 
2389 ,  48 .  58 
2408 ,  47 .  42 
2426 ,  48 .  73 
2451 ,  48 .  58 
2470 ,  48 .  29 
2489 ,  48 .  73 
2499 ,  48 .   0 
2506 ,  47 .  42 
2518 ,  46 .  70 
2522 ,  48 .   0 
2523 ,  47 .  42 
2516 ,  47 .  86 
2518 ,  48 .   0 
2514 ,  47 .  28 
2508 ,  47 .  13 
2503 ,  48 .   0 
2511 ,  48 .  44 
2514 ,  47 .  13 
2516 ,  47 .  71 
2517 ,  48 .  44 
2520 ,  46 .  84 
2518 ,  47 .  42 
2518 ,  48 .   0 
2511 ,  46 .  84 
2517 ,  47 .  13 
2520 ,  48 .   0 
2521 ,  48 .  58 
2520 ,  47 .  86 
2524 ,  48 .  73 
2524 ,  48 .   0 
2523 ,  47 .  42 
2515 ,  48 .   0 
2522 ,  47 .  86 
2524 ,  48 .  44 
2524 ,  48 .  29 
2530 ,  47 .  42 
2525 ,  47 .  42 
2525 ,  49 .  16 
2523 ,  49 .   2 
2518 ,  47 .  42 
2520 ,  48 .   0 
2523 ,  48 .  15 
2524 ,  48 .   0 
2523 ,  48 .   0 
2528 ,  47 .  86 
2528 ,  48 .   0 
2526 ,  48 .  44 
2521 ,  47 .  42 
2525 ,  48 .   0 
2528 ,  46 .  99 
2529 ,  48 .  15 
2527 ,  47 .  42 
2534 ,  47 .  42 
2535 ,  47 .  42 
2536 ,  47 .  86 
2529 ,  48 .   0 
2534 ,  46 .  26 
2535 ,  46 .  70 
2539 ,  48 .   0 
2540 ,  48 .  44 
2541 ,  47 .  42 
2539 ,  47 .  86 
2540 ,  47 .  42 
2529 ,  48 .  29 
2532 ,  47 .  86 
2533 ,  46 .  26 
2534 ,  49 .  74 
2529 ,  48 .  29 
2534 ,  47 .  28 
2535 ,  47 .  86 
2529 ,  48 .   0 
2530 ,  47 .  42 
2530 ,  48 .  44 
2530 ,  47 .  42 
2529 ,  48 .   0 
2528 ,  48 .   0 
2534 ,  48 .  58 
2531 ,  47 .  42 
2532 ,  49 .   2 
2526 ,  49 .  16 
2527 ,  47 .  13 
2527 ,  47 .  86 
2531 ,  48 .  44 
2530 ,  49 .  45 
2534 ,  47 .  42 
2536 ,  48 .   0 
2536 ,  48 .  44 
2529 ,  46 .  84 
2529 ,  49 .   2 
2532 ,  49 .   2 
2535 ,  47 .  86 
2535 ,  48 .   0 
2541 ,  47 .  42 
2539 ,  47 .  28 
2537 ,  47 .  71 
2533 ,  49 .  16 
2533 ,  47 .  42 
2532 ,  46 .  84 
2536 ,  47 .  28 
2535 ,  46 .  99 
2540 ,  46 .  99 
2540 ,  47 .  42 
2540 ,  47 .  86 
2540 ,  48 .  15 
2530 ,  48 .   0 
2532 ,  46 .  26 
2536 ,  48 .   0 
2535 ,  48 .   0 
2534 ,  47 .  42 
2538 ,  47 .  42 
2539 ,  49 .  31 
2531 ,  47 .  42 
2533 ,  48 .   0 
2531 ,  48 .   0 
2532 ,  46 .  12 
2528 ,  48 .   0 
2535 ,  49 .   2 
2533 ,  48 .  29 
2532 ,  47 .  86 
2527 ,  47 .  42 
2530 ,  48 .  58 
2527 ,  48 .   0 
2526 ,  49 .  74 
2523 ,  48 .  44 
2529 ,  48 .  15 
2529 ,  47 .  42 
2530 ,  49 .   2 
2521 ,  47 .  42 
2525 ,  49 .  16 
2521 ,  48 .  29 
2521 ,  47 .  28 
2521 ,  49 .   2 
2527 ,  48 .   0 
2525 ,  48 .   0 
2526 ,  47 .  86 
2522 ,  48 .  44 
2521 ,  48 .  15 
2521 ,  47 .  42 
2520 ,  47 .  42 
2521 ,  48 .   0 
2523 ,  48 .  58 
2526 ,  48 .  73 
2525 ,  47 .  42 
2519 ,  49 .  45 
2523 ,  48 .  44 
2518 ,  49 .  16 
2520 ,  49 .  16 
2517 ,  47 .  42 
2524 ,  47 .  42 
2528 ,  49 .  31 
2526 ,  49 .  16 
2525 ,  48 .  29 
2530 ,  48 .  29 
2525 ,  48 .   0 
2528 ,  48 .  58 
2529 ,  48 .  73 
2535 ,  47 .  42 
2539 ,  46 .  84 
2543 ,  49 .  16 
2544 ,  47 .  42 
2546 ,  48 .  15 
2547 ,  48 .  29 
2543 ,  48 .  58 
2538 ,  47 .  42 
2539 ,  47 .  57 
2534 ,  47 .  28 
2528 ,  47 .  86 
2517 ,  48 .  87 
2514 ,  48 .  15 
2506 ,  47 .  13 
2501 ,  47 .  42 
2502 ,  47 .  71 
2505 ,  48 .  15 
2510 ,  47 .  86 
2510 ,  46 .  70 
2507 ,  46 .  99 
2509 ,  47 .  42 
2506 ,  46 .  84 
2506 ,  48 .   0 
2500 ,  47 .  42 
2508 ,  48 .  29 
2512 ,  48 .  58 
2515 ,  47 .  86 
2516 ,  47 .  28 
2512 ,  48 .  15 
2512 ,  48 .  44 
2508 ,  48 .   0 
2504 ,  47 .  13 
2512 ,  49 .  60 
2513 ,  47 .  42 
2513 ,  47 .  28 
2511 ,  48 .  44 
2513 ,  46 .  84 
2511 ,  47 .  42 
2511 ,  47 .  28 
2505 ,  48 .  15 
2511 ,  47 .  86 
2515 ,  47 .  86 
2516 ,  48 .   0 
2514 ,  48 .  15 
2519 ,  47 .  42 
2520 ,  49 .  60 
2517 ,  46 .  26 
2517 ,  48 .   0 
2523 ,  49 .  74 
2525 ,  48 .  15 
2529 ,  47 .  42 
2530 ,  48 .  58 
2533 ,  47 .  28 
2532 ,  48 .  87 
2531 ,  48 .  44 
2525 ,  48 .  58 
2532 ,  47 .  28 
2535 ,  47 .  42 
2534 ,  47 .  86 
2537 ,  47 .  28 
2537 ,  49 .   2 
2536 ,  47 .  28 
2531 ,  48 .  58 
2524 ,  49 .  16 
2530 ,  48 .   0 
2532 ,  48 .   0 
2532 ,  47 .  28 
2530 ,  49 .  16 
2537 ,  48 .  58 
2536 ,  46 .  26 
2536 ,  48 .  73 
2535 ,  48 .   0 
2538 ,  47 .  42 
2541 ,  47 .  86 
2540 ,  48 .  58 
2538 ,  48 .  58 
2543 ,  48 .  58 
2540 ,  47 .  13 
2538 ,  45 .  83 
2534 ,  47 .  86 
2538 ,  47 .  86 
2541 ,  48 .  73 
2544 ,  48 .   0 
2542 ,  47 .  28 
2546 ,  47 .  42 
2547 ,  48 .  58 
2542 ,  46 .  70 
2538 ,  47 .  42 
2544 ,  48 .   0 
2549 ,  47 .  86 
2553 ,  48 .   0 
2557 ,  48 .  58 
2563 ,  48 .   0 
2566 ,  49 .  60 
2567 ,  47 .  42 
2564 ,  47 .  86 
2568 ,  48 .   0 
2570 ,  46 .  99 
2569 ,  48 .  15 
2561 ,  47 .  42 
2560 ,  47 .  28 
2552 ,  47 .  42 
2546 ,  47 .  86 
2536 ,  47 .  28 
2535 ,  48 .  58 
2536 ,  46 .  99 
2540 ,  46 .  84 
2539 ,  48 .  44 
2544 ,  48 .   0 
2546 ,  47 .  42 
2543 ,  48 .  44 
2540 ,  46 .  99 
2535 ,  48 .  58 
2537 ,  48 .   0 
2540 ,  47 .  86 
2539 ,  49 .  16 
2544 ,  48 .   0 
2545 ,  47 .  13 
2546 ,  46 .  84 
2539 ,  47 .  28 
2540 ,  47 .  28 
2540 ,  48 .  15 
2543 ,  48 .  15 
2540 ,  47 .  28 
2544 ,  48 .  73 
2547 ,  48 .  58 
2547 ,  48 .  58 
2540 ,  48 .  44 
2542 ,  47 .  86 
2542 ,  47 .  42 
2544 ,  48 .  44 
2542 ,  48 .   0 
2547 ,  48 .   0 
2549 ,  47 .  42 
2546 ,  47 .  42 
2540 ,  48 .  15 
2538 ,  47 .  13 
2538 ,  46 .  55 
2542 ,  47 .  28 
2537 ,  47 .  42 
2543 ,  43 .  94 
2543 ,  49 .  45 
2542 ,  48 .   0 
2541 ,  46 .  84 
2542 ,  47 .  28 
2541 ,  48 .   0 
2545 ,  45 .  97 
2546 ,  48 .   0 
2552 ,  48 .   0 
2550 ,  48 .  44 
2548 ,  46 .  84 
2540 ,  48 .   0 
2539 ,  47 .  42 
2537 ,  48 .  15 
2540 ,  47 .  42 
2539 ,  49 .   2 
2544 ,  47 .  42 
2546 ,  47 .  28 
2545 ,  47 .  28 
2540 ,  47 .  86 
2545 ,  46 .  84 
2546 ,  47 .  42 
2548 ,  47 .  28 
2551 ,  47 .  42 
2560 ,  47 .  28 
2562 ,  46 .  26 
2568 ,  46 .  70 
2565 ,  47 .  28 
2569 ,  47 .  86 
2569 ,  51 .  34 
2575 ,  47 .  42 
2573 ,  48 .  58 
2579 ,  47 .  42 
2579 ,  47 .  57 
2580 ,  47 .  42 
2570 ,  47 .  42 
2571 ,  47 .  42 
2565 ,  46 .  12 
2566 ,  48 .   0 
2563 ,  48 .  58 
2567 ,  47 .  42 
2569 ,  49 .   2 
2569 ,  48 .   0 
2572 ,  48 .   0 
2572 ,  48 .   0 
2570 ,  48 .  73 
2569 ,  47 .  42 
2571 ,  47 .  28 
2572 ,  48 .   0 
2571 ,  47 .  28 
2569 ,  47 .  42 
2566 ,  48 .  44 
2566 ,  48 .   0 
2562 ,  47 .  42 
2562 ,  48 .  15 
2559 ,  47 .  42 
2564 ,  47 .  86 
2564 ,  46 .  84 
2566 ,  48 .  44 
2562 ,  48 .   0 
2565