 48 
2106 ,  50 .  47 
2139 ,  51 .  48 
2122 ,  50 .  90 
2090 ,  52 .   6 
2121 ,  51 .  48 
2113 ,  51 .  48 
2060 ,  51 .  48 
2042 ,  52 .  50 
2106 ,  52 .   6 
2135 ,  50 .  61 
2117 ,  51 .  92 
2086 ,  51 .  34 
2119 ,  51 .  92 
2113 ,  52 .   6 
2062 ,  52 .   6 
2041 ,  50 .  90 
2108 ,  51 .  77 
2137 ,  51 .  48 
2114 ,  51 .  48 
2086 ,  50 .  90 
2119 ,  52 .   6 
2112 ,  51 .  48 
2058 ,  50 .  76 
2042 ,  52 .   6 
2107 ,  52 .   6 
2135 ,  50 .  76 
2113 ,  50 .  32 
2088 ,  51 .  34 
2119 ,  50 .  61 
2110 ,  50 .  90 
2056 ,  50 .  90 
2044 ,  50 .  76 
2108 ,  50 .  61 
2135 ,  51 .  34 
2113 ,  51 .  92 
2088 ,  52 .   6 
2118 ,  50 .  90 
2108 ,  50 .  32 
2056 ,  50 .  76 
2044 ,  51 .  77 
2109 ,  49 .  74 
2136 ,  50 .  61 
2111 ,  50 .  90 
2087 ,  51 .  48 
2117 ,  50 .  76 
2105 ,  50 .  47 
2054 ,  52 .  50 
2048 ,  50 .  90 
2109 ,  51 .  63 
2138 ,  51 .  34 
2109 ,  51 .  48 
2088 ,  50 .  90 
2120 ,  51 .  48 
2108 ,  50 .  76 
2045 ,  50 .  90 
2048 ,  51 .  92 
2110 ,  50 .  90 
2134 ,  50 .  18 
2110 ,  51 .  92 
2090 ,  52 .   6 
2120 ,  50 .  18 
2109 ,  52 .   6 
2048 ,  50 .  61 
2051 ,  51 .  48 
2112 ,  50 .  76 
2139 ,  51 .  34 
2109 ,  50 .  61 
2093 ,  51 .  34 
2121 ,  51 .  34 
2109 ,  51 .  48 
2048 ,  50 .  76 
2056 ,  50 .  90 
2115 ,  50 .  76 
2137 ,  49 .  74 
2110 ,  51 .  92 
2094 ,  52 .  35 
2123 ,  51 .  48 
2108 ,  50 .  76 
2048 ,  50 .  76 
2054 ,  50 .  76 
2113 ,  49 .  74 
2137 ,  51 .  48 
2106 ,  51 .  48 
2094 ,  52 .   6 
2122 ,  50 .  47 
2107 ,  51 .  48 
2048 ,  50 .  32 
2053 ,  50 .  32 
2116 ,  51 .  92 
2138 ,  51 .  63 
2105 ,  50 .  32 
2093 ,  50 .  32 
2122 ,  50 .  90 
2105 ,  51 .  48 
2044 ,  51 .  92 
2053 ,  50 .  32 
2116 ,  51 .  92 
2136 ,  52 .  35 
2102 ,  50 .  90 
2093 ,  51 .  34 
2122 ,  51 .  92 
2103 ,  51 .  92 
2041 ,  51 .  77 
2059 ,  50 .  90 
2117 ,  51 .  92 
2138 ,  51 .  34 
2104 ,  50 .  76 
2096 ,  50 .  90 
2122 ,  51 .  92 
2106 ,  51 .  48 
2044 ,  52 .   6 
2062 ,  51 .  92 
2119 ,  50 .  90 
2140 ,  49 .  74 
2105 ,  50 .  76 
2098 ,  51 .  63 
2124 ,  51 .  77 
2104 ,  51 .  92 
2038 ,  50 .  90 
2060 ,  50 .  90 
2122 ,  52 .   6 
2138 ,  50 .  76 
2104 ,  51 .  48 
2098 ,  49 .  74 
2125 ,  50 .  90 
2103 ,  50 .  32 
2040 ,  50 .  76 
2061 ,  51 .  92 
2122 ,  51 .  48 
2142 ,  52 .   6 
2101 ,  50 .  61 
2099 ,  51 .  92 
2124 ,  52 .   6 
2101 ,  50 .  32 
2035 ,  51 .  48 
2061 ,  50 .  76 
2122 ,  51 .  92 
2138 ,  52 .   6 
2101 ,  51 .  63 
2104 ,  50 .  90 
2136 ,  51 .  19 
2117 ,  50 .  61 
2071 ,  51 .  48 
2107 ,  51 .  92 
2174 ,  51 .  63 
2196 ,  51 .  48 
2168 ,  50 .  32 
2177 ,  50 .  47 
2205 ,  49 .  74 
2186 ,  50 .  90 
2127 ,  50 .  61 
2162 ,  50 .  32 
2219 ,  50 .  90 
2232 ,  50 .  90 
2197 ,  51 .  77 
2200 ,  50 .  76 
2234 ,  50 .  61 
2222 ,  51 .  77 
2179 ,  51 .  34 
2225 ,  51 .  63 
2289 ,  51 .  48 
2304 ,  50 .  90 
2283 ,  52 .  50 
2307 ,  51 .  19 
2337 ,  51 .  48 
2320 ,  51 .  63 
2279 ,  49 .  74 
2322 ,  50 .  90 
2382 ,  50 .  76 
2408 ,  50 .  32 
2389 ,  50 .  18 
2402 ,  51 .  77 
2420 ,  51 .  34 
2398 ,  50 .  18 
2348 ,  50 .  32 
2380 ,  50 .  18 
2426 ,  49 .  74 
2434 ,  49 .  16 
2410 ,  50 .  18 
2424 ,  50 .  61 
2439 ,  49 .   2 
2406 ,  50 .  61 
2333 ,  49 .  74 
2360 ,  51 .  34 
2401 ,  51 .  92 
2411 ,  49 .  31 
2391 ,  51 .  19 
2420 ,  50 .  76 
2458 ,  50 .  90 
2456 ,  48 .  87 
2425 ,  51 .  48 
2466 ,  49 .  89 
2507 ,  49 .  74 
2514 ,  49 .  16 
2483 ,  50 .  18 
2489 ,  50 .  90 
2501 ,  49 .  74 
2476 ,  49 .  89 
2428 ,  50 .  76 
2453 ,  50 .  61 
2487 ,  49 .  45 
2486 ,  50 .  61 
2457 ,  49 .  74 
2470 ,  50 .  18 
2482 ,  49 .  74 
2460 ,  50 .  32 
2415 ,  50 .  90 
2452 ,  50 .  61 
2487 ,  49 .  74 
2494 ,  50 .  76 
2468 ,  49 .  74 
2473 ,  50 .  61 
2491 ,  50 .  47 
2472 ,  50 .  32 
2440 ,  49 .  16 
2477 ,  49 .  74 
2509 ,  49 .  74 
2515 ,  50 .  90 
2485 ,  49 .  74 
2497 ,  50 .  32 
2515 ,  50 .  32 
2491 ,  48 .  87 
2453 ,  49 .  45 
2490 ,  50 .  90 
2523 ,  49 .  74 
2523 ,  50 .  18 
2498 ,  49 .  60 
2509 ,  49 .  16 
2526 ,  49 .  60 
2501 ,  49 .  45 
2465 ,  49 .  16 
2504 ,  50 .  18 
2534 ,  49 .  74 
2536 ,  49 .  74 
2501 ,  49 .  16 
2513 ,  49 .  74 
2526 ,  50 .  76 
2503 ,  49 .  31 
2465 ,  49 .  74 
2501 ,  50 .  32 
2532 ,  50 .   3 
2533 ,  48 .  58 
2503 ,  49 .  16 
2520 ,  49 .  60 
2533 ,  50 .  90 
2510 ,  50 .  32 
2479 ,  50 .  90 
2515 ,  49 .  74 
2545 ,  50 .  61 
2546 ,  49 .  74 
2517 ,  48 .  87 
2532 ,  50 .  76 
2546 ,  49 .  74 
2524 ,  49 .   2 
2497 ,  50 .  32 
2532 ,  50 .  90 
2568 ,  50 .  90 
2570 ,  48 .  87 
2545 ,  49 .  74 
2565 ,  50 .  76 
2580 ,  50 .  90 
2560 ,  49 .  45 
2536 ,  49 .  16 
2574 ,  49 .  60 
2603 ,  49 .  16 
2603 ,  49 .   2 
2577 ,  49 .  45 
2590 ,  49 .   2 
2596 ,  48 .  58 
2580 ,  50 .  32 
2549 ,  50 .  18 
2581 ,  50 .  47 
2610 ,  50 .  32 
2609 ,  51 .  48 
2577 ,  49 .  60 
2593 ,  49 .  31 
2600 ,  49 .  74 
2576 ,  46 .  26 
2545 ,  49 .  45 
2582 ,  50 .  90 
2609 ,  50 .  76 
2607 ,  49 .  74 
2579 ,  49 .  74 
2592 ,  49 .  16 
2597 ,  49 .  16 
2576 ,  49 .  60 
2549 ,  49 .  16 
2587 ,  49 .  74 
2615 ,  50 .  90 
2611 ,  49 .  74 
2586 ,  49 .  16 
2600 ,  49 .  45 
2606 ,  49 .  74 
2582 ,  49 .  31 
2557 ,  50 .  18 
2591 ,  49 .  60 
2616 ,  49 .  74 
2611 ,  48 .  44 
2584 ,  49 .  74 
2598 ,  49 .  16 
2601 ,  48 .  73 
2578 ,  50 .  47 
2546 ,  49 .  16 
2582 ,  49 .  60 
2602 ,  49 .  31 
2595 ,  49 .  45 
2568 ,  49 .  60 
2585 ,  49 .   2 
2589 ,  50 .  76 
2561 ,  49 .  16 
2533 ,  49 .  60 
2570 ,  50 .  90 
2595 ,  49 .  60 
2588 ,  49 .  74 
2562 ,  49 .   2 
2584 ,  51 .  63 
2583 ,  49 .  60 
2560 ,  50 .  32 
2539 ,  49 .   2 
2580 ,  50 .  32 
2610 ,  51 .  63 
2605 ,  49 .  74 
2583 ,  49 .  60 
2600 ,  49 .  45 
2607 ,  49 .  60 
2586 ,  49 .  60 
2569 ,  49 .  16 
2610 ,  49 .  74 
2633 ,  50 .  76 
2634 ,  49 .   2 
2616 ,  49 .   2 
2636 ,  50 .  32 
2643 ,  48 .  87 
2626 ,  50 .  32 
2615 ,  49 .  74 
2653 ,  49 .  74 
2682 ,  50 .  76 
2676 ,  49 .  74 
2657 ,  48 .  58 
2675 ,  49 .  60 
2677 ,  50 .  18 
2653 ,  49 .   2 
2640 ,  49 .  74 
2669 ,  48 .  58 
2687 ,  48 .  44 
2682 ,  50 .  47 
2660 ,  49 .  45 
2672 ,  50 .  32 
2672 ,  49 .  16 
2643 ,  49 .   2 
2630 ,  49 .  74 
2649 ,  49 .  45 
2668 ,  49 .   2 
2654 ,  49 .   2 
2635 ,  48 .  58 
2646 ,  49 .  16 
2644 ,  50 .  18 
2613 ,  48 .  58 
2603 ,  49 .  16 
2639 ,  50 .  47 
2654 ,  49 .  16 
2646 ,  49 .  31 
2631 ,  49 .  74 
2649 ,  48 .  58 
2650 ,  49 .   2 
2625 ,  48 .  58 
2617 ,  49 .  16 
2651 ,  49 .  16 
2665 ,  49 .  31 
2655 ,  48 .  15 
2642 ,  48 .  44 
2658 ,  48 .  58 
2653 ,  48 .  58 
2624 ,  48 .  29 
2616 ,  50 .   3 
2647 ,  48 .  44 
2661 ,  48 .  58 
2654 ,  49 .   2 
2640 ,  48 .  44 
2655 ,  49 .  16 
2652 ,  48 .  58 
2621 ,  48 .  58 
2616 ,  48 .   0 
2646 ,  49 .  16 
2658 ,  49 .  31 
2651 ,  48 .  15 
2638 ,  48 .  58 
2659 ,  49 .  16 
2659 ,  50 .  32 
2633 ,  48 .  44 
2632 ,  48 .  58 
2663 ,  47 .  86 
2680 ,  48 .  87 
2672 ,  48 .  58 
2665 ,  49 .  16 
2684 ,  49 .  74 
2688 ,  48 .  58 
2668 ,  49 .  74 
2668 ,  49 .  31 
2692 ,  48 .  58 
2709 ,  49 .  74 
2698 ,  50 .  18 
2682 ,  49 .  60 
2694 ,  48 .   0 
2690 ,  48 .  44 
2664 ,  48 .  15 
2661 ,  49 .  45 
2686 ,  50 .  61 
2702 ,  49 .  60 
2688 ,  50 .  18 
2675 ,  49 .  74 
2683 ,  49 .   2 
2676 ,  49 .  16 
2644 ,  49 .  60 
2634 ,  49 .  16 
2655 ,  49 .  16 
2661 ,  49 .  31 
2643 ,  50 .  32 
2624 ,  48 .  58 
2631 ,  48 .  29 
2622 ,  48 .   0 
2589 ,  48 .  58 
2585 ,  50 .  47 
2614 ,  49 .  60 
2634 ,  49 .  31 
2619 ,  48 .  58 
2613 ,  49 .  16 
2630 ,  49 .   2 
2627 ,  48 .  44 
2601 ,  49 .  74 
2607 ,  49 .  31 
2639 ,  48 .  29 
2657 ,  50 .  61 
2647 ,  50 .  76 
2639 ,  49 .  16 
2654 ,  48 .  44 
2650 ,  50 .  18 
2619 ,  48 .  58 
2621 ,  49 .  74 
2648 ,  50 .  32 
2661 ,  48 .  58 
2647 ,  48 .  73 
2638 ,  49 .  60 
2649 ,  48 .   0 
2645 ,  49 .   2 
2615 ,  50 .  76 
2617 ,  48 .  58 
2646 ,  48 .  58 
2659 ,  50 .   3 
2644 ,  50 .  18 
2637 ,  49 .  60 
2653 ,  49 .   2 
2646 ,  49 .  74 
2614 ,  48 .   0 
2619 ,  49 .  45 
2646 ,  49 .  31 
2657 ,  49 .   2 
2639 ,  48 .   0 
2632 ,  49 .   2 
2644 ,  49 .  16 
2636 ,  48 .  87 
2608 ,  50 .  32 
2615 ,  49 .   2 
2640 ,  48 .  58 
2652 ,  50 .  32 
2632 ,  50 .  61 
2621 ,  49 .   2 
2636 ,  48 .  58 
2627 ,  49 .   2 
2595 ,  48 .  58 
2607 ,  49 .  16 
2632 ,  48 .  58 
2641 ,  49 .  16 
2624 ,  49 .  89 
2620 ,  49 .  60 
2635 ,  48 .  58 
2621 ,  48 .  44 
2598 ,  50 .  76 
2611 ,  49 .   2 
2640 ,  48 .  58 
2652 ,  50 .  90 
2632 ,  48 .  15 
2633 ,  49 .   2 
2647 ,  50 .  32 
2635 ,  48 .  58 
2604 ,  48 .  58 
2613 ,  49 .  74 
2644 ,  49 .  74 
2654 ,  49 .  16 
2637 ,  49 .  60 
2643 ,  49 .  60 
2651 ,  49 .  16 
2646 ,  49 .   2 
2623 ,  49 .  74 
2640 ,  49 .  16 
2660 ,  49 .  31 
2674 ,  49 .   2 
2660 ,  48 .  73 
2663 ,  48 .  58 
2673 ,  48 .  58 
2667 ,  49 .  74 
2640 ,  48 .  29 
2654 ,  50 .  76 
2679 ,  48 .  58 
2685 ,  51 .  34 
2669 ,  49 .  74 
2672 ,  49 .  16 
2684 ,  48 .  58 
2676 ,  49 .  74 
2650 ,  49 .   2 
2675 ,  48 .  73 
2690 ,  49 .  31 
2701 ,  49 .   2 
2683 ,  49 .  60 
2688 ,  48 .  87 
2696 ,  48 .  44 
2689 ,  50 .  18 
2659 ,  48 .  44 
2682 ,  49 .   2 
2705 ,  49 .  74 
2704 ,  49 .  45 
2688 ,  48 .  58 
2693 ,  48 .  44 
2702 ,  49 .   2 
2694 ,  48 .  87 
2668 ,  49 .  74 
2685 ,  48 .  58 
2699 ,  49 .  16 
2707 ,  48 .  58 
2688 ,  49 .  16 
2691 ,  48 .  44 
2699 ,  49 .   2 
2688 ,  49 .  60 
2660 ,  48 .  58 
2678 ,  49 .   2 
2697 ,  48 .  58 
2702 ,  50 .  32 
2680 ,  49 .  74 
2685 ,  48 .  58 
2696 ,  49 .  16 
2681 ,  48 .  58 
2654 ,  48 .  29 
2678 ,  49 .  60 
2696 ,  49 .   2 
2701 ,  50 .  32 
2680 ,  50 .  18 
2687 ,  49 .  74 
2692 ,  49 .   2 
2682 ,  49 .  74 
2653 ,  48 .  58 
2678 ,  50 .  18 
2696 ,  48 .  58 
2698 ,  49 .  16 
2677 ,  49 .  74 
2688 ,  50 .  18 
2687 ,  48 .  73 
2680 ,  49 .  16 
2651 ,  49 .  45 
2674 ,  48 .   0 
2694 ,  49 .  60 
2698 ,  49 .  74 
2675 ,  49 .  74 
2677 ,  49 .   2 
2686 ,  49 .   2 
2676 ,  50 .  76 
2646 ,  49 .  45 
2670 ,  49 .  16 
2691 ,  49 .   2 
2692 ,  49 .  16 
2669 ,  48 .  44 
2678 ,  49 .   2 
2683 ,  48 .  58 
2670 ,  48 .  73 
2646 ,  49 .  74 
2668 ,  49 .  16 
2690 ,  49 .  31 
2692 ,  49 .  45 
2669 ,  50 .   3 
2678 ,  49 .  74 
2683 ,  48 .  44 
2669 ,  48 .  29 
2646 ,  49 .   2 
2669 ,  49 .  16 
2690 ,  49 .   2 
2689 ,  48 .  58 
2667 ,  48 .  29 
2678 ,  48 .   0 
2683 ,  49 .  60 
2659 ,  48 .  29 
2645 ,  50 .  32 
2668 ,  48 .  44 
2684 ,  49 .  16 
2690 ,  49 .   2 
2665 ,  49 .  45 
2677 ,  47 .  86 
2684 ,  50 .  32 
2666 ,  48 .   0 
2642 ,  48 .  29 
2672 ,  49 .  16 
2685 ,  49 .  74 
2689 ,  49 .  60 
2666 ,  48 .   0 
2678 ,  48 .  44 
2680 ,  48 .  58 
2665 ,  49 .   2 
2644 ,  49 .  74 
2673 ,  49 .  16 
2691 ,  49 .  45 
2690 ,  49 .  74 
2664 ,  49 .   2 
2681 ,  49 .  16 
2684 ,  48 .  58 
2671 ,  50 .  18 
2648 ,  48 .  73 
2679 ,  49 .  16 
2692 ,  49 .  31 
2689 ,  49 .   2 
2669 ,  48 .  87 
2682 ,  47 .  57 
2683 ,  49 .   2 
2667 ,  48 .  73 
2650 ,  50 .  18 
2677 ,  49 .  60 
2695 ,  48 .  58 
2692 ,  48 .  15 
2671 ,  48 .  29 
2683 ,  47 .  42 
2679 ,  49 .  74 
2668 ,  50 .  32 
2648 ,  49 .   2 
2674 ,  48 .  15 
2690 ,  49 .  74 
2685 ,  49 .   2 
2668 ,  49 .  74 
2678 ,  48 .  29 
2677 ,  49 .  16 
2658 ,  48 .  44 
2640 ,  48 .  58 
2667 ,  48 .  58 
2683 ,  48 .  87 
2682 ,  50 .  18 
2658 ,  48 .  44 
2672 ,  49 .  16 
2670 ,  49 .  45 
2653 ,  49 .  74 
2634 ,  49 .   2 
2663 ,  47 .  71 
2679 ,  48 .  58 
2674 ,  48 .  73 
2653 ,  49 .   2 
2665 ,  48 .  29 
2664 ,  49 .  31 
2644 ,  48 .  44 
2630 ,  50 .  76 
2657 ,  47 .  86 
2670 ,  48 .  73 
2660 ,  48 .  29 
2639 ,  49 .  74 
2651 ,  48 .  15 
2650 ,  49 .  45 
2632 ,  50 .  18 
2615 ,  48 .  44 
2643 ,  48 .  58 
2660 ,  48 .   0 
2651 ,  50 .  76 
2631 ,  49 .  74 
2643 ,  48 .  58 
2640 ,  48 .  44 
2617 ,  48 .  58 
2603 ,  49 .  16 
2634 ,  48 .  58 
2650 ,  49 .  74 
2643 ,  50 .  18 
2619 ,  50 .  18 
2629 ,  48 .  44 
2622 ,  50 .  18 
2602 ,  50 .  90 
2587 ,  49 .  45 
2624 ,  49 .  16 
2642 ,  49 .   2 
2635 ,  48 .  15 
2616 ,  49 .  16 
2629 ,  49 .   2 
2625 ,  49 .   2 
2600 ,  49 .   2 
2588 ,  47 .  42 
2619 ,  49 .   2 
2635 ,  49 .  74 
2627 ,  50 .  76 
2608 ,  50 .  18 
2623 ,  49 .   2 
2620 ,  48 .  29 
2594 ,  50 .  90 
2584 ,  49 .  74 
2618 ,  48 .  29 
2635 ,  50 .  32 
2627 ,  49 .  74 
2611 ,  49 .  16 
2625 ,  48 .  58 
2621 ,  48 .  58 
2595 ,  48 .  58 
2592 ,  50 .  32 
2621 ,  48 .  15 
2637 ,  49 .  60 
2628 ,  50 .  76 
2613 ,  49 .  74 
2623 ,  48 .  58 
2619 ,  49 .   2 
2590 ,  49 .  45 
2585 ,  49 .  16 
2622 ,  50 .  47 
2633 ,  48 .  58 
2623 ,  48 .  58 
2610 ,  48 .  73 
2623 ,  49 .   2 
2615 ,  49 .   2 
2590 ,  49 .   2 
2585 ,  50 .  32 
2616 ,  48 .  73 
2628 ,  49 .  45 
2619 ,  50 .  32 
2608 ,  50 .  76 
2619 ,  48 .  15 
2606 ,  49 .  74 
2584 ,  50 .  90 
2579 ,  48 .  44 
2611 ,  48 .  44 
2624 ,  49 .  60 
2611 ,  50 .  32 
2598 ,  49 .  74 
2612 ,  48 .  15 
2601 ,  49 .  16 
2574 ,  49 .   2 
2574 ,  50 .  32 
2606 ,  49 .   2 
2617 ,  48 .  58 
2604 ,  49 .  16 
2597 ,  50 .  90 
2611 ,  49 .  60 
2603 ,  48 .  15 
2578 ,  50 .  32 
2574 ,  49 .  16 
2605 ,  49 .  16 
2618 ,  49 .  16 
2601 ,  49 .  16 
2594 ,  48 .  73 
2608 ,  48 .   0 
2596 ,  48 .   0 
2567 ,  48 .  73 
2574 ,  50 .  76 
2603 ,  48 .  58 
2607 ,  49 .  16 
2602 ,  50 .  32 
2595 ,  50 .  61 
2608 ,  48 .  87 
2598 ,  49 .  60 
2568 ,  50 .  47 
2571 ,  49 .  45 
2604 ,  51 .  63 
2613 ,  49 .  16 
2596 ,  48 .  73 
2593 ,  50 .  47 
2607 ,  49 .  74 
2600 ,  49 .  16 
2566 ,  48 .  58 
2574 ,  48 .  87 
2606 ,  49 .  16 
2615 ,  50 .  90 
2606 ,  49 .  74 
2602 ,  49 .  16 
2620 ,  49 .   2 
2609 ,  48 .  87 
2584 ,  50 .  32 
2593 ,  49 .  16 
2626 ,  49 .  74 
2636 ,  49 .  16 
2619 ,  49 .  16 
2619 ,  48 .  87 
2632 ,  49 .   2 
2621 ,  48 .  58 
2590 ,  49 .   2 
2603 ,  50 .  47 
2633 ,  47 .  86 
2642 ,  48 .  58 
2629 ,  49 .  74 
2630 ,  50 .  76 
2644 ,  48 .  58 
2636 ,  48 .  44 
2612 ,  50 .  76 
2628 ,  47 .  42 
2659 ,  48 .  58 
2672 ,  49 .  74 
2661 ,  50 .  47 
2662 ,  48 .  29 
2680 ,  49 .  16 
2672 ,  48 .  58 
2645 ,  48 .  87 
2660 ,  49 .  16 
2686 ,  49 .  31 
2686 ,  48 .  29 
2665 ,  50 .  18 
2664 ,  50 .  18 
2665 ,  48 .  15 
2645 ,  49 .  60 
2614 ,  50 .  18 
2624 ,  48 .  58 
2650 ,  49 .   2 
2652 ,  48 .  58 
2637 ,  48 .  44 
2646 ,  49 .  74 
2657 ,  49 .   2 
2649 ,  48 .  87 
2626 ,  50 .  32 
2644 ,  50 .  18 
2666 ,  49 .  16 
2670 ,  49 .   2 
2652 ,  50 .  18 
2656 ,  50 .  32 
2666 ,  47 .  42 
2655 ,  48 .  29 
2626 ,  49 .  31 
2647 ,  49 .  16 
2668 ,  48 .  44 
2667 ,  49 .  60 
2642 ,  49 .  16 
2643 ,  48 .   0 
2651 ,  50 .  90 
2636 ,  50 .  76 
2597 ,  48 .  58 
2623 ,  50 .   3 
2644 ,  48 .  73 
2645 ,  48 .  58 
2624 ,  49 .  74 
2628 ,  50 .  32 
2633 ,  48 .  58 
2616 ,  48 .  58 
2577 ,  49 .   2 
2602 ,  49 .   2 
2622 ,  49 .   2 
2624 ,  49 .  16 
2601 ,  49 .  31 
2607 ,  48 .  44 
2612 ,  49 .   2 
2589 ,  49 .  74 
2544 ,  48 .  58 
2566 ,  51 .  34 
2581 ,  48 .  73 
2566 ,  49 .  74 
2523 ,  49 .  60 
2517 ,  48 .  58 
2513 ,  49 .   2 
2475 ,  50 .  76 
2427 ,  50 .  90 
2449 ,  49 .   2 
2472 ,  49 .  74 
2464 ,  50 .  47 
2423 ,  50 .  90 
2421 ,  49 .  60 
2410 ,  50 .  18 
2368 ,  50 .  32 
2312 ,  50 .  18 
2346 ,  50 .  32 
2376 ,  50 .  90 
2368 ,  52 .  35 
2321 ,  51 .  48 
2329 ,  49 .  74 
2334 ,  50 .  32 
2296 ,  49 .  74 
2236 ,  51 .  92 
2268 ,  50 .  90 
2300 ,  50 .  18 
2297 ,  49 .  74 
2258 ,  50 .  61 
2284 ,  49 .  74 
2302 ,  50 .  18 
2279 ,  50 .  32 
2233 ,  49 .  16 
2287 ,  52 .  21 
2328 ,  50 .  32 
2333 ,  49 .  74 
2296 ,  52 .   6 
2309 ,  48 .  58 
2313 ,  50 .  32 
2280 ,  52 .   6 
2229 ,  49 .  16 
2273 ,  50 .  18 
2312 ,  50 .  47 
2323 ,  50 .   3 
2304 ,  50 .  18 
2352 ,  51 .  48 
2376 ,  49 .  74 
2363 ,  50 .  76 
2338 ,  50 .  90 
2394 ,  49 .  74 
2436 ,  50 .  90 
2444 ,  50 .  32 
2423 ,  49 .  74 
2459 ,  51 .  34 
2478 ,  49 .  74 
2462 ,  49 .  16 
2451 ,  51 .  48 
2510 ,  50 .  18 
2550 ,  49 .  74 
2554 ,  50 .  32 
2540 ,  50 .  90 
2571 ,  48 .  58 
2591 ,  49 .  16 
2582 ,  49 .  74 
2568 ,  49 .   2 
2610 ,  50 .  18 
2632 ,  47 .  42 
2625 ,  49 .  16 
2606 ,  50 .  47 
2621 ,  49 .  74 
2622 ,  48 .  44 
2593 ,  49 .  31 
2569 ,  50 .  18 
2603 ,  49 .   2 
2624 ,  48 .  58 
2618 ,  49 .  16 
2602 ,  50 .  32 
2622 ,  50 .  32 
2624 ,  49 .  16 
2602 ,  49 .  74 
2583 ,  49 .  16 
2622 ,  50 .  76 
2640 ,  49 .  45 
2632 ,  49 .  74 
2618 ,  50 .  76 
2635 ,  50 .  76 
2639 ,  48 .  58 
2620 ,  48 .  58 
2611 ,  50 .  18 
2646 ,  48 .  44 
2661 ,  48 .  87 
2649 ,  48 .  58 
2624 ,  48 .   0 
2635 ,  48 .  58 
2631 ,  49 .   2 
2604 ,  48 .  87 
2588 ,  49 .  74 
2624 ,  50 .  18 
2640 ,  48 .  87 
2634 ,  49 .  74 
2615 ,  50 .  18 
2628 ,  49 .  16 
2626 ,  49 .   2 
2595 ,  49 .  16 
2586 ,  50 .  18 
2615 ,  49 .  16 
2629 ,  48 .  58 
2618 ,  49 .  74 
2598 ,  50 .  18 
2612 ,  49 .  16 
2610 ,  49 .  31 
2584 ,  49 .  74 
2572 ,  48 .  58 
2612 ,  50 .  18 
2629 ,  48 .  87 
2618 ,  48 .  87 
2599 ,  48 .  87 
2616 ,  49 .   2 
2615 ,  48 .  58 
2587 ,  49 .  45 
2572 ,  50 .  32 
2612 ,  50 .  47 
2624 ,  49 .  45 
2610 ,  50 .  90 
2594 ,  49 .  74 
2609 ,  49 .  74 
2606 ,  49 .  60 
2581 ,  49 .  16 
2574 ,  49 .  60 
2609 ,  48 .  58 
2627 ,  48 .  58 
2615 ,  49 .  74 
2604 ,  50 .  76 
2621 ,  50 .  47 
2620 ,  49 .  74 
2594 ,  50 .  32 
2596 ,  50 .  61 
2632 ,  48 .  73 
2648 ,  49 .  16 
2635 ,  49 .   2 
2624 ,  49 .   2 
2643 ,  48 .  44 
2639 ,  48 .  73 
2615 ,  48 .  58 
2618 ,  48 .  44 
2658 ,  50 .  18 
2674 ,  49 .   2 
2665 ,  49 .  60 
2658 ,  50 .  76 
2671 ,  49 .  74 
2666 ,  49 .  16 
2641 ,  49 .  31 
2645 ,  50 .  47 
2673 ,  48 .  58 
2687 ,  49 .   2 
2671 ,  48 .  58 
2655 ,  48 .  29 
2666 ,  49 .   2 
2655 ,  49 .   2 
2624 ,  48 .  58 
2622 ,  48 .  44 
2649 ,  48 .  44 
2660 ,  48 .  58 
2644 ,  49 .   2 
2633 ,  49 .  31 
2649 ,  48 .  58 
2637 ,  49 .   2 
2610 ,  48 .  58 
2620 ,  49 .  74 
2650 ,  47 .  86 
2661 ,  49 .   2 
2646 ,  49 .  74 
2636 ,  49 .  74 
2650 ,  50 .  18 
2637 ,  48 .  15 
2605 ,  49 .   2 
2607 ,  49 .  31 
2639 ,  48 .  58 
2650 ,  48 .  58 
2633 ,  49 .  16 
2630 ,  50 .  47 
2642 ,  48 .  58 
2633 ,  49 .  16 
2604 ,  49 .   2 
2606 ,  50 .  32 
2635 ,  48 .  73 
2644 ,  48 .  58 
2629 ,  50 .  61 
2619 ,  49 .   2 
2632 ,  49 .  31 
2619 ,  48 .  29 
2590 ,  49 .  16 
2596 ,  49 .  16 
2630 ,  49 .   2 
2642 ,  49 .   2 
2626 ,  47 .  86 
2624 ,  50 .  32 
2638 ,  50 .  18 
2625 ,  48 .  58 
2593 ,  48 .  58 
2606 ,  50 .  76 
2638 ,  49 .  16 
2647 ,  49 .  16 
2629 ,  48 .  44 
2628 ,  50 .  90 
2640 ,  50 .  18 
2624 ,  47 .  86 
2593 ,  49 .   2 
2606 ,  49 .  60 
2640 ,  50 .  61 
2646 ,  49 .  16 
2625 ,  48 .  44 
2624 ,  49 .  74 
2636 ,  50 .  90 
2624 ,  48 .  58 
2591 ,  49 .  45 
2607 ,  50 .  90 
2634 ,  48 .   0 
2641 ,  49 .  45 
2620 ,  49 .  16 
2619 ,  48 .  44 
2631 ,  48 .  29 
2619 ,  49 .  74 
2585 ,  48 .  58 
2601 ,  48 .  58 
2631 ,  50 .  32 
2638 ,  49 .   2 
2615 ,  49 .  16 
2619 ,  49 .  16 
2631 ,  50 .  47 
2611 ,  48 .  29 
2582 ,  49 .  74 
2598 ,  50 .  32 
2626 ,  47 .  28 
2631 ,  46 .  84 
2609 ,  48 .  87 
2612 ,  50 .  61 
2620 ,  48 .  44 
2602 ,  48 .  58 
2563 ,  49 .  74 
2580 ,  49 .  74 
2608 ,  47 .  13 
2613 ,  49 .  16 
2592 ,  49 .   2 
2596 ,  50 .  47 
2607 ,  50 .  90 
2590 ,  48 .  44 
2553 ,  48 .  87 
2577 ,  50 .  90 
2605 ,  49 .  74 
2609 ,  49 .   2 
2586 ,  48 .  58 
2594 ,  49 .  89 
2602 ,  49 .  60 
2585 ,  48 .  44 
2550 ,  49 .   2 
2569 ,  49 .  74 
2601 ,  50 .  90 
2604 ,  48 .  44 
2578 ,  49 .  31 
2585 ,  50 .  61 
2596 ,  50 .  90 
2578 ,  49 .  16 
2537 ,  50 .  47 
2569 ,  49 .  60 
2596 ,  48 .  58 
2601 ,  49 .   2 
2574 ,  49 .  74 
2585 ,  50 .  32 
2593 ,  48 .   0 
2572 ,  50 .  76 
2536 ,  50 .  47 
2559 ,  49 .  74 
2588 ,  49 .  16 
2588 ,  48 .  58 
2557 ,  49 .   2 
2570 ,  50 .  76 
2580 ,  50 .  90 
2559 ,  49 .  60 
2521 ,  49 .  16 
2552 ,  49 .  74 
2581 ,  48 .   0 
2584 ,  49 .   2 
2560 ,  50 .  61 
2567 ,  48 .  58 
2577 ,  49 .  16 
2562 ,  49 .  74 
2520 ,  49 .  16 
2553 ,  50 .  18 
2582 ,  50 .  47 
2583 ,  49 .  74 
2558 ,  49 .  74 
2569 ,  50 .  61 
2577 ,  49 .   2 
2561 ,  49 .   2 
2520 ,  49 .  16 
2556 ,  50 .  76 
2583 ,  50 .  47 
2583 ,  49 .  16 
2554 ,  50 .  47 
2565 ,  50 .  32 
2570 ,  50 .  90 
2542 ,  49 .  74 
2497 ,  49 .   2 
2528 ,  50 .  18 
2552 ,  42 .  78 
2553 ,  49 .  74 
2521 ,  51 .  48 
2543 ,  50 .  90 
2551 ,  49 .  60 
2532 ,  48 .   0 
2497 ,  49 .  16 
2529 ,  49 .  60 
2557 ,  49 .   2 
2560 ,  49 .  31 
2525 ,  50 .  47 
2541 ,  49 .  74 
2552 ,  49 .  74 
2527 ,  48 .   0 
2489 ,  49 .  60 
2528 ,  50 .  32 
2555 ,  50 .  90 
2553 ,  49 .  16 
2526 ,  49 .  31 
2539 ,  48 .  58 
2546 ,  48 .  58 
2523 ,  49 .   2 
2486 ,  50 .  18 
2527 ,  51 .  48 
2553 ,  49 .   2 
2552 ,  49 .  31 
2517 ,  49 .  60 
2540 ,  50 .  76 
2546 ,  49 .  60 
2525 ,  48 .  58 
2482 ,  49 .  74 
2526 ,  49 .  16 
2551 ,  50 .  90 
2547 ,  49 .  74 
2520 ,  49 .  74 
2537 ,  49 .  31 
2545 ,  50 .  32 
2521 ,  49 .  74 
2487 ,  49 .  31 
2530 ,  50 .  32 
2555 ,  49 .  74 
2553 ,  49 .  16 
2525 ,  49 .  16 
2547 ,  49 .  74 
2552 ,  48 .   0 
2529 ,  49 .  45 
2500 ,  50 .  32 
2541 ,  49 .  31 
2571 ,  50 .  90 
2566 ,  49 .  74 
2535 ,  49 .  74 
2555 ,  49 .  74 
2562 ,  49 .  60 
2537 ,  48 .  29 
2507 ,  49 .  60 
2546 ,  50 .  76 
2568 ,  49 .   2 
2566 ,  49 .  16 
2534 ,  49 .  60 
2557 ,  50 .  76 
2564 ,  49 .  16 
2537 ,  49 .  16 
2509 ,  49 .  74 
2547 ,  49 .  31 
2572 ,  50 .  76 
2565 ,  49 .  45 
2536 ,  49 .  16 
2557 ,  50 .  76 
2561 ,  50 .   3 
2532 ,  48 .  44 
2503 ,  49 .  74 
2542 ,  51 .  19 
2564 ,  49 .  74 
2558 ,  49 .   2 
2528 ,  49 .  16 
2552 ,  49 .  60 
2555 ,  49 .   2 
2530 ,  49 .  16 
2503 ,  49 .  74 
2541 ,  49 .  74 
2568 ,  52 .   6 
2555 ,  49 .  16 
2528 ,  47 .  86 
2549 ,  49 .  60 
2552 ,  50 .  76 
2525 ,  49 .  45 
2496 ,  49 .  74 
2541 ,  50 .  90 
2560 ,  49 .   2 
2550 ,  48 .  73 
2524 ,  49 .  74 
2545 ,  49 .  74 
2550 ,  49 .  74 
2519 ,  48 .  15 
2495 ,  49 .  16 
2535 ,  49 .  60 
2559 ,  50 .  18 
2552 ,  50 .  47 
2524 ,  48 .  87 
2546 ,  50 .  90 
2547 ,  50 .  76 
2520 ,  49 .  60 
2496 ,  49 .  16 
2539 ,  50 .  76 
2561 ,  50 .  18 
2552 ,  48 .  87 
2529 ,  51 .  34 
2550 ,  49 .  74 
2549 ,  48 .  44 
2524 ,  50 .  18 
2503 ,  49 .  45 
2544 ,  48 .  87 
2564 ,  49 .  60 
2554 ,  49 .  60 
2528 ,  49 .  74 
2554 ,  50 .  76 
2551 ,  49 .  31 
2524 ,  49 .  16 
2506 ,  50 .  18 
2548 ,  49 .  60 
2569 ,  49 .   2 
2562 ,  51 .  48 
2537 ,  49 .   2 
2559 ,  50 .  61 
2560 ,  49 .  60 
2531 ,  49 .  45 
2514 ,  49 .  60 
2553 ,  49 .  74 
2573 ,  48 .  87 
2560 ,  49 .  74 
2539 ,  49 .  16 
2561 ,  50 .  76 
2562 ,  50 .  18 
2533 ,  49 .  60 
2519 ,  49 .  74 
2560 ,  51 .  34 
2576 ,  48 .  58 
2565 ,  49 .  60 
2542 ,  50 .  18 
2564 ,  49 .  74 
2563 ,  49 .  16 
2532 ,  49 .  74 
2517 ,  49 .  31 
2558 ,  50 .  18 
2578 ,  50 .  76 
2564 ,  48 .  87 
2543 ,  49 .  16 
2568 ,  51 .  34 
2563 ,  50 .  61 
2534 ,  49 .  16 
2519 ,  49 .   2 
2560 ,  50 .  90 
2578 ,  49 .  74 
2564 ,  49 .   2 
2543 ,  49 .  45 
2566 ,  51 .  63 
2561 ,  50 .  47 
2530 ,  49 .   2 
2517 ,  49 .  74 
2555 ,  49 .  16 
2578 ,  51 .  63 
2560 ,  49 .  74 
2542 ,  49 .  16 
2561 ,  49 .  31 
2558 ,  48 .  58 
2527 ,  49 .   2 
2518 ,  49 .  74 
2557 ,  51 .  48 
2574 ,  49 .  45 
2562 ,  49 .   2 
2540 ,  49 .   2 
2562 ,  49 .  16 
2555 ,  49 .  60 
2524 ,  49 .  16 
2518 ,  50 .  18 
2556 ,  49 .  45 
2575 ,  50 .  90 
2560 ,  49 .  74 
2539 ,  48 .  58 
2560 ,  49 .  60 
2556 ,  49 .  74 
2525 ,  49 .  16 
2518 ,  50 .  18 
2560 ,  50 .  90 
2574 ,  46 .  84 
2558 ,  48 .  44 
2543 ,  50 .  61 
2563 ,  50 .  90 
2556 ,  49 .  74 
2526 ,  50 .  76 
2522 ,  50 .  47 
2557 ,  49 .   2 
2576 ,  51 .  34 
2555 ,  48 .  58 
2539 ,  49 .  60 
2563 ,  50 .  90 
2553 ,  49 .  16 
2521 ,  48 .  87 
2518 ,  49 .   2 
2557 ,  49 .  74 
2572 ,  49 .   2 
2558 ,  49 .  31 
2541 ,  49 .  60 
2561 ,  49 .  74 
2552 ,  49 .  74 
2518 ,  49 .  31 
2516 ,  50 .  32 
2555 ,  49 .  74 
2570 ,  50 .   3 
2552 ,  49 .  74 
2536 ,  50 .  61 
2556 ,  50 .  76 
2545 ,  48 .  58 
2511 ,  49 .  16 
2505 ,  49 .  60 
2549 ,  50 .  61 
2564 ,  49 .  16 
2545 ,  49 .  60 
2530 ,  49 .  74 
2549 ,  50 .  32 
2535 ,  49 .  74 
2495 ,  50 .  90 
2466 ,  49 .  60 
2497 ,  49 .  74 
2510 ,  51 .  48 
2485 ,  50 .  32 
2467 ,  49 .  74 
2488 ,  50 .  18 
2475 ,  48 .  58 
2440 ,  49 .  74 
2441 ,  49 .  74 
2484 ,  51 .  48 
2494 ,  49 .  16 
2472 ,  50 .  47 
2456 ,  49 .  74 
2477 ,  50 .  18 
2467 ,  50 .  18 
2431 ,  49 .  60 
2436 ,  50 .  90 
2476 ,  49 .  31 
2490 ,  49 .  74 
2472 ,  50 .  32 
2453 ,  50 .  76 
2480 ,  51 .  77 
2466 ,  49 .  60 
2430 ,  50 .  32 
2435 ,  49 .  74 
2478 ,  50 .  32 
2492 ,  49 .  74 
2472 ,  49 .  74 
2461 ,  50 .  18 
2482 ,  50 .  90 
2472 ,  49 .  60 
2440 ,  50 .  90 
2442 ,  50 .   3 
2486 ,  49 .  74 
2504 ,  50 .  32 
2486 ,  49 .  45 
2480 ,  48 .  73 
2499 ,  49 .  74 
2488 ,  48 .  44 
2452 ,  49 .  60 
2462 ,  49 .  74 
2506 ,  50 .  90 
2518 ,  50 .  76 
2497 ,  49 .  16 
2485 ,  49 .  74 
2504 ,  50 .  32 
2494 ,  49 .  16 
2458 ,  49 .  60 
2465 ,  49 .  74 
2506 ,  49 .  60 
2522 ,  51 .  48 
2500 ,  49 .  74 
2486 ,  50 .  76 
2510 ,  50 .  90 
2498 ,  50 .  90 
2456 ,  49 .  31 
2468 ,  47 .  42 
2511 ,  50 .  90 
2522 ,  50 .  47 
2499 ,  49 .  31 
2491 ,  50 .  76 
2508 ,  50 .  90 
2494 ,  51 .  63 
2456 ,  49 .  45 
2467 ,  50 .  76 
2510 ,  50 .  18 
2519 ,  49 .  45 
2502 ,  49 .  74 
2495 ,  50 .  32 
2517 ,  50 .  90 
2504 ,  50 .  90 
2468 ,  48 .  44 
2481 ,  50 .  32 
2523 ,  50 .  90 
2534 ,  50 .  47 
2509 ,  49 .  74 
2504 ,  49 .  74 
2519 ,  49 .  60 
2503 ,  49 .  60 
2468 ,  50 .  47 
2482 ,  49 .   2 
2522 ,  49 .  60 
2531 ,  50 .  90 
2505 ,  49 .  74 
2502 ,  49 .  16 
2519 ,  50 .  61 
2503 ,  50 .  76 
2467 ,  50 .  18 
2480 ,  49 .  31 
2518 ,  49 .  60 
2528 ,  49 .  74 
2505 ,  50 .  32 
2499 ,  50 .  18 
2520 ,  51 .  63 
2500 ,  49 .  16 
2465 ,  49 .  89 
2482 ,  50 .  76 
2523 ,  49 .  45 
2533 ,  49 .  16 
2510 ,  49 .  74 
2507 ,  49 .  16 
2525 ,  50 .  90 
2507 ,  49 .   2 
2471 ,  49 .  74 
2489 ,  49 .  74 
2523 ,  49 .  74 
2529 ,  50 .  32 
2504 ,  50 .  18 
2497 ,  49 .  74 
2518 ,  49 .  16 
2503 ,  50 .   3 
2465 ,  49 .  31 
2485 ,  49 .  74 
2526 ,  50 .  32 
2537 ,  50 .  76 
2511 ,  49 .  16 
2512 ,  50 .  47 
2531 ,  50 .  61 
2519 ,  51 .  34 
2477 ,  49 .  74 
2503 ,  50 .  90 
2539 ,  50 .  90 
2546 ,  50 .  18 
2523 ,  49 .  45 
2524 ,  49 .  60 
2540 ,  50 .  47 
2522 ,  49 .  74 
2488 ,  50 .  61 
2509 ,  50 .  61 
2544 ,  49 .  60 
2552 ,  50 .  90 
2524 ,  49 .  16 
2529 ,  50 .  18 
2543 ,  49 .  16 
2527 ,  50 .   3 
2494 ,  49 .  16 
2515 ,  50 .  18 
2550 ,  48 .  44 
2554 ,  49 .  74 
2524 ,  49 .  74 
2534 ,  49 .  16 
2546 ,  49 .  74 
2531 ,  49 .  16 
2499 ,  49 .  74 
2520 ,  49 .  45 
2559 ,  49 .  74 
2567 ,  50 .  76 
2540 ,  49 .  31 
2545 ,  49 .  16 
2560 ,  49 .   2 
2545 ,  50 .  47 
2507 ,  49 .  60 
2528 ,  49 .  45 
2566 ,  49 .  16 
2568 ,  49 .  60 
2543 ,  48 .   0 
2544 ,  49 .   2 
2560 ,  50 .  90 
2541 ,  50 .  76 
2503 ,  49 .  16 
2526 ,  50 .  76 
2563 ,  49 .  60 
2568 ,  49 .  16 
2546 ,  49 .  16 
2545 ,  49 .  60 
2564 ,  50 .  90 
2546 ,  49 .  60 
2509 ,  49 .  16 
2534 ,  49 .  60 
2570 ,  51 .  92 
2569 ,  49 .  60 
2544 ,  49 .  16 
2552 ,  50 .  90 
2561 ,  49 .  74 
2544 ,  48 .  87 
2508 ,  50 .  18 
2535 ,  49 .  60 
2567 ,  49 .  60 
2572 ,  51 .  77 
2542 ,  49 .   2 
2549 ,  49 .  16 
2559 ,  49 .  60 
2540 ,  49 .  60 
2504 ,  48 .  58 
2531 ,  49 .  74 
2565 ,  50 .  32 
2568 ,  50 .  47 
2540 ,  49 .  45 
2546 ,  50 .  90 
2557 ,  50 .  61 
2539 ,  50 .  76 
2501 ,  48 .  44 
2530 ,  49 .  74 
2561 ,  49 .  45 
2566 ,  51 .  34 
2535 ,  49 .  45 
2540 ,  49 .  31 
2552 ,  51 .  34 
2533 ,  50 .  18 
2492 ,  49 .  74 
2526 ,  50 .  18 
2557 ,  49 .  16 
2558 ,  49 .  74 
2532 ,  48 .  58 
2537 ,  49 .   2 
2548 ,  49 .   2 
2528 ,  48 .  58 
2493 ,  49 .  45 
2522 ,  50 .  32 
2559 ,  50 .  18 
2559 ,  50 .  61 
2530 ,  49 .  16 
2534 ,  50 .  32 
2550 ,  50 .  90 
2530 ,  50 .  90 
2491 ,  49 .  16 
2521 ,  50 .  32 
2556 ,  50 .  90 
2552 ,  49 .   2 
2523 ,  48 .  15 
2534 ,  49 .  16 
2547 ,  50 .  90 
2526 ,  49 .  74 
2490 ,  50 .  18 
2523 ,  49 .  16 
2555 ,  49 .  60 
2551 ,  49 .  16 
2521 ,  49 .  16 
2530 ,  52 .   6 
2547 ,  50 .  61 
2527 ,  50 .  90 
2490 ,  49 .  74 
2522 ,  49 .  31 
2553 ,  50 .  32 
2554 ,  49 .  60 
2523 ,  48 .  58 
2533 ,  49 .   2 
2544 ,  50 .  47 
2524 ,  49 .   2 
2490 ,  49 .  16 
2525 ,  49 .  31 
2549 ,  49 .  74 
2556 ,  50 .  90 
2523 ,  49 .  31 
2538 ,  49 .  60 
2547 ,  50 .  61 
2527 ,  51 .  34 
2489 ,  49 .  60 
2520 ,  50 .  32 
2556 ,  50 .  76 
2555 ,  49 .   2 
2523 ,  49 .   2 
2534 ,  48 .  87 
2545 ,  50 .  90 
2524 ,  49 .  16 
2491 ,  49 .  74 
2524 ,  49 .  16 
2554 ,  49 .  74 
2552 ,  49 .  16 
2519 ,  49 .  16 
2534 ,  49 .  74 
2541 ,  49 .  74 
2518 ,  49 .   2 
2486 ,  49 .  60 
2521 ,  49 .  74 
2552 ,  49 .  60 
2547 ,  49 .  16 
2515 ,  49 .  60 
2526 ,  49 .   2 
2535 ,  49 .  74 
2515 ,  49 .  74 
2482 ,  49 .  16 
2520 ,  50 .  18 
2550 ,  49 .  74 
2547 ,  49 .  16 
2518 ,  49 .  60 
2534 ,  48 .  87 
2543 ,  50 .  90 
2521 ,  50 .  18 
2487 ,  49 .  16 
2525 ,  50 .  32 
2555 ,  51 .  63 
2548 ,  49 .  60 
2516 ,  49 .  16 
2532 ,  50 .  61 
2535 ,  50 .  90 
2512 ,  50 .  76 
2474 ,  49 .  31 
2508 ,  49 .  74 
2537 ,  48 .  29 
2534 ,  50 .  47 
2499 ,  49 .  16 
2517 ,  49 .   2 
2521 ,  48 .  73 
2497 ,  50 .  18 
2466 ,  49 .  60 
2503 ,  49 .  16 
2534 ,  50 .  90 
2530 ,  49 .  31 
2499 ,  49 .  45 
2516 ,  49 .  16 
2526 ,  49 .  74 
2501 ,  49 .  16 
2472 ,  49 .  60 
2511 ,  49 .  74 
2540 ,  50 .   3 
2534 ,  50 .  90 
2502 ,  50 .   3 
2523 ,  51 .  34 
2533 ,  49 .   2 
2514 ,  51 .  63 
2482 ,  48 .  29 
2522 ,  50 .  18 
2550 ,  51 .  34 
2541 ,  49 .  60 
2508 ,  49 .  60 
2518 ,  49 .  60 
2526 ,  50 .  90 
2502 ,  52 .   6 
2462 ,  49 .  45 
2502 ,  49 .  60 
2530 ,  49 .  31 
2528 ,  50 .   3 
2499 ,  49 .  74 
2521 ,  50 .  90 
2531 ,  49 .  74 
2512 ,  49 .  74 
2489 ,  49 .  74 
2529 ,  49 .  60 
2562 ,  50 .  90 
2558 ,  49 .  31 
2524 ,  49 .  31 
2537 ,  49 .  74 
2537 ,  49 .   2 
2504 ,  48 .  58 
2465 ,  49 .  74 
2494 ,  50 .  18 
2511 ,  49 .  74 
2497 ,  51 .  48 
2456 ,  49 .  74 
2463 ,  49 .  31 
2469 ,  50 .  90 
2439 ,  51 .  48 
2404 ,  49 .  60 
2445 ,  50 .  47 
2476 ,  51 .  48 
2467 ,  50 .  18 
2433 ,  50 .  32 
2452 ,  50 .  32 
2459 ,  51 .  34 
2431 ,  48 .  29 
2400 ,  50 .  18 
2447 ,  50 .  76 
2477 ,  50 .  18 
2470 ,  50 .  32 
2439 ,  49 .  60 
2459 ,  49 .  74 
2467 ,  51 .  48 
2436 ,  50 .  90 
2406 ,  50 .  61 
2453 ,  50 .  18 
2485 ,  50 .  90 
2473 ,  48 .  58 
2444 ,  50 .  32 
2464 ,  50 .  76 
2465 ,  49 .  74 
2437 ,  50 .  18 
2411 ,  50 .  47 
2454 ,  50 .  32 
2486 ,  50 .  18 
2479 ,  49 .  16 
2447 ,  49 .  74 
2470 ,  49 .  60 
2473 ,  48 .  87 
2445 ,  50 .  90 
2418 ,  50 .  18 
2461 ,  50 .  76 
2495 ,  51 .  77 
2486 ,  49 .   2 
2455 ,  49 .  60 
2476 ,  49 .  74 
2482 ,  51 .  48 
2453 ,  49 .  45 
2425 ,  49 .  74 
2472 ,  50 .  90 
2495 ,  49 .  74 
2491 ,  50 .  90 
2458 ,  49 .  16 
2477 ,  49 .  74 
2479 ,  49 .  60 
2451 ,  51 .  48 
2427 ,  49 .  60 
2471 ,  49 .  45 
2502 ,  50 .  76 
2492 ,  49 .  31 
2460 ,  49 .  74 
2482 ,  49 .  74 
2484 ,  48 .  87 
2456 ,  49 .  31 
2431 ,  49 .  74 
2478 ,  50 .  18 
2504 ,  50 .  18 
2499 ,  50 .  90 
2472 ,  50 .  76 
2489 ,  50 .  18 
2492 ,  49 .  16 
2464 ,  49 .  74 
2437 ,  49 .  74 
2483 ,  49 .  16 
2509 ,  49 .  16 
2498 ,  49 .  60 
2472 ,  51 .  34 
2487 ,  49 .  16 
2490 ,  50 .  32 
2459 ,  50 .  90 
2431 ,  49 .  45 
2470 ,  51 .  48 
2500 ,  50 .  76 
2491 ,  49 .  74 
2463 ,  50 .  18 
2482 ,  50 .  18 
2487 ,  50 .  90 
2455 ,  49 .  74 
2432 ,  50 .  32 
2472 ,  49 .  45 
2502 ,  50 .  90 
2491 ,  50 .  18 
2461 ,  49 .  74 
2482 ,  48 .  44 
2481 ,  49 .  74 
2449 ,  49 .  16 
2428 ,  50 .  47 
2470 ,  50 .  32 
2498 ,  49 .   2 
2489 ,  50 .  90 
2460 ,  48 .  58 
2477 ,  49 .  74 
2486 ,  51 .  92 
2455 ,  50 .  76 
2436 ,  49 .  74 
2482 ,  50 .  18 
2511 ,  51 .  48 
2501 ,  49 .  16 
2478 ,  48 .  44 
2499 ,  49 .  74 
2503 ,  50 .  76 
2470 ,  49 .  74 
2452 ,  50 .  18 
2493 ,  50 .  32 
2520 ,  49 .  45 
2512 ,  50 .  90 
2484 ,  49 .   2 
2500 ,  51 .  92 
2504 ,  50 .  90 
2472 ,  50 .  32 
2451 ,  49 .  89 
2494 ,  50 .  61 
2520 ,  49 .  16 
2512 ,  50 .  18 
2487 ,  49 .  31 
2509 ,  49 .  74 
2510 ,  49 .  74 
2481 ,  50 .  90 
2459 ,  49 .  45 
2501 ,  50 .  18 
2523 ,  49 .  74 
2513 ,  50 .  90 
2490 ,  50 .  18 
2504 ,  50 .  18 
2509 ,  50 .  61 
2481 ,  51 .  34 
2459 ,  49 .  74 
2502 ,  49 .  74 
2527 ,  50 .  61 
2513 ,  48 .  58 
2490 ,  49 .  60 
2508 ,  49 .  74 
2512 ,  50 .  90 
2483 ,  49 .  74 
2466 ,  49 .   2 
2509 ,  50 .   3 
2530 ,  49 .  74 
2518 ,  49 .  74 
2491 ,  49 .  74 
2511 ,  50 .  32 
2509 ,  50 .  90 
2478 ,  50 .  90 
2458 ,  50 .  18 
2498 ,  50 .   3 
2521 ,  51 .  48 
2508 ,  48 .  58 
2481 ,  49 .  74 
2500 ,  49 .  74 
2497 ,  49 .  16 
2467 ,  50 .  18 
2451 ,  50 .  90 
2489 ,  50 .  32 
2511 ,  49 .  74 
2497 ,  49 .  74 
2476 ,  49 .  74 
2495 ,  49 .  60 
2496 ,  50 .  90 
2466 ,  50 .  90 
2450 ,  50 .  32 
2491 ,  49 .  60 
2516 ,  51 .  48 
2504 ,  49 .  31 
2478 ,  49 .  74 
2497 ,  49 .  74 
2498 ,  51 .  48 
2465 ,  49 .  74 
2449 ,  49 .  60 
2491 ,  49 .  74 
2513 ,  49 .  74 
2499 ,  50 .  32 
2479 ,  49 .   2 
2500 ,  50 .  32 
2502 ,  51 .  63 
2470 ,  50 .  47 
2458 ,  49 .  60 
2502 ,  49 .  74 
2520 ,  50 .  32 
2511 ,  49 .  74 
2488 ,  49 .  45 
2508 ,  49 .  74 
2506 ,  49 .  74 
2473 ,  49 .  16 
2461 ,  49 .  74 
2501 ,  49 .  74 
2522 ,  47 .  86 
2510 ,  50 .  90 
2486 ,  49 .  74 
2505 ,  49 .  16 
2502 ,  49 .  60 
2469 ,  50 .  18 
2454 ,  49 .  60 
2495 ,  49 .  74 
2517 ,  50 .  90 
2501 ,  48 .  58 
2480 ,  50 .  18 
2497 ,  49 .  16 
2492 ,  50 .  76 
2458 ,  48 .   0 
2440 ,  50 .  76 
2489 ,  49 .  60 
2503 ,  49 .  45 
2490 ,  49 .  74 
2464 ,  49 .  45 
2488 ,  49 .  16 
2483 ,  50 .  18 
2451 ,  50 .  90 
2437 ,  50 .  18 
2480 ,  50 .  90 
2503 ,  50 .  90 
2484 ,  48 .  58 
2464 ,  49 .  60 
2486 ,  51 .  48 
2480 ,  49 .  74 
2448 ,  49 .  74 
2436 ,  50 .  47 
2477 ,  49 .  74 
2494 ,  49 .  74 
2473 ,  49 .  31 
2452 ,  49 .  74 
2472 ,  49 .  74 
2466 ,  49 .  74 
2434 ,  51 .  34 
2420 ,  49 .  74 
2464 ,  49 .  74 
2488 ,  50 .  90 
2470 ,  49 .  31 
2451 ,  50 .  61 
2468 ,  50 .  32 
2464 ,  51 .  34 
2431 ,  51 .  48 
2416 ,  50 .  18 
2459 ,  49 .  74 
2479 ,  49 .   2 
2466 ,  51 .  63 
2441 ,  49 .   2 
2466 ,  49 .  74 
2465 ,  50 .  76 
2431 ,  49 .  31 
2425 ,  49 .  60 
2466 ,  50 .  61 
2489 ,  50 .  90 
2472 ,  49 .  74 
2458 ,  50 .   3 
2481 ,  50 .  18 
2480 ,  49 .  31 
2452 ,  50 .  18 
2447 ,  50 .  32 
2492 ,  50 .  32 
2518 ,  50 .  76 
2507 ,  50 .  90 
2491 ,  49 .  74 
2518 ,  50 .  18 
2517 ,  50 .  90 
2485 ,  49 .  16 
2482 ,  50 .  32 
2517 ,  49 .  60 
2537 ,  49 .  74 
2522 ,  49 .  31 
2504 ,  49 .  31 
2523 ,  48 .   0 
2521 ,  50 .  76 
2490 ,  49 .  16 
2489 ,  50 .  90 
2529 ,  49 .  74 
2550 ,  50 .  18 
2536 ,  50 .  90 
2519 ,  49 .  16 
2540 ,  49 .   2 
2541 ,  50 .  32 
2511 ,  50 .  90 
2507 ,  49 .  16 
2547 ,  49 .  74 
2560 ,  49 .  74 
2546 ,  49 .  16 
2527 ,  49 .  45 
2547 ,  49 .   2 
2541 ,  48 .  73 
2510 ,  48 .  58 
2504 ,  49 .  16 
2541 ,  48 .  58 
2558 ,  49 .  45 
2544 ,  50 .  76 
2524 ,  49 .  74 
2540 ,  49 .  74 
2541 ,  50 .  90 
2508 ,  51 .  34 
2503 ,  49 .  16 
2538 ,  50 .  18 
2561 ,  50 .  76 
2540 ,  48 .  58 
2519 ,  49 .  45 
2538 ,  48 .  58 
2533 ,  49 .  74 
2500 ,  48 .  29 
2499 ,  50 .  90 
2534 ,  48 .  58 
2552 ,  48 .  58 
2534 ,  49 .  45 
2520 ,  50 .  47 
2536 ,  48 .  44 
2535 ,  50 .  90 
2502 ,  50 .  18 
2501 ,  49 .  45 
2539 ,  48 .  73 
2557 ,  50 .  61 
2538 ,  49 .  16 
2522 ,  49 .  31 
2540 ,  48 .  15 
2534 ,  49 .  16 
2506 ,  49 .  60 
2504 ,  49 .  74 
2544 ,  48 .  73 
2557 ,  49 .   2 
2540 ,  50 .  32 
2526 ,  49 .  60 
2537 ,  49 .  74 
2539 ,  50 .  90 
2504 ,  50 .  47 
2503 ,  49 .  60 
2542 ,  49 .   2 
2556 ,  50 .  76 
2539 ,  49 .  74 
2526 ,  49 .  74 
2541 ,  48 .  44 
2537 ,  50 .  32 
2506 ,  50 .  76 
2503 ,  49 .  31 
2541 ,  48 .  15 
2556 ,  49 .  60 
2539 ,  49 .   2 
2524 ,  49 .  16 
2542 ,  48 .  58 
2539 ,  50 .  47 
2505 ,  49 .  45 
2508 ,  49 .  60 
2544 ,  48 .  58 
2562 ,  50 .  90 
2543 ,  49 .  16 
2528 ,  48 .  87 
2545 ,  49 .  31 
2533 ,  49 .  60 
2506 ,  50 .  32 
2508 ,  49 .   2 
2544 ,  49 .   2 
2560 ,  49 .  60 
2542 ,  50 .  32 
2526 ,  49 .  60 
2538 ,  49 .  60 
2537 ,  50 .  90 
2506 ,  51 .  34 
2505 ,  49 .  60 
2542 ,  48 .   0 
2558 ,  51 .  48 
2538 ,  49 .  31 
2524 ,  49 .  45 
2541 ,  49 .   2 
2533 ,  49 .  60 
2501 ,  49 .   2 
2506 ,  49 .  74 
2539 ,  49 .  60 
2556 ,  47 .  42 
2537 ,  50 .  90 
2520 ,  49 .  45 
2536 ,  48 .   0 
2530 ,  51 .  48 
2497 ,  51 .  34 
2500 ,  49 .  74 
2538 ,  49 .  74 
2552 ,  49 .  45 
2532 ,  49 .  74 
2521 ,  49 .  45 
2535 ,  48 .  44 
2530 ,  49 .  60 
2496 ,  49 .  16 
2502 ,  49 .  16 
2538 ,  49 .  16 
2554 ,  49 .  16 
2534 ,  50 .  76 
2521 ,  49 .  16 
2533 ,  49 .  74 
2528 ,  46 .  84 
2497 ,  50 .  76 
2500 ,  49 .  74 
2538 ,  49 .   2 
2554 ,  50 .  76 
2533 ,  48 .  15 
2522 ,  49 .  74 
2533 ,  48 .  58 
2527 ,  50 .  76 
2491 ,  49 .  74 
2502 ,  51 .  48 
2536 ,  48 .  58 
2549 ,  49 .  16 
2531 ,  49 .  74 
2519 ,  49 .  74 
2533 ,  48 .  15 
2526 ,  50 .  90 
2492 ,  50 .  47 
2496 ,  49 .  74 
2534 ,  49 .  74 
2549 ,  51 .  48 
2529 ,  49 .  45 
2520 ,  49 .  74 
2533 ,  49 .  31 
2525 ,  49 .  74 
2491 ,  50 .  90 
2496 ,  49 .  74 
2535 ,  48 .  58 
2549 ,  49 .  74 
2528 ,  48 .  44 
2520 ,  49 .  74 
2538 ,  49 .  16 
2527 ,  49 .  74 
2492 ,  49 .  74 
2498 ,  48 .  58 
2536 ,  50 .  32 
2554 ,  50 .  90 
2531 ,  48 .  58 
2521 ,  49 .  45 
2534 ,  48 .  58 
2528 ,  50 .  32 
2492 ,  49 .   2 
2501 ,  48 .  44 
2540 ,  49 .  74 
2554 ,  50 .  47 
2534 ,  50 .  32 
2524 ,  49 .   2 
2537 ,  49 .  31 
2528 ,  50 .  32 
2493 ,  50 .  90 
2500 ,  49 .  16 
2538 ,  49 .   2 
2549 ,  49 .  74 
2525 ,  49 .  45 
2518 ,  49 .  74 
2529 ,  48 .  58 
2521 ,  49 .  16 
2488 ,  50 .  47 
2497 ,  48 .  58 
2534 ,  49 .  16 
2547 ,  49 .  74 
2527 ,  50 .  76 
2513 ,  49 .  45 
2531 ,  49 .  60 
2520 ,  50 .  90 
2485 ,  49 .  74 
2494 ,  49 .  89 
2533 ,  49 .  31 
2545 ,  49 .  74 
2526 ,  49 .  74 
2519 ,  49 .  74 
2533 ,  49 .  16 
2524 ,  51 .  34 
2486 ,  50 .  32 
2495 ,  49 .  74 
2529 ,  48 .  58 
2542 ,  49 .  45 
2522 ,  49 .   2 
2514 ,  49 .  74 
2528 ,  49 .  45 
2519 ,  51 .  34 
2479 ,  49 .  16 
2492 ,  49 .  60 
2527 ,  48 .  58 
2541 ,  49 .  16 
2520 ,  50 .  18 
2512 ,  49 .  45 
2527 ,  49 .  31 
2516 ,  48 .  73 
2479 ,  49 .  16 
2491 ,  49 .  74 
2530 ,  50 .   3 
2541 ,  49 .   2 
2521 ,  50 .  90 
2516 ,  50 .  18 
2533 ,  49 .  16 
2519 ,  48 .  58 
2485 ,  49 .  74 
2496 ,  49 .  60 
2533 ,  50 .  32 
2543 ,  49 .   2 
2520 ,  48 .  29 
2515 ,  49 .  74 
2528 ,  49 .  74 
2520 ,  50 .  90 
2486 ,  50 .  90 
2498 ,  50 .  18 
2531 ,  48 .  15 
2543 ,  50 .  32 
2521 ,  51 .  34 
2515 ,  49 .  74 
2531 ,  49 .  60 
2517 ,  50 .  90 
2481 ,  50 .  61 
2495 ,  50 .  61 
2528 ,  49 .  31 
2540 ,  50 .  90 
2518 ,  49 .  16 
2512 ,  47 .  71 
2526 ,  49 .  74 
2512 ,  49 .  74 
2477 ,  49 .  45 
2492 ,  50 .  18 
2529 ,  49 .  31 
2541 ,  49 .  31 
2519 ,  50 .  90 
2515 ,  48 .   0 
2526 ,  50 .  32 
2516 ,  51 .  19 
2480 ,  51 .  34 
2492 ,  50 .  32 
2527 ,  49 .  16 
2539 ,  51 .  34 
2516 ,  48 .  58 
2509 ,  48 .  87 
2526 ,  49 .  16 
2511 ,  49 .  60 
2469 ,  47 .  42 
2486 ,  49 .  45 
2521 ,  49 .  45 
2532 ,  49 .   2 
2511 ,  51 .  77 
2506 ,  50 .  18 
2520 ,  50 .  76 
2508 ,  50 .  32 
2468 ,  50 .  18 
2484 ,  50 .  90 
2519 ,  50 .  47 
2532 ,  50 .  76 
2508 ,  49 .  60 
2506 ,  49 .  74 
2521 ,  49 .  16 
2510 ,  49 .  74 
2471 ,  48 .  58 
2489 ,  49 .  74 
2523 ,  50 .  47 
2531 ,  49 .  60 
2510 ,  50 .  90 
2504 ,  50 .  90 
2516 ,  49 .  60 
2507 ,  50 .  76 
2470 ,  49 .  74 
2489 ,  49 .  74 
2519 ,  49 .  74 
2534 ,  50 .  90 
2508 ,  48 .  73 
2507 ,  48 .  73 
2522 ,  48 .  58 
2508 ,  49 .  60 
2468 ,  49 .  16 
2488 ,  50 .  76 
2523 ,  49 .   2 
2531 ,  49 .  74 
2508 ,  50 .  76 
2506 ,  49 .  74 
2517 ,  49 .  16 
2506 ,  49 .  31 
2469 ,  50 .   3 
2487 ,  49 .  60 
2522 ,  49 .   2 
2533 ,  50 .  76 
2507 ,  49 .  16 
2508 ,  49 .  16 
2518 ,  48 .  44 
2502 ,  49 .   2 
2466 ,  49 .  89 
2483 ,  49 .  74 
2519 ,  49 .  45 
2528 ,  50 .  47 
2498 ,  48 .  58 
2503 ,  50 .   3 
2514 ,  50 .  18 
2502 ,  50 .  90 
2463 ,  48 .   0 
2481 ,  49 .  74 
2515 ,  50 .  47 
2524 ,  50 .  90 
2499 ,  49 .  74 
2502 ,  51 .  63 
2511 ,  49 .  74 
2496 ,  49 .   2 
2459 ,  50 .  76 
2480 ,  50 .  18 
2514 ,  50 .  18 
2521 ,  49 .  31 
2494 ,  48 .  58 
2497 ,  49 .  16 
2507 ,  50 .  32 
2496 ,  50 .  90 
2455 ,  47 .  42 
2481 ,  50 .  47 
2512 ,  48 .  87 
2519 ,  49 .  74 
2492 ,  50 .  18 
2494 ,  50 .  32 
2507 ,  50 .  18 
2494 ,  49 .  45 
2460 ,  50 .  90 
2484 ,  50 .  90 
2518 ,  50 .  18 
2524 ,  49 .  16 
2500 ,  50 .  90 
2500 ,  50 .  32 
2516 ,  48 .  15 
2500 ,  49 .  16 
2465 ,  50 .  90 
2485 ,  49 .  74 
2522 ,  49 .  74 
2528 ,  50 .  47 
2501 ,  48 .  29 
2504 ,  49 .  89 
2515 ,  49 .  74 
2498 ,  49 .  74 
2466 ,  52 .   6 
2486 ,  49 .  60 
2516 ,  50 .  32 
2523 ,  49 .  16 
2495 ,  50 .  32 
2496 ,  50 .  47 
2506 ,  49 .  16 
2491 ,  50 .  90 
2451 ,  51 .  63 
2474 ,  49 .  74 
2509 ,  50 .  32 
2515 ,  51 .  19 
2485 ,  49 .  74 
2490 ,  50 .  18 
2500 ,  49 .  16 
2482 ,  49 .  16 
2444 ,  49 .  45 
2469 ,  49 .  60 
2504 ,  50 .  18 
2508 ,  49 .  74 
2482 ,  51 .  48 
2484 ,  49 .  60 
2495 ,  49 .  16 
2481 ,  51 .  34 
2441 ,  51 .  34 
2468 ,  49 .  16 
2504 ,  50 .  32 
2509 ,  49 .  74 
2481 ,  50 .  32 
2480 ,  49 .  74 
2485 ,  49 .  16 
2467 ,  50 .  90 
2425 ,  49 .  31 
2458 ,  51 .  48 
2493 ,  50 .  90 
2495 ,  50 .  90 
2466 ,  51 .  34 
2469 ,  49 .  45 
2481 ,  49 .  74 
2465 ,  51 .  63 
2427 ,  50 .  76 
2456 ,  50 .  32 
2488 ,  49 .  74 
2493 ,  50 .  47 
2466 ,  46 .  70 
2471 ,  49 .  60 
2483 ,  49 .  74 
2467 ,  49 .  74 
2424 ,  49 .  74 
2454 ,  50 .  76 
2480 ,  49 .  74 
2475 ,  50 .  47 
2438 ,  52 .   6 
2430 ,  50 .  76 
2433 ,  49 .  74 
2410 ,  51 .  63 
2362 ,  49 .  74 
2393 ,  50 .  18 
2428 ,  50 .  47 
2433 ,  50 .  90 
2404 ,  49 .  60 
2416 ,  49 .  31 
2431 ,  49 .  45 
2418 ,  50 .  90 
2382 ,  50 .  18 
2421 ,  49 .  74 
2459 ,  50 .  18 
2465 ,  49 .  74 
2436 ,  49 .  74 
2446 ,  49 .  31 
2455 ,  49 .  74 
2439 ,  51 .  48 
2397 ,  50 .  90 
2429 ,  50 .  47 
2461 ,  49 .  31 
2460 ,  49 .  74 
2430 ,  49 .  74 
2432 ,  49 .  74 
2442 ,  49 .  16 
2419 ,  50 .  76 
2375 ,  47 .  42 
2411 ,  50 .  32 
2443 ,  49 .  60 
2441 ,  49 .  45 
2410 ,  50 .  90 
2415 ,  50 .  18 
2423 ,  49 .  74 
2406 ,  51 .  77 
2360 ,  51 .  19 
2399 ,  50 .  76 
2435 ,  50 .  18 
2437 ,  50 .  32 
2406 ,  50 .  32 
2416 ,  50 .  18 
2428 ,  49 .  74 
2411 ,  51 .  63 
2369 ,  50 .  76 
2405 ,  49 .  74 
2440 ,  50 .  32 
2442 ,  50 .   3 
2409 ,  50 .  61 
2422 ,  49 .  74 
2432 ,  49 .  16 
2413 ,  52 .   6 
2369 ,  49 .  16 
2407 ,  49 .  74 
2442 ,  50 .  47 
2445 ,  50 .  90 
2412 ,  46 .  99 
2424 ,  49 .  74 
2432 ,  50 .  18 
2413 ,  49 .  74 
2372 ,  50 .  90 
2413 ,  50 .  32 
2447 ,  49 .  74 
2448 ,  50 .  32 
2416 ,  50 .  90 
2428 ,  49 .  74 
2435 ,  50 .  32 
2417 ,  51 .  48 
2373 ,  51 .  34 
2410 ,  50 .  90 
2443 ,  49 .  74 
2447 ,  51 .  48 
2415 ,  49 .   2 
2424 ,  49 .  74 
2433 ,  49 .  74 
2412 ,  52 .   6 
2368 ,  50 .  32 
2410 ,  50 .  18 
2444 ,  49 .  74 
2445 ,  49 .  74 
2414 ,  50 .  18 
2426 ,  50 .  32 
2436 ,  50 .  32 
2414 ,  50 .  90 
2373 ,  50 .  90 
2413 ,  50 .  90 
2447 ,  50 .  32 
2449 ,  51 .  77 
2413 ,  49 .  74 
2427 ,  49 .  74 
2432 ,  49 .  45 
2415 ,  50 .   3 
2371 ,  47 .  86 
2411 ,  50 .  90 
2446 ,  50 .   3 
2447 ,  49 .  74 
2415 ,  51 .  34 
2428 ,  50 .   3 
2433 ,  49 .  74 
2412 ,  50 .  32 
2373 ,  50 .  90 
2414 ,  49 .  74 
2448 ,  50 .  18 
2449 ,  50 .  90 
2415 ,  50 .  32 
2428 ,  50 .  32 
2433 ,  49 .  74 
2410 ,  49 .  74 
2370 ,  50 .  90 
2411 ,  50 .  32 
2444 ,  50 .  76 
2443 ,  50 .  18 
2409 ,  51 .  63 
2421 ,  49 .  74 
2429 ,  50 .  32 
2407 ,  49 .  45 
2371 ,  51 .  92 
2414 ,  50 .  47 
2452 ,  49 .  60 
2454 ,  49 .  60 
2423 ,  49 .  60 
2437 ,  50 .  32 
2445 ,  50 .  76 
2423 ,  50 .   3 
2383 ,  48 .  58 
2425 ,  50 .  90 
2458 ,  50 .  18 
2457 ,  49 .  74 
2423 ,  51 .  48 
2440 ,  50 .  32 
2440 ,  49 .  16 
2419 ,  49 .  60 
2382 ,  50 .  90 
2422 ,  50 .  90 
2456 ,  50 .  32 
2458 ,  51 .  48 
2422 ,  51 .  34 
2439 ,  49 .  74 
2446 ,  49 .  74 
2423 ,  50 .  76 
2385 ,  50 .  90 
2426 ,  50 .  61 
2456 ,  50 .  61 
2458 ,  49 .  74 
2422 ,  48 .  73 
2439 ,  50 .  90 
2441 ,  49 .  60 
2418 ,  50 .  90 
2380 ,  51 .  63 
2420 ,  50 .  61 
2454 ,  49 .  60 
2453 ,  50 .  61 
2418 ,  49 .  74 
2437 ,  50 .  32 
2443 ,  49 .  31 
2416 ,  49 .  16 
2379 ,  50 .  18 
2420 ,  50 .  90 
2448 ,  50 .  90 
2445 ,  50 .  32 
2407 ,  50 .  18 
2425 ,  49 .  45 
2428 ,  50 .  90 
2397 ,  49 .  74 
2357 ,  51 .  34 
2400 ,  50 .  76 
2429 ,  48 .  58 
2425 ,  50 .  90 
2387 ,  49 .   2 
2405 ,  50 .  90 
2405 ,  49 .  74 
2375 ,  51 .  77 
2336 ,  52 .   6 
2377 ,  50 .  90 
2405 ,  50 .  32 
2400 ,  50 .  61 
2361 ,  49 .  45 
2379 ,  50 .  32 
2383 ,  50 .  32 
2353 ,  50 .  32 
2314 ,  51 .  92 
2358 ,  50 .  47 
2389 ,  50 .  90 
2385 ,  50 .  18 
2349 ,  49 .  74 
2369 ,  49 .  74 
2376 ,  52 .   6 
2340 ,  50 .  32 
2302 ,  50 .  32 
2348 ,  49 .  74 
2381 ,  49 .  74 
2379 ,  50 .  32 
2340 ,  51 .  19 
2361 ,  49 .  16 
2361 ,  50 .  18 
2332 ,  49 .  45 
2298 ,  52 .   6 
2344 ,  49 .  74 
2376 ,  50 .  18 
2373 ,  49 .  74 
2336 ,  50 .  76 
2360 ,  50 .  32 
2361 ,  50 .  18 
2335 ,  51 .  48 
2299 ,  50 .  18 
2349 ,  49 .  60 
2381 ,  49 .  74 
2378 ,  50 .  47 
2341 ,  51 .  48 
2363 ,  49 .  74 
2370 ,  50 .  18 
2345 ,  50 .  90 
2311 ,  51 .  77 
2362 ,  50 .  76 
2393 ,  50 .  32 
2390 ,  51 .  34 
2355 ,  50 .  47 
2381 ,  50 .  90 
2383 ,  49 .  60 
2355 ,  50 .  18 
2321 ,  49 .  74 
2370 ,  50 .  76 
2406 ,  50 .  90 
2399 ,  50 .  47 
2361 ,  51 .  34 
2386 ,  50 .  32 
2389 ,  49 .  45 
2364 ,  51 .  92 
2334 ,  51 .  77 
2384 ,  50 .  61 
2415 ,  50 .  18 
2414 ,  51 .  77 
2377 ,  49 .  60 
2402 ,  50 .  32 
2404 ,  50 .  32 
2382 ,  51 .  48 
2350 ,  50 .  76 
2399 ,  50 .  47 
2426 ,  49 .  74 
2420 ,  50 .  18 
2385 ,  49 .  74 
2408 ,  48 .  44 
2409 ,  50 .   3 
2384 ,  51 .  77 
2351 ,  51 .  48 
2398 ,  50 .  90 
2428 ,  50 .   3 
2425 ,  52 .   6 
2390 ,  50 .  18 
2414 ,  49 .   2 
2417 ,  50 .  61 
2390 ,  50 .  18 
2359 ,  49 .   2 
2408 ,  50 .  76 
2438 ,  50 .  18 
2431 ,  49 .  74 
2400 ,  50 .  76 
2422 ,  50 .  90 
2423 ,  50 .  47 
2396 ,  48 .  87 
2367 ,  49 .  60 
2411 ,  52 .   6 
2437 ,  49 .  60 
2432 ,  50 .  76 
2403 ,  50 .  32 
2425 ,  49 .  31 
2427 ,  50 .  32 
2400 ,  50 .  90 
2370 ,  51 .  19 
2417 ,  50 .  90 
2444 ,  49 .  74 
2436 ,  49 .  31 
2405 ,  49 .  74 
2432 ,  50 .  76 
2430 ,  49 .  74 
2404 ,  50 .  32 
2378 ,  50 .  76 
2428 ,  50 .  32 
2455 ,  49 .  74 
2452 ,  50 .  61 
2421 ,  49 .  74 
2446 ,  49 .  60 
2449 ,  51 .  48 
2421 ,  48 .  87 
2398 ,  48 .  87 
2448 ,  50 .  18 
2472 ,  50 .  18 
2461 ,  49 .  45 
2438 ,  51 .  48 
2460 ,  49 .  16 
2461 ,  49 .  74 
2438 ,  51 .  92 
2410 ,  51 .  48 
2454 ,  50 .  61 
2478 ,  49 .  74 
2471 ,  50 .  90 
2439 ,  49 .   2 
2462 ,  49 .  74 
2461 ,  49 .  60 
2433 ,  48 .  73 
2410 ,  50 .  18 
2455 ,  50 .  32 
2480 ,  49 .  74 
2469 ,  47 .  86 
2443 ,  51 .  34 
2463 ,  50 .  76 
2460 ,  50 .  18 
2435 ,  50 .  90 
2413 ,  51 .  48 
2457 ,  49 .  74 
2482 ,  50 .  76 
2471 ,  50 .  90 
2440 ,  48 .  58 
2463 ,  49 .  16 
2462 ,  50 .  61 
2433 ,  49 .  60 
2412 ,  48 .  73 
2457 ,  49 .  74 
2479 ,  50 .  32 
2474 ,  50 .  32 
2441 ,  49 .  74 
2466 ,  50 .  90 
2466 ,  49 .  74 
2435 ,  49 .  74 
2415 ,  51 .  34 
2457 ,  50 .  18 
2479 ,  49 .  60 
2472 ,  50 .  90 
2441 ,  49 .  16 
2464 ,  49 .  60 
2462 ,  50 .  61 
2433 ,  50 .  90 
2411 ,  49 .  74 
2458 ,  50 .   3 
2479 ,  49 .  74 
2466 ,  49 .  74 
2440 ,  51 .  48 
2460 ,  50 .  47 
2456 ,  50 .  32 
2432 ,  51 .  77 
2411 ,  50 .  90 
2456 ,  49 .  74 
2476 ,  50 .  18 
2464 ,  49 .  74 
2436 ,  50 .  18 
2459 ,  50 .  32 
2455 ,  49 .  74 
2427 ,  50 .  18 
2405 ,  48 .  58 
2452 ,  50 .  32 
2474 ,  50 .  61 
2461 ,  49 .  74 
2437 ,  51 .  34 
2459 ,  49 .   2 
2453 ,  48 .  58 
2426 ,  51 .  48 
2409 ,  51 .  92 
2452 ,  49 .  74 
2473 ,  50 .  32 
2462 ,  50 .  90 
2431 ,  49 .  74 
2453 ,  49 .  31 
2450 ,  50 .  32 
2422 ,  50 .  76 
2407 ,  49 .  45 
2456 ,  50 .  32 
2474 ,  49 .  60 
2462 ,  49 .  74 
2440 ,  51 .  92 
2463 ,  50 .  61 
2460 ,  49 .  60 
2435 ,  52 .   6 
2419 ,  50 .  47 
2465 ,  50 .  18 
2486 ,  49 .  74 
2474 ,  50 .  90 
2448 ,  50 .  18 
2468 ,  49 .  45 
2457 ,  49 .   2 
2428 ,  49 .  60 
2413 ,  48 .  58 
2458 ,  50 .  61 
2480 ,  50 .  47 
2464 ,  49 .  16 
2443 ,  49 .  74 
2468 ,  50 .  61 
2462 ,  48 .  73 
2436 ,  51 .  92 
2424 ,  49 .  60 
2469 ,  49 .  74 
2488 ,  50 .  47 
2472 ,  50 .  90 
2446 ,  49 .  45 
2467 ,  50 .  76 
2459 ,  50 .  61 
2429 ,  50 .  90 
2420 ,  51 .  48 
2464 ,  50 .  90 
2480 ,  49 .  74 
2465 ,  49 .  74 
2446 ,  51 .  19 
2465 ,  49 .  16 
2460 ,  49 .  16 
2430 ,  50 .  90 
2418 ,  47 .  86 
2464 ,  49 .  74 
2484 ,  50 .  76 
2470 ,  48 .  44 
2446 ,  49 .  45 
2466 ,  50 .  76 
2456 ,  50 .  61 
2425 ,  50 .  18 
2416 ,  50 .  18 
2460 ,  49 .  74 
2475 ,  49 .  74 
2462 ,  50 .  18 
2438 ,  49 .  74 
2460 ,  50 .  18 
2449 ,  50 .  32 
2420 ,  50 .  90 
2412 ,  50 .  90 
2458 ,  50 .  18 
2473 ,  49 .  60 
2461 ,  50 .  90 
2438 ,  50 .  47 
2460 ,  51 .  34 
2449 ,  50 .  32 
2420 ,  50 .  90 
2414 ,  50 .  32 
2456 ,  50 .  18 
2475 ,  50 .  18 
2456 ,  49 .  45 
2440 ,  51 .  63 
2456 ,  49 .  16 
2448 ,  50 .  76 
2414 ,  50 .  90 
2408 ,  49 .  31 
2452 ,  49 .   2 
2470 ,  49 .  74 
2456 ,  50 .  90 
2435 ,  49 .  74 
2456 ,  50 .  18 
2445 ,  49 .  74 
2409 ,  49 .  74 
2406 ,  49 .  74 
2451 ,  49 .  45 
2464 ,  50 .  76 
2444 ,  50 .  18 
2423 ,  50 .  90 
2436 ,  49 .  74 
2422 ,  50 .  32 
2384 ,  49 .  74 
2382 ,  50 .  90 
2428 ,  50 .  90 
2441 ,  49 .  74 
2427 ,  50 .  76 
2410 ,  50 .  32 
2430 ,  49 .  74 
2417 ,  49 .  74 
2383 ,  51 .  34 
2380 ,  49 .  45 
2430 ,  49 .   2 
2445 ,  51 .  34 
2425 ,  50 .  90 
2410 ,  51 .  48 
2429 ,  50 .  90 
2417 ,  49 .  74 
2384 ,  50 .  76 
2386 ,  51 .  34 
2431 ,  50 .  61 
2445 ,  49 .  16 
2431 ,  51 .  34 
2413 ,  49 .  74 
2437 ,  50 .  18 
2424 ,  49 .  60 
2388 ,  49 .  16 
2392 ,  50 .  90 
2437 ,  49 .  74 
2452 ,  49 .  74 
2434 ,  49 .  74 
2421 ,  50 .  90 
2436 ,  49 .  74 
2424 ,  50 .  90 
2389 ,  51 .  34 
2393 ,  51 .  19 
2438 ,  50 .  18 
2451 ,  49 .  60 
2432 ,  51 .  48 
2420 ,  50 .  61 
2439 ,  50 .  18 
2424 ,  49 .  60 
2388 ,  49 .  74 
2396 ,  49 .  74 
2442 ,  51 .  34 
2457 ,  50 .  90 
2433 ,  50 .  18 
2424 ,  51 .  63 
2438 ,  49 .  74 
2428 ,  50 .  90 
2392 ,  51 .  77 
2397 ,  49 .  45 
2444 ,  50 .  32 
2455 ,  50 .  47 
2437 ,  51 .  19 
2426 ,  49 .  16 
2441 ,  50 .  32 
2427 ,  49 .  74 
2389 ,  49 .  60 
2399 ,  49 .  74 
2444 ,  50 .  90 
2452 ,  49 .  74 
2429 ,  49 .  16 
2422 ,  52 .   6 
2435 ,  49 .  16 
2419 ,  50 .  18 
2381 ,  50 .  90 
2390 ,  50 .  61 
2430 ,  50 .  18 
2438 ,  49 .  60 
2412 ,  49 .  16 
2403 ,  50 .  18 
2419 ,  49 .  74 
2402 ,  49 .  60 
2364 ,  51 .  34 
2377 ,  51 .  48 
2421 ,  50 .  18 
2432 ,  49 .  16 
2412 ,  49 .  74 
2404 ,  50 .  18 
2425 ,  50 .  32 
2407 ,  49 .  16 
2363 ,  49 .  60 
2379 ,  50 .  90 
2419 ,  49 .  74 
2430 ,  49 .  74 
2407 ,  51 .  77 
2402 ,  50 .  47 
2420 ,  50 .  32 
2405 ,  49 .  74 
2367 ,  50 .  32 
2384 ,  50 .  76 
2428 ,  50 .  32 
2437 ,  49 .  74 
2413 ,  49 .  74 
2415 ,  51 .  92 
2431 ,  49 .  74 
2416 ,  49 .  60 
2374 ,  50 .  76 
2396 ,  50 .  90 
2436 ,  51 .  48 
2444 ,  49 .  60 
2426 ,  51 .  34 
2417 ,  49 .  16 
2437 ,  50 .  76 
2418 ,  50 .  47 
2380 ,  51 .  34 
2398 ,  50 .  76 
2440 ,  50 .  61 
2445 ,  49 .  60 
2418 ,  50 .  32 
2419 ,  51 .  63 
2432 ,  50 .  18 
2418 ,  50 .  61 
2377 ,  50 .  76 
2399 ,  51 .  34 
2438 ,  50 .  76 
2443 ,  49 .  74 
2421 ,  50 .  90 
2420 ,  51 .  34 
2432 ,  49 .  74 
2416 ,  49 .  74 
2376 ,  50 .  32 
2397 ,  50 .  61 
2435 ,  49 .  60 
2439 ,  49 .  74 
2415 ,  50 .  18 
2418 ,  51 .  92 
2431 ,  49 .  89 
2409 ,  49 .  74 
2374 ,  51 .  48 
2398 ,  51 .  63 
2437 ,  50 .  61 
2444 ,  50 .  76 
2418 ,  51 .  92 
2418 ,  49 .  74 
2433 ,  49 .  60 
2413 ,  50 .  32 
2373 ,  50 .  90 
2399 ,  49 .  60 
2438 ,  50 .  32 
2442 ,  49 .  45 
2416 ,  50 .  18 
2416 ,  50 .  32 
2431 ,  49 .  31 
2412 ,  50 .  18 
2372 ,  49 .  74 
2401 ,  49 .  74 
2442 ,  50 .  32 
2444 ,  50 .  32 
2420 ,  50 .  90 
2422 ,  50 .  18 
2434 ,  49 .  60 
2414 ,  50 .  18 
2373 ,  50 .  18 
2405 ,  50 .  32 
2442 ,  51 .  48 
2446 ,  50 .  47 
2419 ,  49 .  74 
2430 ,  52 .   6 
2438 ,  49 .  74 
2418 ,  50 .  18 
2379 ,  51 .  34 
2412 ,  50 .  90 
2447 ,  50 .  18 
2449 ,  49 .  74 
2421 ,  50 .  76 
2428 ,  49 .  74 
2441 ,  49 .  74 
2419 ,  49 .  60 
2382 ,  50 .  76 
2415 ,  51 .  48 
2450 ,  50 .  32 
2452 ,  49 .  60 
2419 ,  49 .  74 
2431 ,  49 .  45 
2442 ,  50 .  76 
2422 ,  50 .  32 
2383 ,  50 .  76 
2419 ,  50 .  32 
2455 ,  49 .  60 
2454 ,  49 .  60 
2426 ,  50 .  90 
2434 ,  49 .   2 
2443 ,  49 .  74 
2422 ,  50 .  32 
2377 ,  50 .  61 
2422 ,  50 .  76 
2456 ,  50 .  18 
2455 ,  49 .  60 
2427 ,  49 .  60 
2438 ,  51 .  48 
2444 ,  49 .  74 
2425 ,  50 .  32 
2385 ,  51 .  34 
2425 ,  52 .   6 
2458 ,  50 .  32 
2455 ,  49 .  74 
2424 ,  49 .  60 
2441 ,  50 .  47 
2447 ,  49 .  74 
2424 ,  50 .  47 
2387 ,  50 .  90 
2427 ,  51 .  77 
2459 ,  49 .  60 
2457 ,  49 .  74 
2427 ,  49 .  74 
2443 ,  51 .  34 
2450 ,  49 .   2 
2426 ,  50 .  18 
2391 ,  49 .  60 
2436 ,  49 .  74 
2463 ,  49 .  74 
2460 ,  49 .  16 
2430 ,  52 .   6 
2444 ,  48 .  44 
2452 ,  49 .   2 
2425 ,  49 .  60 
2389 ,  49 .  74 
2435 ,  50 .  61 
2464 ,  50 .  18 
2458 ,  50 .  18 
2424 ,  50 .  90 
2445 ,  49 .  16 
2452 ,  48 .  73 
2427 ,  49 .  74 
2392 ,  50 .  90 
2438 ,  50 .  18 
2463 ,  50 .  47 
2460 ,  50 .  18 
2431 ,  51 .  92 
2444 ,  49 .  74 
2451 ,  49 .  45 
2426 ,  50 .  76 
2392 ,  50 .  90 
2434 ,  49 .  31 
2468 ,  49 .  74 
2464 ,  50 .  76 
2428 ,  49 .  16 
2448 ,  50 .  90 
2456 ,  49 .  74 
2426 ,  49 .  74 
2396 ,  51 .  48 
2438 ,  50 .  18 
2471 ,  49 .  60 
2461 ,  49 .  74 
2432 ,  51 .  92 
2449 ,  50 .  18 
2452 ,  49 .  16 
2434 ,  51 .  48 
2400 ,  50 .  90 
2443 ,  49 .  60 
2474 ,  50 .  18 
2463 ,  48 .  58 
2430 ,  49 .  74 
2451 ,  51 .  48 
2454 ,  49 .  74 
2425 ,  48 .  58 
2389 ,  50 .  90 
2434 ,  49 .   2 
2466 ,  49 .  60 
2455 ,  49 .  60 
2426 ,  51 .  34 
2444 ,  48 .  58 
2445 ,  49 .  60 
2418 ,  50 .  47 
2388 ,  51 .  48 
2433 ,  49 .  31 
2467 ,  49 .  74 
2456 ,  49 .  74 
2425 ,  49 .  74 
2447 ,  49 .  74 
2447 ,  49 .  60 
2422 ,  50 .  76 
2398 ,  51 .  92 
2439 ,  51 .  63 
2462 ,  50 .  32 
2452 ,  50 .  76 
2421 ,  50 .  90 
2439 ,  49 .  74 
2438 ,  49 .  60 
2401 ,  50 .  47 
2372 ,  50 .  18 
2418 ,  50 .  18 
2441 ,  50 .  32 
2430 ,  50 .  18 
2393 ,  49 .  60 
2416 ,  50 .  90 
2416 ,  49 .  74 
2380 ,  49 .  74 
2356 ,  51 .  92 
2404 ,  51 .  92 
2427 ,  49 .  60 
2412 ,  49 .  74 
2378 ,  51 .  48 
2395 ,  50 .  76 
2391 ,  49 .  31 
2354 ,  49 .  74 
2325 ,  50 .  18 
2377 ,  50 .  90 
2403 ,  49 .  74 
2391 ,  50 .  76 
2362 ,  50 .  18 
2386 ,  49 .  16 
2390 ,  50 .  32 
2361 ,  49 .  74 
2343 ,  50 .  90 
2393 ,  50 .  18 
2423 ,  49 .  74 
2411 ,  49 .  74 
2382 ,  49 .  89 
2407 ,  49 .  74 
2405 ,  49 .  74 
2370 ,  50 .  76 
2349 ,  49 .  74 
2399 ,  49 .  60 
2427 ,  50 .  47 
2414 ,  49 .  45 
2384 ,  50 .  76 
2406 ,  50 .  76 
2403 ,  49 .  74 
2369 ,  49 .  60 
2354 ,  51 .  63 
2401 ,  51 .  77 
2424 ,  50 .  18 
2407 ,  50 .  47 
2382 ,  51 .  34 
2398 ,  50 .  76 
2395 ,  50 .  76 
2358 ,  49 .  16 
2345 ,  51 .  48 
2388 ,  50 .  32 
2412 ,  50 .  61 
2400 ,  50 .  32 
2373 ,  50 .  47 
2399 ,  51 .  63 
2394 ,  49 .  74 
2361 ,  49 .  31 
2349 ,  49 .  16 
2400 ,  51 .  77 
2424 ,  49 .  74 
2413 ,  49 .  74 
2390 ,  50 .  90 
2412 ,  48 .  87 
2407 ,  49 .  45 
2374 ,  50 .  61 
2362 ,  49 .  74 
2412 ,  49 .   2 
2433 ,  49 .  74 
2419 ,  50 .  18 
2400 ,  48 .  58 
2426 ,  49 .  31 
2420 ,  49 .  74 
2390 ,  49 .  74 
2384 ,  50 .  90 
2430 ,  48 .   0 
2452 ,  49 .   2 
2438 ,  50 .  76 
2417 ,  50 .  90 
2435 ,  49 .  45 
2431 ,  49 .   2 
2393 ,  50 .  18 
2389 ,  50 .  90 
2437 ,  51 .  34 
2455 ,  49 .   2 
2441 ,  50 .  76 
2418 ,  47 .  42 
2443 ,  51 .  34 
2431 ,  49 .  74 
2397 ,  50 .  76 
2389 ,  51 .  34 
2438 ,  51 .  77 
2456 ,  46 .  26 
2436 ,  49 .  74 
2418 ,  48 .  73 
2437 ,  47 .  42 
2429 ,  49 .  74 
2395 ,  50 .  76 
2389 ,  47 .  28 
2437 ,  48 .   0 
2456 ,  48 .  73 
2437 ,  50 .  61 
2421 ,  47 .  13 
2446 ,  51 .  34 
2435 ,  48 .   0 
2400 ,  47 .  42 
2398 ,  51 .  48 
2443 ,  49 .  74 
2460 ,  47 .  42 
2442 ,  49 .  89 
2427 ,  51 .  63 
2444 ,  45 .  10 
2434 ,  46 .  70 
2395 ,  50 .  18 
2396 ,  51 .  48 
2438 ,  45 .  54 
2453 ,  47 .  28 
2432 ,  50 .  32 
2418 ,  46 .  26 
2437 ,  46 .  84 
2425 ,  48 .  58 
2390 ,  50 .  18 
2396 ,  50 .  90 
2440 ,  51 .  48 
2457 ,  46 .  26 
2440 ,  46 .  12 
2426 ,  50 .  90 
2445 ,  46 .  26 
2435 ,  46 .  99 
2399 ,  49 .  60 
2401 ,  49 .  16 
2450 ,  46 .  99 
2463 ,  48 .  44 
2441 ,  49 .  74 
2428 ,  44 .  52 
2451 ,  51 .  34 
2439 ,  49 .  74 
2401 ,  49 .  74 
2405 ,  48 .  87 
2451 ,  50 .  76 
2466 ,  44 .   9 
2445 ,  46 .  12 
2433 ,  51 .  34 
2451 ,  45 .  83 
2437 ,  45 .  10 
2397 ,  49 .  74 
2406 ,  51 .  63 
2448 ,  50 .  90 
2455 ,  50 .  32 
2434 ,  50 .  47 
2423 ,  42 .  78 
2445 ,  50 .  76 
2430 ,  43 .  80 
2392 ,  50 .  90 
2403 ,  51 .  34 
2445 ,  45 .  10 
2462 ,  44 .  23 
2436 ,  50 .  76 
2431 ,  50 .  90 
2448 ,  41 .   4 
2434 ,  45 .  54 
2398 ,  49 .  60 
2406 ,  43 .  36 
2447 ,  42 .  64 
2460 ,  44 .   9 
2435 ,  49 .  74 
2428 ,  45 .  10 
2451 ,  52 .   6 
2434 ,  45 .  10 
2396 ,  50 .  18 
2410 ,  50 .  76 
2450 ,  45 .  10 
2464 ,  46 .  26 
2437 ,  50 .  18 
2436 ,  51 .  34 
2450 ,  49 .  74 
2438 ,  50 .  90 
2395 ,  49 .  74 
2411 ,  44 .  38 
2451 ,  45 .  10 
2462 ,  43 .  80 
2444 ,  51 .  77 
2433 ,  42 .   6 
2450 ,  43 .  80 
2436 ,  45 .  68 
2398 ,  50 .  47 
2417 ,  51 .  19 
2454 ,  43 .  80 
2464 ,  41 .  48 
2436 ,  49 .  74 
2434 ,  51 .  92 
2450 ,  43 .  65 
2432 ,  46 .  26 
2392 ,  49 .  60 
2413 ,  42 .  64 
2450 ,  43 .  94 
2459 ,  45 .  68 
2432 ,  50 .  47 
2430 ,  44 .  52 
2447 ,  43 .  22 
2427 ,  41 .  62 
2385 ,  49 .  16 
2412 ,  51 .  92 
2450 ,  51 .  34 
2452 ,  42 .  78 
2425 ,  50 .  76 
2427 ,  51 .  63 
2439 ,  42 .  78 
2425 ,  51 .  48 
2383 ,  45 .  54 
2409 ,  51 .  48 
2448 ,  50 .  90 
2452 ,  42 .  78 
2427 ,  51 .  48 
2427 ,  44 .  52 
2441 ,  41 .  62 
2424 ,  42 .  78 
2383 ,  50 .  18 
2412 ,  51 .  77 
2452 ,  51 .  34 
2455 ,  42 .  78 
2419 ,  48 .  58 
2425 ,  43 .  80 
2440 ,  42 .  20 
2418 ,  43 .  22 
2377 ,  49 .  74 
2406 ,  46 .  70 
2444 ,  42 .  78 
2452 ,  42 .  78 
2422 ,  50 .  18 
2427 ,  42 .  78 
2445 ,  50 .  90 
2423 ,  50 .  61 
2384 ,  50 .  90 
2421 ,  50 .  90 
2462 ,  50 .  90 
2466 ,  43 .  36 
2442 ,  50 .  18 
2454 ,  51 .  48 
2465 ,  44 .  96 
2449 ,  42 .  20 
2413 ,  50 .  47 
2451 ,  50 .  90 
2482 ,  50 .  32 
2490 ,  45 .  68 
2461 ,  49 .  60 
2473 ,  42 .  78 
2489 ,  43 .  80 
2472 ,  44 .  38 
2432 ,  49 .   2 
2475 ,  51 .  34 
2512 ,  50 .  90 
2517 ,  43 .  80 
2493 ,  49 .  74 
2510 ,  42 .  78 
2527 ,  42 .  20 
2513 ,  42 .   6 
2485 ,  49 .  16 
2524 ,  44 .   9 
2556 ,  41 .  62 
2561 ,  42 .  20 
2535 ,  48 .  58 
2546 ,  42 .  64 
2560 ,  50 .  18 
2540 ,  42 .  20 
2509 ,  49 .  74 
2546 ,  43 .  80 
2578 ,  42 .  78 
2580 ,  41 .  62 
2557 ,  49 .  16 
2572 ,  50 .  18 
2577 ,  43 .  65 
2563 ,  44 .   9 
2530 ,  49 .  74 
2564 ,  50 .  32 
2592 ,  50 .  76 
2585 ,  49 .  60 
2559 ,  50 .  90 
2568 ,  43 .  80 
2577 ,  43 .  36 
2557 ,  44 .   9 
2528 ,  49 .  74 
2566 ,  48 .  44 
2588 ,  42 .  64 
2590 ,  43 .  22 
2565 ,  49 .  31 
2580 ,  42 .  20 
2592 ,  45 .  25 
2576 ,  42 .  64 
2549 ,  49 .  60 
2586 ,  44 .   9 
2608 ,  43 .  94 
2603 ,  44 .  23 
2575 ,  46 .  99 
2588 ,  44 .  52 
2595 ,  50 .  18 
2576 ,  44 .  23 
2546 ,  49 .  60 
2581 ,  43 .  80 
2609 ,  48 .  87 
2602 ,  44 .   9 
2574 ,  49 .   2 
2590 ,  49 .  60 
2591 ,  44 .  23 
2570 ,  43 .  94 
2540 ,  49 .  74 
2575 ,  49 .  60 
2600 ,  49 .  74 
2589 ,  48 .  73 
2559 ,  49 .  16 
2574 ,  45 .  68 
2581 ,  50 .  47 
2557 ,  43 .  80 
2530 ,  49 .  16 
2571 ,  50 .   3 
2594 ,  49 .  74 
2587 ,  45 .  68 
2561 ,  49 .  74 
2577 ,  50 .  61 
2578 ,  45 .  54 
2556 ,  45 .  10 
2529 ,  48 .  87 
2568 ,  45 .  54 
2592 ,  50 .  32 
2585 ,  45 .  10 
2554 ,  50 .  18 
2571 ,  46 .  26 
2573 ,  45 .  54 
2550 ,  45 .  10 
2527 ,  49 .   2 
2566 ,  50 .  90 
2591 ,  49 .  60 
2581 ,  46 .  26 
2555 ,  50 .  18 
2573 ,  49 .  74 
2574 ,  45 .  68 
2555 ,  45 .  83 
2529 ,  49 .  60 
2571 ,  50 .  32 
2594 ,  46 .  70 
2589 ,  44 .  52 
2562 ,  49 .  60 
2581 ,  45 .  54 
2582 ,  50 .  18 
2562 ,  50 .  90 
2535 ,  46 .  12 
2572 ,  46 .  26 
2598 ,  50 .  90 
2587 ,  45 .  83 
2559 ,  48 .  58 
2578 ,  49 .  45 
2578 ,  47 .  28 
2556 ,  46 .  26 
2534 ,  49 .  74 
2572 ,  46 .  26 
2593 ,  46 .  26 
2590 ,  47 .  42 
2561 ,  48 .  58 
2580 ,  47 .  13 
2579 ,  46 .  84 
2555 ,  46 .  70 
2536 ,  45 .  68 
2573 ,  50 .   3 
2598 ,  49 .  74 
2581 ,  46 .  26 
2555 ,  49 .  74 
2575 ,  50 .  90 
2569 ,  47 .  28 
2545 ,  46 .  26 
2526 ,  50 .   3 
2566 ,  50 .  76 
2587 ,  46 .  26 
2574 ,  50 .  18 
2549 ,  49 .  74 
2567 ,  46 .  26 
2566 ,  47 .  28 
2537 ,  47 .  28 
2521 ,  49 .  16 
2564 ,  49 .  74 
2583 ,  49 .  31 
2571 ,  47 .  28 
2546 ,  48 .  44 
2565 ,  49 .  60 
2563 ,  47 .  13 
2535 ,  47 .  4